frame.len
1474
1474
1474
54
1474
1474
54
1474
1474
1474
1474
54
1474
54
1474
1474
1474
54
1474
54
1474
1474
1474
1474
1474
54
1474
1474
1474
1474
54
1474
1474
54
1474
1474
54
1474
1474
1474
54
1474
1474
1474
54
1474
1474
1474
54
1474
1474
1474
54
1474
1474
54
1474
1474
54
1474
1474
1474
1474
54
1474
54
1474
1474
1474
1474
1474
54
1474
54
1474
1474
1474
1474
1474
1474
1474
1474
54
1474
1474
1474
1474
1474
1474
1474
1474
1474
54
1474
1474
54
1474
155
54
1474
1474
1474
1474
1474
1474
54
1474
1474
54
1474
1474
54
54
1474
1474
54
1474
1474
1474
1474
1474
1474
1474
54
1474
54
1474
1474
1474
54
1474
1474
1474
54
1474
1474
1474
1474
54
1474
1474
1474
1474
1474
1474
1474
1474
1474
1474
1474
1474
1474
1474
54
54
1474
1474
1474
1474
1474
1474
1474
1474
1474
1474
1474
54
1474
1474
1474
1474
1474
1474
1474
1474
1474
1474
1474
1474
1474
1474
1474
1474
1474
54
1474
1474
1474
1474
1474
1474
1474
1474
54
54
1474
1474
54
1474
1474
54
1474
1474
54
1474
1474
1474
1474
54
1474
1474
1474
1474
1474
1474
54
1474
1474
54
1474
1474
1474
1474
54
1474
1474
1474
1474
54
1474
1474
1474
1474
54
1474
1474
1474
54
1474
1474
54
1474
1474
1474
54
1474
1474
1474
1474
1474
1474
1474
1474
1474
1474
1474
1474
1474
1474
54
1474
1474
1474
1474
1474
1474
1474
1474
54
1474
1474
1474
1474
1474
1474
54
1474
1474
54
1474
1474
1474
1474
54
1474
1474
54
1474
1474
54
1474
1474
54
1474
1474
54
1474
1474
54
1474
1474
1474
54
1474
1474
1474
54
1474
1474
1474
1474
54
54
1474
1474
1474
1474
1474
54
1474
1474
1474
1474
54
1474
1474
1474
1474
1474
54
1474
1474
1474
1474
1474
1474
1474
66
66
66
54
1474
1474
1474
1474
1474
1474
1474
66
66
66
66
66
66
66
1474
1474
1474
1474
1474
1474
1474
66
66
66
66
66
66
66
1474
1474
1474
1474
1474
1474
1474
66
54
1474
1474
1474
1474
1474
1474
54
1474
1474
1474
1474
1474
1474
1474
1474
66
66
66
66
54
1474
1474
1474
1474
1474
1474
66
66
54
1474
1474
54
1474
1474
54
1474
1474
54
1474
1474
54
1474
1474
1474
1474
54
1474
1474
54
1474
1474
1474
1474
1474
1474
1474
54
1474
54
1474
1474
54
1474
1474
1474
54
1474
1474
1474
1474
54
1474
1474
54
1474
1474
54
1474
1474
1474
54
1474
1474
1474
1474
54
1474
1474
54
1474
1474
54
1474
1474
1474
1474
1474
1474
54
1474
1474
1474
1474
54
1474
1474
1474
54
1474
1474
54
1474
54
1474
1474
54
1474
1474
1474
1474
54
1474
1474
54
1474
1474
1474
54
1474
1474
1474
54
1474
1474
1474
54
1474
1474
1474
54
1474
1474
1474
1474
54
1474
1474
1474
1474
1474
1474
1474
1474
54
1474
1474
1474
1474
1474
1474
1474
1474
1474
66
66
66
54
54
1474
1474
1474
1474
1474
1474
1474
1474
1474
54
1474
1474
1474
1474
1474
1474
1474
1474
1474
1474
1474
54
1474
1474
54
1474
1474
54
1474
1474
1474
1474
1474
54
1474
1474
1474
1474
54
1474
1474
1474
1474
1474
1474
1474
1474
1474
1474
1474
1474
1474
1474
54
54
1474
1474
1474
1474
54
1474
1474
1474
1474
1474
1474
54
1474
1474
54
1474
1474
1474
54
1474
1474
1474
54
54
1474
1474
1474
54
1474
54
1474
1474
54
1474
1474
1474
1474
1474
1474
1474
1474
54
1474
1474
54
1474
1474
1474
54
1474
1474
1474
54
1474
1474
1474
54
1474
1474
1474
1474
1474
54
1474
1474
1474
1474
1474
54
1474
1474
1474
1474
1474
54
54
1474
1474
1474
1474
54
1474
1474
1474
1474
1474
1474
54
54
1474
1474
1474
1474
1474
54
1474
1474
1474
1474
1474
1474
54
54
1474
1474
1474
1474
1474
54
1474
1474
54
1474
1474
1474
54
1474
1474
1474
1474
54
1474
54
1474
1474
54
1474
1474
1474
54
1474
1474
54
1474
1474
1474
54
1474
1474
1474
1474
54
1474
1474
1474
1474
1474
54
54
1474
1474
1474
54
1474
1474
1474
1474
1474
54
1474
1474
1474
1474
54
1474
1474
1474
54
1474
1474
1474
54
1474
1474
1474
54
1474
1474
54
1474
1474
54
1474
1474
1474
1474
54
1474
1474
1474
1474
54
1474
1474
1474
1474
1474
54
54
1474
1474
1474
1474
1474
1474
54
1474
1474
1474
1474
1474
1474
1474
1474
54
54
1474
1474
1474
1474
1474
54
54
1474
1474
1474
1474
54
1474
1474
1474
1474
54
1474
1474
1474
1474
1474
54
1474
54
1474
1474
1474
809
54
54
1474
1474
1474
54
1474
1474
1474
54
1474
1474
1474
1474
1474
54
1474
1474
1474
1474
1474
1474
54
1474
1474
1474
1474
1474
1474
1474
1474
1474
1474
1474
54
1474
1474
54
1474
1474
1474
54
1474
1474
54
1474
1474
1474
54
1474
1474
1474
1474
1474
1474
1474
1474
1474
54
1474
1474
1474
1474
1474
54
1474
1474
1474
1474
1474
1474
1474
1474
1474
1474
54
1474
1474
1474
1474
1474
1474
1474
1474
1474
1474
1474
1474
54
1474
1474
1474
1474
1474
54
1474
1474
1474
1474
1474
1474
1474
1474
1474
54
54
1474
1474
1474
1474
1474
1474
1474
1474
1474
1474
1474
1474
54
1474
1474
1474
1474
1474
1474
1474
54
1474
54
1474
1474
54
1474
1474
1474
54
1474
1474
54
1474
54
1474
1474
54
1474
1474
1474
1474
1474
1474
1474
1474
54
1474
1474
54
1474
1474
54
1474
1474
54
1474
1474
1474
1474
54
1474
1474
54
1474
1474
54
1474
1474
54
1474
1474
54
1474
1474
54
1474
1474
54
1474
1474
1474
54
1474
1474
1474
54
1474
1474
1474
54
1474
1474
1474
54
1474
1474
54
1474
1474
1474
1474
1474
1474
1474
1474
1474
1474
1474
1474
1474
1474
1474
1474
54
1474
1474
54
1474
1474
54
1474
1474
1474
1474
1474
1474
54
1474
1474
1474
1474
1474
54
1474
1474
1474
1474
1474
54
1474
1474
1474
1474
54
1474
1474
1474
1474
54
1474
1474
1474
1474
54
1474
1474
1474
1474
1474
54
1474
1474
1474
54
1474
1474
1474
1474
54
1474
1474
1474
1474
1474
54
1474
1474
1474
1474
54
1474
1474
1474
1474
1474
1474
1474
1474
1474
54
1474
1474
1474
1474
1474
1474
1474
1474
54
1474
1474
1474
1474
1474
1474
1474
66
66
66
66
66
66
1474
1474
1474
1474
1474
1474
74
74
82
90
90
90
1474
1474
1474
1474
1474
1474
90
90
74
82
54
1474
1474
1474
1474
1474
1474
1474
54
1474
1474
1474
1474
1474
1474
1474
54
1474
1474
1474
1474
1474
1474
54
1474
1474
54
1474
82
1474
82
1474
1474
1474
82
82
82
1474
1474
1474
1474
82
82
82
82
1474
1474
1474
82
82
82
1474
1474
1474
1474
82
82
82
82
1474
1474
1474
1474
1474
1474
82
82
82
82
82
82
1474
1474
1474
1474
82
82
82
82
1474
1474
1474
1474
1474
82
82
82
82
82
1474
82
1474
1474
54
1474
1474
1474
1474
1474
1474
54
1474
1474
1474
1474
54
1474
1474
1474
1474
54
1474
1474
1474
1474
54
1474
1474
1474
1474
54
1474
82
1474
1474
1474
82
82
82
1474
1474
82
82
1474
1474
1474
1474
82
82
82
82
1474
1474
1474
1474
82
82
82
82
1474
1474
1474
1474
1474
82
82
82
82
82
1474
1474
82
82
1474
1474
1474
82
82
82
1474
1474
1474
1474
1474
1474
1474
1474
1474
1474
1474
82
82
82
82
82
82
82
82
82
82
82
1474
1474
1474
1474
1474
1474
1474
1474
1474
1474
1474
1474
82
82
82
82
82
82
82
82
90
90
90
90
1474
1474
1474
1474
1474
1474
1474
1474
1474
90
90
90
90
90
90
90
90
90
1474
90
1474
1474
1474
54
1474
1474
1474
1474
54
1474
1474
1474
54
1474
1474
1474
1474
1474
54
1474
54
1474
1474
1474
54
1474
1474
54
1474
54
1474
1474
54
1474
90
1474
90
1474
1474
82
82
1474
1474
1474
82
82
82
1474
1474
1474
1474
82
82
82
82
1474
1474
1474
1474
1474
82
82
82
82
82
1474
1474
1474
1474
1474
82
82
82
82
82
1474
82
1474
1474
1474
1474
1474
1474
1474
1474
1474
1474
1474
1474
1474
1474
1474
1474
82
82
82
82
82
82
82
82
82
82
82
82
54
1474
1474
1474
1474
1474
1474
54
1474
1474
1474
1474
1474
1474
1474
1474
1474
1474
54
1474
1474
1474
1474
1474
1474
1474
1474
1474
1474
1474
82
82
82
82
82
82
82
54
1474
1474
1474
1474
1474
1474
1474
1474
1474
1474
82
82
82
82
82
82
82
82
82
82
1474
1474
1474
1474
1474
1474
82
82
82
74
74
74
1474
1474
74
74
1474
1474
1474
74
66
54
54
1474
1474
1474
1474
1474
1474
1474
1474
1474
1474
82
82
82
90
90
90
82
82
54
1474
1474
1474
82
82
82
1474
82
1474
1474
54
1474
1474
54
1474
1474
1474
1474
1474
1474
1474
1474
1474
1474
54
1474
1474
54
1474
1474
54
1474
1474
54
1474
1474
54
1474
1474
1474
54
1474
1474
1474
54
1474
1474
1474
54
1474
1474
1474
1474
54
1474
1474
1474
1474
1474
1474
1474
1474
1474
1474
1474
54
1474
1474
54
1474
1474
54
1474
1474
54
1474
1474
54
1474
1474
1474
54
1474
1474
1474
54
1474
1474
1474
54
1474
1474
1474
1474
54
1474
1474
1474
1474
54
1474
1474
1474
1474
54
1474
1474
1474
1474
1474
1474
1474
1474
1474
1474
54
1474
1474
1474
1474
1474
1474
1474
1474
54
54
1474
1474
1474
1474
1474
1474
1474
54
1474
1474
1474
1474
1474
1474
1474
1474
54
1474
1474
1474
1474
1474
1474
1474
1474
82
82
82
74
74
54
1474
1474
1474
1474
1474
1474
1474
1474
1474
1474
1474
66
66
66
66
66
66
54
54
54
1474
54
1474
1474
54
1474
1474
54
1474
1474
1474
1474
1474
54
1474
1474
1474
1474
1474
54
1474
1474
54
1474
1474
1474
1474
1474
1474
54
1474
1474
1474
54
1474
1474
54
1474
1474
1474
1474
54
1474
1474
1474
1474
54
1474
1474
54
1474
1474
1474
1474
54
1474
1474
1474
1474
1474
54
1474
1474
54
1474
1474
54
1474
1474
1474
54
1474
1474
1474
1474
1474
1474
1474
54
1474
1474
1474
1474
54
1474
1474
1474
1474
1474
54
1474
54
1474
1474
1474
54
1474
1474
1474
1474
54
1474
1474
1474
1474
1474
54
1474
1474
1474
1474
1474
54
54
1474
1474
1474
1474
1474
54
54
1474
1474
54
1474
1474
1474
54
1474
1474
54
1474
1474
1474
54
1474
1474
54
1474
1474
1474
1474
1474
1474
1474
1474
1474
1474
54
54
54
1474
1474
54
1474
1474
1474
1474
1474
1474
1474
1474
54
1474
54
1474
1474
54
1474
1474
1474
1474
1474
1474
54
1474
1474
1474
1474
1474
1474
1474
1474
54
1474
1474
1474
54
1474
1474
1474
54
1474
1474
54
1474
1474
1474
54
1474
1474
1474
54
1474
1474
1474
54
1474
1474
54
1474
1474
54
1474
1474
54
1474
1474
54
1474
1474
54
1474
1474
54
1474
1474
54
1474
1474
1474
1474
1474
1474
1474
1474
54
1474
1474
1474
1474
1474
1474
1474
1474
1474
1474
1474
1474
1474
1474
1474
1474
1474
1474
1474
1474
1474
1474
1474
1474
1474
1474
1474
54
1474
1474
1474
54
1474
1474
1474
1474
1474
1474
1474
1474
1474
1474
1474
1474
1474
1474
1474
1474
1474
1474
1474
1474
1474
1474
66
66
66
66
66
66
54
54
1474
1474
1474
1474
1474
1474
1474
1474
1474
1474
54
1474
54
1474
1474
1474
54
1474
1474
1474
54
1474
1474
1474
54
1474
54
1474
1474
54
1474
1474
1474
1474
54
1474
1474
54
1474
1474
1474
1474
1474
1474
1474
54
1474
54
1474
66
1474
66
1474
1474
1474
54
1474
54
1474
66
1474
66
1474
66
1474
66
1474
66
1474
1474
1474
66
66
66
1474
1474
1474
66
66
66
1474
1474
66
66
1474
1474
1474
1474
66
66
66
66
1474
1474
1474
66
66
66
1474
1474
1474
1474
66
66
66
66
1474
1474
66
66
1474
1474
1474
1474
66
66
66
66
1474
1474
1474
66
66
66
1474
1474
1474
66
66
66
1474
1474
66
66
1474
1474
66
66
1474
1474
1474
1474
1474
1474
1474
1474
66
66
66
66
66
66
66
66
1474
1474
1474
1474
1474
1474
1474
66
74
82
82
82
82
90
1474
1474
1474
1474
1474
90
90
90
90
1474
1474
1474
90
54
1474
1474
1474
1474
1474
1474
66
1474
66
1474
66
1474
66
1474
1474
66
66
1474
1474
1474
1474
1474
1474
66
66
66
66
66
66
1474
1474
1474
1474
1474
1474
66
66
66
66
66
66
1474
66
1474
66
1474
66
1474
1474
66
66
1474
1474
66
66
1474
1474
1474
66
66
66
1474
66
1474
66
1474
1474
66
66
1474
1474
1474
1474
1474
66
66
66
66
66
1474
1474
1474
66
66
66
1474
1474
1474
1474
66
66
66
66
1474
90
1474
90
1474
1474
1474
90
90
90
1474
1474
1474
90
90
90
1474
90
1474
90
1474
1474
90
90
1474
1474
1474
1474
1474
1474
1474
1474
1474
1474
90
90
90
90
90
90
90
90
90
90
1474
1474
1474
1474
1474
1474
1474
1474
90
90
90
90
90
90
90
90
1474
1474
1474
1474
90
90
90
90
1474
1474
1474
1474
1474
1474
1474
1474
1474
1474
90
90
90
90
82
82
74
74
74
74
1474
1474
1474
1474
1474
1474
1474
1474
1474
1474
1474
74
74
74
66
66
66
66
66
66
74
74
1474
74
1474
1474
74
74
1474
1474
1474
1474
1474
74
74
74
74
74
1474
66
1474
66
1474
66
1474
66
1474
54
1474
1474
1474
54
1474
1474
1474
54
1474
1474
54
1474
54
1474
1474
54
1474
1474
54
1474
1474
1474
54
1474
54
1474
1474
54
1474
1474
54
1474
1474
54
1474
1474
54
1474
1474
54
1474
66
1474
66
1474
54
1474
1474
1474
54
1474
1474
54
1474
1474
1474
1474
54
1474
1474
54
1474
1474
1474
54
1474
1474
1474
1474
54
1474
1474
1474
54
1474
1474
54
1474
1474
54
1474
1474
1474
54
1474
1474
54
1474
1474
1474
1474
54
1474
1474
54
1474
1474
54
1474
1474
1474
1474
1474
54
1474
1474
1474
54
1474
1474
1474
66
66
1474
1474
54
1474
54
1474
1474
1474
54
1474
1474
54
1474
54
54
1474
1474
1474
1474
54
1474
1474
1474
1474
1474
54
1474
54
1474
1474
1474
54
66
1474
1474
54
66
66
1474
1474
54
1474
1474
54
1474
1474
1474
54
1474
1474
54
1474
54
66
54
66
54
258
258
54
54
1474
1474
54
1474
1474
1474
54
1474
1474
1474
1474
54
1474
1474
54
1474
54
1474
1474
1474
54
1474
1474
1474
1474
1474
54
1474
1474
1474
1474
54
1474
1474
1474
1474
54
1474
1474
54
1474
1474
54
1474
1474
1474
54
1474
1474
54
1474
1474
1474
54
1474
1474
54
1474
1474
1474
54
1474
66
54
54
259
1474
1474
54
1474
1474
54
1474
1474
54
1474
1474
54
1474
682
1474
351
1474
1474
54
54
1474
682
1474
351
54
1474
1474
54
351
66
345
345
1474
1474
1474
1474
1474
54
1474
54
1474
1474
1474
1474
1474
1474
54
1474
1474
54
54
1474
1474
54
1310
169
54
345
54
54
107
104
96
107
104
96
593
173
432
1474
1474
54
54
1474
1474
54
1474
1474
54
54
1474
1474
54
1474
1474
1474
1474
54
54
54
1474
1474
54
1474
1474
54
1474
1474
54
1474
1474
1474
54
1474
1474
1474
54
1474
1474
54
1474
1474
1474
54
1474
1474
1474
1474
1474
1474
1474
1474
1474
54
1474
1474
1474
1474
1474
1474
54
1474
1474
348
152
348
152
1474
54
54
54
92
1474
54
152
66
1474
1474
54
1474
1474
54
1474
1474
1474
54
1474
152
1474
66
54
1474
1474
1474
1474
1474
1474
1474
54
1474
1474
1474
1474
92
54
54
348
110
96
54
92
54
92
1474
1474
231
100
54
54
100
54
100
66
515
1474
1474
371
1474
1474
178
1474
682
826
1474
682
1474
816
1474
682
1474
1474
1474
1474
1474
1474
1474
1474
1474
1474
1474
1474
54
54
54
1474
1474
1474
1474
54
1474
1474
1474
54
1474
1474
1474
1474
54
1474
1474
1474
54
1474
1474
1474
1474
54
1474
1474
1474
1474
54
1474
1474
1474
1474
54
54
1474
54
1474
1474
1474
54
1474
1474
54
1474
1474
1474
54
54
1474
1474
1474
1474
1474
1474
1474
1474
1474
1474
54
1474
1474
1474
1474
1474
1474
54
1474
1474
1474
1474
54
54
1474
1474
54
1474
1474
54
1474
1474
54
1474
1474
54
54
1474
1474
54
1474
1474
54
1474
1474
1474
54
1474
1474
1474
54
1474
1474
1474
54
1474
1474
54
1474
1474
1474
54
1474
54
1474
1474
54
1474
1474
1474
1474
54
1474
1474
1474
54
1474
1474
1474
54
1474
54
1474
1474
54
1474
1474
54
1474
1474
54
1474
1474
54
1474
1474
818
54
1474
1474
54
1474
54
1474
1474
710
54
1474
1474
54
1474
54
1474
1474
54
1474
1474
54
1474
83
54
100
1474
407
54
1474
1474
54
1474
1474
54
1474
1474
1474
54
1474
465
54
1474
1474
54
1474
1474
1474
1474
1474
1474
1474
54
1474
54
1474
1474
54
1474
1474
54
1474
1474
54
1474
1474
54
1474
54
1474
1474
54
1474
1474
1474
1474
54
1474
1474
54
1474
1474
1474
54
1474
1474
1474
1474
54
1474
1474
1474
54
1474
54
1474
1474
54
1474
1474
1474
1474
1474
1474
1474
1474
1474
54
1474
1474
1474
54
1474
1474
1474
54
1474
1474
1474
1474
1474
54
54
1474
1474
1474
1474
1474
1474
1474
1474
54
54
1474
1474
1474
1474
1474
1474
1474
1474
1474
54
1474
1474
1474
1474
1474
1474
1474
1474
1474
1474
1474
1474
54
54
54
1120
54
100
1474
1474
54
1474
1474
1474
1474
1474
1474
54
1474
1474
1474
54
1474
54
54
1474
1474
54
1474
1474
54
1474
1474
1474
54
1474
1474
1474
1474
1474
1474
1474
1474
1474
54
1474
1474
1474
1474
54
1474
1474
54
1474
1474
1474
1474
1474
1474
1474
54
1474
1474
1474
1474
1474
1474
1474
54
54
1474
1474
1474
1474
1474
1474
54
1474
1474
1474
1474
1474
54
1474
1474
1474
1474
1474
54
1474
1474
1474
1474
1474
54
54
1474
54
1474
1474
1474
54
1474
1474
1474
1474
1474
1474
1474
54
1474
1474
54
66
1474
1474
54
1474
1474
54
1474
1474
54
1474
1474
1474
1474
1474
54
1474
54
1474
1474
54
1474
1474
54
1474
1474
54
1474
1474
54
1474
1474
54
1474
1474
54
1474
1474
54
66
54
268
1474
1474
1474
1474
1474
1474
1474
1474
54
1474
1474
1474
1474
1474
1474
1474
1474
54
1474
1474
1474
1474
1474
1474
54
66
1474
1474
54
1474
1474
54
1474
1474
54
1474
1474
54
1474
1474
1474
1474
54
1474
1474
1474
54
1474
1474
1474
54
1474
1474
1474
1474
54
1474
1474
1474
1474
54
1474
1474
1474
54
1474
54
1474
1474
54
1474
1474
1474
54
1474
1474
1474
54
1474
1474
1474
1474
54
1474
1474
1474
54
1474
1474
1474
1474
54
1474
1474
1474
1474
66
54
54
278
1474
1474
1474
54
1474
1474
1474
1474
1474
1474
1474
1474
54
54
1474
1474
54
1424
345
1474
1474
54
1474
1474
1474
54
1474
54
107
104
96
323
54
1474
1474
54
846
345
364
465
270
1277
66
1474
1474
54
1474
1474
54
1474
1474
54
1474
1474
54
348
110
96
54
92
54
92
54
66
54
571
1474
1474
54
1474
1474
54
1474
1474
54
1474
1474
1474
54
1474
54
351
54
138
100
1474
260
1474
54
205
1474
54
270
1474
1474
54
1279
1474
1474
1474
1474
54
1474
1474
1474
54
1474
1474
1474
1474
1474
1474
1474
54
54
1474
1474
1474
1474
1474
54
1474
818
1474
54
710
54
54
1474
1474
54
1474
1474
54
1474
1474
1474
1474
1474
1474
54
1474
1474
1474
1474
1474
1474
54
54
1474
1474
1474
1474
1474
54
1474
54
1474
1474
54
1474
1474
1474
54
1474
1474
54
1474
1474
1474
54
54
1474
1474
1474
54
1474
1474
1474
54
1474
1474
1474
1474
54
1474
1474
1474
1474
1474
54
1474
1474
54
1474
1474
54
1474
1474
1474
1474
54
54
1474
306
1474
54
1474
1474
1474
54
54
1474
1474
54
1474
1474
818
54
66
54
111
1474
54
1474
1474
54
1474
1474
1474
1474
1474
1474
1474
1474
1474
54
1474
1474
1474
1474
54
1474
1474
1474
1474
54
1474
1474
1474
1474
1474
1474
1474
1474
54
1474
1474
1474
1474
1474
1474
1474
1474
1474
54
1474
1474
1474
54
1474
1474
1474
1474
1222
66
74
54
710
1474
1474
66
66
66
1474
1474
1474
74
74
74
1474
1057
74
74
1474
1474
1474
1474
66
74
74
74
1474
1474
1474
1474
1474
74
74
74
82
82
1474
1474
1474
54
1474
82
90
90
90
1474
1474
1474
1474
1474
90
90
90
90
90
1474
1474
1474
1474
1474
1474
90
90
90
90
90
90
1474
1474
1474
90
90
90
1474
66
1474
54
1474
1474
82
74
1474
66
1474
54
210
951
100
54
100
1474
1474
1474
1474
54
1474
1474
1474
1474
54
1474
1474
54
1474
1474
54
1474
1474
1474
54
1474
1474
1474
1474
1474
54
1474
1474
54
1474
1474
1474
54
1474
1474
54
1474
1474
1474
54
1474
1474
1474
54
1474
1474
54
1474
1474
54
66
54
257
1474
1474
1474
1474
54
1474
1474
54
1474
1474
54
1474
54
1474
1474
54
1474
1474
54
1474
1474
1474
1474
54
1474
1474
1474
54
1474
1474
1474
54
1474
1474
1474
1474
1474
54
1474
1474
1474
1474
1474
1474
1474
54
54
54
1474
1474
1474
1474
1474
54
1474
1474
1474
1474
1474
1474
1474
1474
1474
1474
1474
1474
1474
1474
1474
1474
54
54
1474
1474
1474
1474
1474
1474
54
54
1474
54
1474
1474
54
1474
1474
54
1474
1474
1474
1474
1474
1474
1474
1474
1474
1474
1474
1474
54
1474
1474
1474
1474
1474
1474
1474
1474
54
54
1474
1474
1424
1474
1474
1474
1474
1474
1474
1474
74
74
74
74
74
74
74
54
1474
1474
1474
1474
1474
1474
1474
1474
1474
1474
74
74
74
74
74
74
74
74
74
74
345
1474
1474
1474
1474
1474
1474
1474
1474
1474
74
74
74
74
74
74
74
54
1474
74
1474
1474
1474
1474
1474
1474
74
74
74
74
74
74
1474
1474
1474
1474
74
74
74
74
1474
1474
1474
1474
74
74
74
74
1474
1426
1474
1474
74
74
74
107
104
96
802
1474
1474
74
66
1474
1474
54
1474
1474
54
1474
1474
1474
54
1474
1474
54
1474
54
54
1474
1474
54
1474
1474
1474
1474
54
1474
1474
54
1474
1474
1474
1474
1474
54
1474
1426
66
54
1474
1474
1474
1474
54
1474
1474
1474
54
1474
1474
1474
54
1474
1474
1474
1474
54
1474
1474
54
1474
1474
1474
54
1474
1474
54
1474
1474
1474
1474
1474
54
1474
1474
1474
1474
54
348
110
96
54
92
54
92
357
54
92
100
54
100
1474
1474
54
1474
1474
1474
54
1474
1474
54
1474
1474
1474
54
1474
66
1474
54
1474
1474
1474
1474
1474
54
1474
1474
54
1474
1474
1474
54
1474
1474
1474
54
1474
1474
54
1474
1474
1474
54
1474
1474
54
1474
54
1474
1474
1474
54
1474
1474
54
1474
1474
54
1474
1474
1474
54
1474
1474
1474
54
1474
1474
54
1474
1474
54
1474
1474
1474
54
1474
1474
1474
54
1474
1474
54
1474
1474
1474
54
1474
54
1474
1474
1474
1474
54
1474
1474
54
1474
1474
1474
1474
54
1474
1474
54
1474
1474
54
1474
1474
54
1474
1474
54
1474
1474
54
1474
1474
54
1474
1474
54
1474
1474
54
1474
1474
1474
54
1474
1474
1474
54
1474
1474
54
1474
1474
54
1474
951
54
1474
1474
54
1474
1474
1474
54
1474
1474
54
1474
1474
1474
1474
1474
54
1474
1474
1474
54
1474
1474
1474
1474
54
1474
1474
1474
1474
54
1474
1474
1474
1474
1474
54
1474
1474
1474
54
1474
1474
1474
54
1474
1474
54
1474
1474
1474
1474
54
1474
1474
54
1474
1474
54
1474
1474
54
1474
1474
54
1474
1474
1474
1474
1474
1474
1474
1474
1474
1474
1474
1474
1474
54
54
1474
1474
1474
1474
1474
1474
1474
1474
1474
1474
1474
1474
1474
1474
1474
1474
54
1474
1474
54
1474
1474
1474
1474
1474
1474
1474
1474
1474
1474
1474
1474
1474
54
584
1474
1474
1474
54
1474
1474
1474
1474
1474
1474
1474
1474
1474
1474
1474
54
54
1474
1474
1474
1474
1474
1474
1474
1474
1474
1474
1474
1474
1474
1474
1474
1474
1474
1474
1474
54
1474
1474
54
1474
1474
1474
1474
1474
1474
1474
1474
1474
1474
1474
1474
1474
54
558
558
1287
54
1474
1474
1474
54
1474
1474
54
1474
1474
54
1474
1474
1474
1474
1474
1474
1474
54
1474
1474
130
92
100
54
54
100
1474
1474
54
1474
1474
1474
1474
54
1474
1474
54
1474
1474
54
1474
1474
54
1474
1474
1474
54
1474
54
1474
1474
54
1474
1474
54
1474
1474
54
1474
1474
54
1474
1474
1474
54
1474
1474
54
1474
54
1474
1474
54
1474
1474
1474
54
1474
1474
1474
54
1474
1474
1474
54
1285
1474
1474
54
1474
1474
1474
54
54
1474
1474
1474
105
92
100
1474
1474
1474
1474
54
54
100
1474
54
105
1474
92
100
54
100
1474
54
1474
1474
1474
54
1474
1474
54
1474
54
1474
1474
1474
1474
54
1474
1474
1474
1474
1474
1474
1474
1474
54
1474
1474
1474
1474
1474
54
54
1474
1474
1474
54
54
1474
1474
1474
1474
54
1474
1474
54
1474
1474
1474
54
1474
1474
1474
54
1474
1474
54
1474
1474
54
1474
1474
54
1474
1474
1474
1474
54
1474
1474
1474
1474
54
1474
1474
1474
1474
54
1474
1474
1474
1474
54
1474
1474
1474
1474
54
1474
1474
54
1474
1474
1474
54
1474
1474
66
66
1474
1474
1474
1474
66
66
66
66
1474
74
1474
66
1474
66
1474
66
1474
66
1474
74
1474
74
1474
1474
66
66
1474
1474
1474
1474
74
74
66
66
1474
74
1474
1474
1474
74
66
66
1474
74
1474
1474
1474
74
66
66
1474
1474
1474
54
66
54
1474
54
1474
1474
54
1474
54
1474
1474
1474
54
1474
54
1474
54
1474
1474
54
1474
54
1474
1474
1474
54
1474
1474
54
1474
54
1474
1474
1474
54
1474
1474
54
1474
1474
54
1474
1474
54
54
1474
1474
1474
54
54
1474
1474
1474
1474
1474
54
54
1474
1474
1474
54
1474
1474
1474
54
54
1474
54
791
1474
1474
54
1474
1474
54
1474
1474
54
1474
1474
54
1474
1474
54
1474
1474
54
1474
1474
54
1474
1474
54
1474
1474
54
1474
1474
54
1474
1474
54
1474
1474
54
1286
1474
1474
54
1474
1474
1474
1474
1474
1474
1474
1474
54
1474
1474
54
1474
1474
54
1474
54
1474
54
1339
1474
1474
54
1474
1474
1474
54
1474
1474
54
1474
1474
1474
1474
1474
1474
1474
54
1474
1474
54
492
1474
1289
1474
54
1474
1474
54
1474
1474
54
1474
1474
54
1474
1474
54
1474
1474
54
1474
1474
54
1474
1474
54
1474
1474
54
1474
1474
66
1474
66
1474
66
1474
1474
1474
66
66
66
1474
1474
1474
66
66
66
1474
1474
66
66
1474
66
1474
1474
1474
1474
1474
1474
66
66
66
66
66
66
1474
1474
1474
66
66
66
1474
1474
1474
1474
1474
1474
1474
1474
66
66
66
66
66
66
66
66
1474
1474
1474
1474
1474
66
66
66
66
66
1474
1474
1474
1474
1474
66
66
54
1474
1474
1474
1474
1474
54
1474
1474
1474
1474
54
736
1474
54
1474
1474
54
1474
54
509
240
1474
54
1474
1474
1474
54
1474
54
1474
186
1474
1474
1474
1474
1474
54
1474
1474
54
1474
1474
1474
54
1474
1474
54
1474
1474
1474
1474
1474
1474
1474
1474
54
54
1474
1474
54
1474
1474
54
1474
1474
1474
105
54
92
54
100
100
1474
54
1474
1474
54
1474
1474
1474
54
1474
1474
54
1474
54
1474
1474
54
1474
1474
54
1474
1474
1474
54
1474
54
1474
1474
54
1474
1474
54
1474
1474
54
1474
1474
1474
54
1474
1474
1474
1474
1474
54
1474
1474
1474
54
1474
1474
54
1474
1474
54
1474
1474
1474
1474
54
54
1474
1474
1474
1474
54
54
1474
1474
1474
1474
54
54
1474
1474
1474
1474
54
54
1474
54
1474
1474
54
1474
1474
1474
1474
54
54
1474
1474
1474
54
1474
54
1474
1474
54
1474
1474
1474
1474
1474
1474
54
54
1474
1474
54
1474
54
1474
54
1474
1474
54
1474
1474
54
1474
1474
54
1474
1474
1474
407
1474
128
92
100
54
54
54
100
1474
1474
54
1474
1474
54
1474
1474
54
1474
1474
54
1474
1474
1474
1474
54
105
92
100
1474
54
100
1474
54
113
92
100
54
100
1474
1474
54
1474
1474
54
1474
1474
103
92
100
54
54
100
1474
1474
1474
1474
1474
1474
54
1474
1474
1474
66
54
1474
1474
1474
1474
1474
1474
1474
1474
1474
66
66
54
54
54
1474
1474
1474
1474
1474
54
54
1474
54
1474
1474
54
1474
1474
1474
1474
54
279
1474
1474
1474
54
1474
1474
1474
54
1474
1474
1474
54
1474
1474
1474
54
1474
1474
54
1474
1474
54
1474
1474
54
1474
54
1474
1474
54
54
1474
54
1474
1474
54
1474
1474
54
1474
1474
54
1474
1474
54
1474
1474
54
1474
1474
54
1474
1474
54
1474
1474
54
1474
1474
54
54
1474
1474
54
1474
1474
54
1474
1474
54
1474
1474
1474
1474
54
1474
1474
54
1474
1474
54
1474
1474
54
1474
1474
54
1474
1474
54
1474
1474
54
245
1474
54
682
1474
54
1474
1310
600
54
100
1474
1474
54
1474
1474
54
1474
1474
54
54
1474
1474
54
1474
1474
54
1474
1474
54
54
1474
1474
54
1474
1474
54
1474
1474
54
1474
1474
54
1474
1474
54
1474
1474
54
1474
1474
54
1474
1474
54
1474
1474
54
1474
1474
54
1474
1474
54
1474
1474
54
1474
1474
1474
1474
54
1474
1474
54
1474
1474
54
1474
1474
1474
1474
1474
1474
1474
1474
1474
1474
1474
54
54
1474
1474
1474
1474
1474
1474
1474
1474
1474
1474
1474
1474
1474
1474
1474
1474
1474
1474
1474
54
54
1474
1474
1474
1474
1474
1474
1474
1474
1474
54
54
1474
1474
54
1474
1474
54
1474
1474
54
1474
1474
54
1474
1474
54
1474
1474
54
1474
1474
54
1474
1474
54
1474
1474
54
1474
1474
1474
54
1474
1474
54
1474
1474
54
1474
1474
54
1474
1474
1474
54
54
1474
1474
54
1474
1474
54
1474
1474
1474
1474
54
1474
1474
1474
1474
54
1474
1474
54
1474
1474
1474
54
1474
1474
54
1474
54
1474
1474
54
1474
1474
54
1474
1474
54
1474
1474
54
1474
1474
54
1474
1474
54
1474
1474
54
1474
1474
54
1474
1474
54
1474
1474
54
1474
1474
54
1474
1474
54
1474
1474
54
1474
1474
54
1474
1474
54
1474
1474
54
1474
1474
54
1474
1474
54
1474
1474
54
1474
1474
54
1474
1474
54
1474
1474
54
1474
1474
54
1474
1474
54
1474
1474
54
1474
1474
54
1474
1474
54
1474
1474
54
1474
1474
54
1474
1474
54
1474
1474
54
1474
1474
54
1474
1474
54
1474
1474
1474
54
1474
54
1474
1474
54
1474
1474
1474
54
1474
1474
54
1474
1474
1474
54
1474
1474
54
1474
1474
1474
1474
54
1474
1474
1474
54
1474
1474
1474
54
1474
1474
1474
1474
54
1474
1474
1474
1474
1474
1474
1474
1474
54
54
54
1474
1474
1474
1474
1474
1474
1474
1474
1474
1474
1474
1474
1474
1474
1474
1474
1474
54
54
1474
1474
1474
1474
1474
1474
1474
54
1474
1474
1474
1474
1474
1474
54
54
1474
1474
1474
1474
54
1474
1474
1474
54
1474
1474
1474
54
54
1474
1474
1474
54
1474
1474
54
1474
1474
1474
54
1474
1474
1474
54
1474
1474
54
1474
54
1474
1474
54
1474
1474
54
1474
1474
54
1474
1474
54
1474
1474
1474
1474
1474
1474
1474
1474
1474
1474
1474
1474
54
1474
1474
54
1474
1474
54
1474
1474
54
1474
1474
54
1474
1474
54
1474
1474
54
1474
1474
54
1474
1474
54
1474
1474
54
1474
1474
54
1474
1474
54
1474
1474
54
1474
1474
54
1474
1474
54
1474
1474
54
1474
1474
1474
1474
54
1474
1474
54
1474
1474
54
1474
1474
54
1474
1474
54
1474
1474
1474
1474
54
1474
1474
1474
1474
54
1474
1474
54
1474
1474
1474
54
1474
54
1474
1474
54
1474
1474
1474
1474
54
1474
1474
54
1474
1474
54
1474
1474
1474
54
1474
1474
54
1474
1474
1474
54
54
1474
1474
54
1474
1474
54
1474
1474
54
1474
1474
54
1474
1474
54
1474
1474
54
1474
1474
54
1474
1474
54
1474
1474
54
1474
1474
54
1474
1474
54
1474
1474
54
1474
1474
1474
54
1474
54
1474
1474
54
1474
1474
1474
1474
1474
1474
1474
1474
1474
1474
1474
54
54
1474
1474
1474
1474
1474
54
1474
1474
1474
54
1474
1474
1474
1474
54
1474
1474
1474
1474
1474
54
1474
1474
54
1474
1474
54
1474
1474
54
1474
1474
54
1474
1474
54
1474
1474
54
1474
1474
54
1474
1474
54
1474
1474
54
1474
1474
54
1474
1474
54
1474
1474
54
1474
1474
54
1474
1474
54
1474
1474
54
1474
1474
54
1474
1474
54
1474
1474
54
1474
1474
1474
54
1474
1474
1474
54
1474
1474
1474
1474
54
1474
1474
54
1474
1474
1474
1474
54
1474
1474
54
1474
1474
54
1474
1474
1474
1474
54
1474
1474
1474
54
1474
1474
1474
1474
1474
54
1474
1474
1474
1474
54
1474
1474
1474
1474
1474
1474
54
1474
1474
1474
54
1474
54
1474
1474
1474
54
1474
1474
54
1474
1474
54
1474
1474
1474
54
1474
1474
54
1474
1474
54
1474
1474
54
1474
1474
54
1474
1474
54
1474
1474
54
1474
1474
54
1474
1474
54
1474
1474
1474
1474
1474
1474
1474
1474
1474
1474
1474
1474
1474
54
1474
1474
1474
1474
1474
1474
1474
54
1474
1474
54
1474
1474
54
1474
1474
54
1474
1474
54
1474
1474
54
1474
1474
54
1474
1474
1474
1474
54
1474
1474
1474
1474
54
1474
1474
54
1474
1474
54
1474
1474
54
1474
1474
1474
1474
54
54
1474
1474
1474
1474
54
1474
1474
54
1474
1474
54
1474
1474
54
1474
1474
54
1474
1474
54
1474
1474
54
1474
1474
54
1474
1474
54
1474
1474
54
1474
1474
54
1474
1474
54
1474
1474
54
1474
1474
54
1474
1474
54
1474
1474
54
1474
1474
1474
54
1474
54
1474
1474
54
1474
1474
1474
54
1474
54
1474
1474
1474
54
1474
1474
54
1474
1474
54
1474
54
1474
1474
54
1474
1474
54
1474
1474
54
1474
1474
1474
54
1474
54
1474
1474
1474
1474
1474
1474
1474
54
1474
1474
1474
1474
1474
54
1474
1474
1474
54
1474
1474
54
1474
1474
1474
54
1474
1474
1474
1474
1474
54
1474
1474
1474
54
1474
1474
1474
1474
1474
1474
1474
54
1474
1474
1474
1474
54
1474
1474
1474
54
1474
1474
54
1474
1474
1474
54
1474
54
1474
1474
54
1474
1474
54
1474
1474
54
1474
218
54
1287
54
1474
1474
54
1474
1474
54
1474
1474
1474
1474
1474
54
1474
1474
1474
54
1474
1474
54
1474
1474
54
1474
1474
1474
1474
54
1474
1474
54
1474
1474
54
1474
1474
54
1474
1474
1474
1474
1474
54
1474
1474
1474
54
1474
1474
1474
54
1474
1474
54
1474
1474
1474
1474
1474
1474
1474
1474
54
54
1474
1474
1474
1474
1474
1474
1474
1474
1474
54
1474
1474
1474
54
1474
1474
1474
54
1474
1474
1474
54
1474
1474
1474
54
1474
1474
1474
54
1474
1474
54
1474
54
1474
1474
54
1474
1474
54
1474
1474
54
1474
1474
54
1474
1474
54
1474
1474
54
1474
1474
54
1474
1474
54
1474
1474
54
1474
1474
54
1474
1474
54
1474
1474
54
1474
1474
54
1474
1474
54
1474
1474
1474
54
1474
54
1474
1474
54
1474
1474
54
1474
1474
1474
54
1474
1474
1474
54
1474
1474
54
1474
1474
54
1474
1474
1474
1474
1474
54
1474
1474
1474
1474
1474
1474
54
1474
1474
1474
54
1474
1474
1474
1474
1474
54
1474
1474
1474
1474
1474
54
1474
1474
1474
54
1474
1474
1474
54
1474
1474
54
1474
1474
54
1474
1474
54
1474
1474
54
1474
1474
54
1474
1474
54
1474
1474
54
1474
1474
1474
1474
54
1474
1474
54
1474
1474
54
1474
1474
54
1474
1287
1474
54
1474
1474
54
1474
1474
54
1474
1474
54
1474
1474
54
1474
1474
54
1474
105
54
1474
1474
1474
54
1474
1474
1474
54
1474
1474
54
1474
1474
1474
1474
54
1474
1474
1474
1474
54
54
1474
1474
1474
1474
1474
1474
54
1474
1474
54
1474
1474
1474
54
1474
1474
54
1474
1474
1474
54
54
1474
1474
1474
1474
54
1474
1474
54
1474
1474
1474
54
1474
1474
1474
54
1474
1474
1474
54
1474
54
1474
1474
54
1474
1474
54
1474
1474
54
1474
1474
1474
1474
54
1474
1474
1474
54
1474
1474
54
1474
1474
1474
54
1474
1474
1474
54
1474
54
1474
1474
54
1474
1474
1474
1474
54
1474
54
1474
1474
54
1474
1474
1474
54
1474
1474
1474
1474
1474
54
1474
1474
54
1474
54
1474
1474
1474
1474
1474
54
1474
1474
1474
54
1474
54
1474
1474
1474
54
1474
1474
1474
54
1474
1474
1474
1474
54
1474
1474
54
1474
54
1474
1474
54
1474
1474
54
1474
1474
54
1474
1474
54
1474
1474
54
1474
1474
54
1474
1474
54
1474
1474
54
1474
1474
54
1474
1474
54
1474
1474
54
1474
1474
54
1474
1474
54
1474
1474
54
1474
1474
54
1474
1474
54
1474
1474
54
1474
1474
54
1474
1474
54
1474
1474
54
1474
1474
1474
54
1474
54
1474
1474
54
1474
1474
54
1474
1474
54
1474
1474
54
1474
1474
1474
54
1474
54
1474
1474
54
1474
1474
1474
1474
1474
54
1474
1474
1474
1474
54
1474
1474
1474
54
1474
1474
54
1474
1474
54
1474
1474
54
1474
1474
1474
54
1474
1474
1474
54
1474
1474
1474
1474
1474
1474
54
54
1474
1474
1474
54
1474
1474
54
1474
1474
54
1474
54
1474
1474
54
1474
1474
54
1474
1474
54
1474
1474
54
1474
1474
54
1474
1474
54
1474
1474
54
1474
1474
1474
54
1474
54
1474
1474
54
1474
1474
54
1474
1474
54
1474
1474
54
1474
1474
54
1474
1474
54
1474
1474
54
1474
1474
54
1474
1474
54
1474
1474
1474
54
1474
1474
1474
54
1474
1474
54
1474
1474
54
1474
1474
54
1474
1474
1474
1474
54
1474
1474
1474
1474
54
1474
1474
54
1474
1474
1474
54
1474
1474
54
1474
1474
54
1474
54
1474
1474
1474
54
1474
54
1474
1474
1474
54
1474
54
1474
1474
1474
1474
1474
1474
1474
54
1474
1474
1474
1474
1474
1474
54
1474
1474
1474
1300
1474
1474
1474
1474
1474
1474
1474
1474
1474
1474
1474
1474
1474
1474
1474
1474
54
54
1474
1474
1474
1474
1474
1474
1474
1474
1474
1474
1474
1474
1474
1474
1474
1474
54
1300
66
1474
1474
54
1474
1474
1474
54
1474
1474
1474
1474
1474
54
1474
1474
1474
1474
1474
1474
54
1474
1474
54
1474
1474
54
1474
1474
54
1474
1474
1474
1474
54
1474
1474
1474
54
1474
1474
54
1474
1474
54
1474
54
1474
1474
54
1474
1474
54
1474
1474
1474
1474
1474
1474
1474
1474
1474
1474
54
1474
1474
1474
54
1474
1474
1474
1474
1474
1474
1474
1474
1474
1474
1474
1474
54
1474
1474
1474
1474
1474
54
1474
54
1474
1474
54
1474
1474
54
1474
1474
54
1474
1474
1474
54
1474
1474
54
1474
54
1474
1474
54
1474
1474
54
1474
1474
1474
1474
1474
1474
54
54
1474
1474
1474
1474
1474
54
1474
1474
1474
1474
1474
54
1474
1474
1474
54
1474
1474
54
1474
1474
1474
1474
1474
1474
1474
1474
54
1474
1474
1474
1474
54
1474
1474
54
1474
1474
54
1474
1474
1474
1474
1474
1474
1474
1474
1474
1474
1474
1474
1474
1474
1474
1474
1474
1474
1474
1474
1474
1474
1474
1474
1474
1474
1474
1474
1474
54
54
1474
1474
1474
1474
1474
1474
1474
1474
1474
1474
1474
1474
1474
1474
1474
1474
1474
1474
1474
54
1474
1474
1474
1474
1474
1474
1474
1474
1474
1474
1474
1474
1474
1474
1474
1474
1474
1474
1474
1474
1474
1474
1474
1474
1474
1474
1474
1474
1474
1474
1474
1474
54
54
1474
1474
1474
1474
1474
54
1474
1474
1474
1474
54
1474
1474
1474
1474
1474
1474
1474
1474
1474
1474
1474
1474
1474
54
1474
1474
1474
1474
1474
1474
1474
1474
1474
1474
1474
1474
1474
1474
1474
1474
1474
1474
1474
1474
1474
1474
1474
1474
1474
1474
1474
1474
1474
1474
1474
1474
54
54
1474
1474
1474
54
1474
1474
1474
1474
1474
1474
1474
1474
54
1474
1474
1474
1474
1474
1474
1474
1474
1474
1474
1474
54
1474
1474
54
1474
1474
1474
1474
1474
1474
1474
1474
1474
1474
1474
1474
1474
1474
1474
1474
1474
1474
1474
1474
1474
1474
1474
1474
54
54
1474
1474
1474
1474
1474
1474
1474
54
1474
1474
1474
1474
1474
1474
1474
1474
1474
1474
1474
1474
1474
1474
1474
1474
1474
1474
1474
1474
1474
54
192
439
1474
1474
54
1474
1474
54
1474
1474
1474
54
1474
1474
1474
1474
54
1474
1474
1474
1474
1474
54
1474
1474
1474
54
1474
1474
1474
54
1474
1474
54
1474
1474
54
1474
1474
54
1474
1474
54
1474
1474
1474
1474
54
1474
1474
1474
1474
1474
1474
1474
1474
1474
1474
1474
1474
54
1474
1474
1474
1474
1474
1474
1474
54
1474
1474
1474
54
54
54
166
1474
1395
100
54
100
1474
1474
1474
1474
1474
54
1474
1474
1474
1474
1474
54
1474
1474
1474
1474
1474
54
1474
1474
1474
54
1474
1474
1474
54
1474
1474
1474
54
1474
1474
54
1474
1474
54
54
1474
1474
54
1474
1474
1474
1474
1474
1474
54
1474
1474
54
1474
1474
54
1474
1474
1474
1474
54
1474
1474
54
1474
1474
1474
54
1474
1474
1474
1474
54
1474
1474
1474
54
1474
1474
1474
1474
54
1474
1474
1474
54
1474
54
1474
1474
54
1474
1474
1474
1474
54
1474
1474
1474
1474
54
1474
1474
1474
54
1474
1474
1474
1474
54
1474
1474
54
1474
1474
1474
1474
54
1474
1474
54
1474
1474
1474
54
1474
1474
54
1474
1474
54
1474
1474
54
1474
1474
54
1474
1474
54
1474
1474
54
1474
1474
1474
1474
1474
54
1474
1474
1474
1474
54
1474
1474
1474
54
1474
1474
54
1474
1474
1474
1474
1474
1474
54
1474
1474
1474
1474
1474
1474
1474
1474
54
1474
1474
1474
1474
1474
1474
1474
1474
1474
1474
1474
1474
1474
1474
1474
1474
1474
54
1474
1474
1474
1474
1474
1474
1474
1474
54
1474
1474
1474
1474
1474
54
1474
1474
54
1474
1474
54
1474
1474
54
1474
1474
1474
54
1474
1474
1474
1474
1474
1474
54
1474
1474
1474
1474
54
1474
54
1474
1474
1474
54
1474
1474
1474
1474
54
1474
1474
54
1474
1474
1474
54
1474
1474
1474
1474
1474
1474
1474
1474
1474
1474
1474
1474
1474
1474
1474
1474
1474
1474
1474
1474
1474
1474
1474
1474
54
1474
1474
1474
1474
1474
1474
1474
1474
1474
54
1474
1474
1474
1474
1474
1474
54
1474
54
1474
1474
54
1474
1474
1474
1474
54
1474
1474
54
1474
1474
1474
54
1474
1474
1474
1474
1474
1474
1474
54
1474
1474
1474
1474
1474
1474
1474
1474
1474
1474
54
1474
1474
1474
1474
54
1474
1474
54
1474
1474
1474
1474
1474
1474
1474
1474
1474
1474
54
1474
1474
1474
1474
1474
54
1474
1474
1474
1474
54
1474
1474
54
1474
1474
1474
1474
1474
1474
1474
1474
54
1474
1474
1474
1474
54
1474
1474
1474
1474
54
1474
1474
1474
54
1474
1474
54
1474
1474
54
1474
1474
54
1474
1474
1474
1474
1474
1474
1474
1474
54
1474
1474
54
1474
1474
1474
1474
54
1474
1474
1474
1474
54
1474
1474
54
1474
1474
1474
1474
54
1474
1474
54
1474
1474
54
1474
1474
54
1474
1474
1474
1474
1474
54
1474
1474
1474
1474
1474
54
1474
1474
1474
1474
54
1474
1474
1474
54
1474
1474
1474
1474
54
1474
1474
54
1474
1474
1474
54
1474
1474
54
1474
1474
1474
54
1474
1474
1474
1474
54
1474
1474
1474
1474
1474
1474
54
1474
54
1474
1474
54
1474
1474
54
1474
1474
54
1474
1474
54
1474
1474
1474
1474
54
1474
1474
54
1474
1474
54
1474
1474
1474
1474
1474
54
1474
1474
54
1474
1474
1474
1474
54
1474
54
1474
1474
1474
1474
54
1474
1474
1474
1474
54
1474
1474
1474
1474
1474
1474
1474
54
1474
1474
54
1474
1474
54
1474
1474
1474
54
1474
1474
1474
1474
1474
1474
54
1474
1474
1474
1474
54
1474
1474
54
1474
1474
54
1474
1474
1474
54
1474
1474
1474
54
1474
1474
1474
1474
1474
54
1474
1474
1474
1474
54
1474
1474
54
1474
1474
54
1474
54
1474
1474
54
1474
1474
54
1474
1474
1474
54
1474
1474
54
1474
54
1474
1474
1474
54
1474
1474
1474
54
1474
1474
54
1474
1474
54
1474
1474
1474
54
1474
1474
1474
54
1474
1474
1474
54
1474
1474
1474
1474
54
1474
54
1474
1474
54
1474
1474
1474
54
1474
54
1474
1474
1474
1474
54
1474
1474
1474
1474
54
1474
1474
54
1474
1474
54
1474
1474
54
1474
1474
1474
1474
1474
1474
1474
1474
1474
1474
1474
1474
1474
1474
1474
1474
1474
1474
1474
1474
1474
1474
1474
54
1474
1474
1474
1474
1474
54
1474
1474
1474
1474
1474
1474
1474
1474
54
1474
1474
1474
54
54
1474
54
636
1045
1474
1474
54
1474
1474
1474
54
1474
1474
54
1474
1474
1474
1474
1474
1474
1474
1474
1474
54
1474
1474
1474
1474
1474
1474
54
1474
1474
1474
1474
54
1474
1474
1474
1474
1474
1474
1474
54
1474
54
1474
1474
1474
1474
1474
1474
1474
1474
1474
54
1474
1474
1474
1474
1474
54
1474
1474
1474
1474
1474
54
1474
1474
1474
1474
54
1474
1474
1474
54
1474
1474
54
1474
1474
1474
1474
1474
54
1474
1474
1474
1474
1474
1474
1474
1474
54
1474
1474
1474
54
1474
1474
1474
1474
1474
1474
1474
1474
1474
1474
1474
1474
1474
1474
1474
1474
1474
1474
54
1474
1474
54
54
54
218
92
100
54
100
1474
1474
54
1474
1474
54
1474
1474
54
1474
1474
1474
1474
1474
54
1474
1474
54
1474
1474
54
1474
54
1474
1474
54
1474
1474
1474
1474
1474
54
1474
1474
1474
1474
54
1474
1474
1474
1474
54
1474
1474
1474
1474
1474
54
1474
1474
54
1474
1474
1474
1474
1474
54
1474
1474
54
1474
1474
1474
1474
1474
54
1474
1474
1474
1474
1474
1474
1474
1474
1474
1474
1474
1474
1474
1474
54
1474
1474
1474
1474
1474
1474
1474
54
1474
1474
1474
1474
54
54
1474
1474
54
1474
1474
54
1474
1474
54
1474
1474
54
1474
1474
1474
1474
1474
1474
1474
1474
1474
1474
1474
54
1474
1474
1474
1474
1474
1474
1474
1474
1474
1474
1474
1474
54
54
1474
1474
54
1474
1474
1474
1474
1474
1474
1474
1474
1474
1474
1474
1474
1474
1474
1474
1474
1474
1474
1474
1474
1474
1474
1474
1474
1474
54
1474
1474
1474
1474
1474
1474
54
1474
1474
1474
1474
1474
1474
1474
1474
1474
1474
1474
1474
1474
1474
54
1474
1474
1474
1474
1474
1474
1474
1474
1474
1474
1474
1474
1474
1474
1474
1474
1474
54
54
1474
1474
1474
1474
1474
1474
1474
1474
1474
1474
1474
1474
1474
1474
1474
1474
1474
1474
1474
1474
1474
1474
1474
1474
1474
54
1474
1474
1474
1474
1474
1474
1474
1474
54
1474
1474
1474
1474
1474
1474
1474
1474
1474
1474
1474
1474
1474
1474
1474
54
1474
1474
54
1474
1474
1474
1474
1474
1474
1474
1474
1474
1474
1474
1474
1474
1474
1474
1474
1474
1474
1474
1474
1474
1474
1474
54
1474
1474
1474
1474
1474
1474
1474
1474
54
1474
1474
1474
1474
1474
1474
1474
1474
1474
1474
1474
54
1474
1474
1474
1474
1474
1474
1474
1474
1474
1474
1474
1474
1474
1474
1474
1474
1474
66
74
74
74
74
74
74
74
74
74
74
74
74
74
74
1474
1474
1474
1474
1474
1474
1474
1474
1474
74
74
74
74
82
82
90
90
90
1474
1474
1474
1474
1474
1474
1474
1474
1474
1474
1474
1474
1474
1474
1474
1474
1474
1474
54
1474
1474
1474
1474
1474
1474
1474
1474
1474
54
1474
1474
1474
1474
1474
1474
1474
1474
1474
66
66
66
74
74
1474
90
1474
90
1474
90
1474
1474
1474
1474
1474
1474
1474
1474
1474
1474
1474
1474
1474
1474
1474
1474
1474
1474
1474
1474
1474
1474
1474
1474
90
90
90
90
90
90
90
90
90
90
90
90
90
90
90
90
90
90
90
90
90
90
90
90
1474
1474
1474
1474
1474
1474
1474
1474
1474
1474
1474
90
90
90
90
90
90
90
90
90
90
90
1474
1474
1474
1474
1474
1474
1474
1474
1474
1474
1474
1474
1474
1474
1474
1474
1474
1474
1474
90
90
90
90
90
90
90
90
90
90
90
90
90
90
90
90
90
90
90
1474
1474
1474
1474
1474
1474
1474
1474
90
90
90
90
90
74
74
74
1474
1474
1474
1474
1474
1474
1474
1474
1474
1474
1474
1474
1474
1474
1474
1474
74
74
74
74
74
74
74
74
74
74
74
74
74
74
74
74
1474
1474
1474
1474
1474
1474
1474
1474
1474
1474
1474
1474
1474
1474
1474
1474
74
74
74
74
74
74
74
74
74
74
74
74
74
74
74
66
1474
1474
66
66
432
1474
82
1474
82
1474
82
1474
1474
82
82
1474
1474
82
82
1474
1474
82
82
1474
1474
1474
1474
82
82
82
82
1474
1474
1474
1474
82
82
82
82
1474
1474
82
82
1474
1474
82
82
1474
1474
1474
1474
82
82
82
82
1474
1474
1474
1474
1474
82
82
82
82
82
1474
1474
1474
1474
82
82
82
82
1474
82
1474
1474
1474
82
82
82
1474
1474
1474
82
82
82
1474
82
1474
1474
82
82
1474
1474
82
82
1474
74
1474
1474
1474
1474
1474
1474
1474
1474
1474
74
74
74
74
66
66
66
66
66
1474
54
66
128
92
100
54
100
1474
54
1474
1474
54
1474
1474
54
1474
1474
1474
54
1474
54
66
1474
1474
1474
1474
54
1474
1474
1474
54
1474
1474
54
1474
1474
54
1474
54
1474
1474
1474
1474
1474
1474
54
1474
66
1474
1474
54
54
1474
1474
54
1474
1474
54
1474
1474
1474
54
1474
1474
1474
54
1474
54
54
1474
1474
1474
54
1474
1474
1474
54
1474
1474
1474
1474
1474
1474
1474
54
1474
1474
1474
1474
1474
54
1474
1474
1474
1474
1474
54
1474
1474
1474
54
1474
1474
1474
54
1474
1474
1474
54
1474
1474
54
1474
1474
1474
1474
1474
1474
54
1474
54
1474
1474
1474
1474
1474
1474
1474
1474
1474
1474
1474
1474
1474
1474
1474
1474
1474
1474
1474
1474
1474
1474
1474
1474
1474
54
1474
1474
1474
1474
1474
54
1474
1474
54
1474
1474
1474
54
1474
54
1474
1474
54
1474
1474
54
1474
1474
1474
1474
1474
1474
54
1474
1474
1474
54
1474
1474
54
1474
54
1474
1474
54
1474
1474
54
1474
1474
54
1474
1474
1474
54
1474
1474
54
1474
1474
1474
54
1474
1474
54
1474
1474
54
1474
1474
54
1474
1474
1474
1474
54
1474
1474
54
1474
1474
1474
1474
54
1474
1474
1474
54
1474
1474
1474
1474
54
1474
1474
1474
1474
54
1474
1474
54
1474
1474
1474
54
1474
1474
54
1474
1474
54
1474
1474
1474
54
1474
1474
54
1474
1474
1474
54
1474
1474
54
1474
1474
54
1474
1474
1474
1474
54
1474
1474
1474
54
1474
1474
1474
54
1474
1474
54
1474
1474
54
1474
1474
54
1474
1474
1474
1474
54
1474
1474
1474
54
1474
54
1474
1474
1474
54
1474
54
1290
1474
1474
54
1474
1474
1474
1474
54
1474
1474
1474
1474
54
54
1474
1474
1474
1474
1474
1474
1474
1474
1474
1474
1474
54
54
1474
1474
1474
1474
1474
1474
1474
1474
1474
1474
1474
1474
1474
1474
1474
1474
1474
1474
1474
1474
1474
1474
1474
1474
54
54
54
54
1474
1474
54
66
1474
1474
1474
1474
1474
1474
1474
1474
1474
1474
1474
1474
1474
1474
54
54
1474
1474
1474
1474
1474
1474
1474
1474
1474
1474
54
54
54
1474
1474
54
1474
1474
54
1474
1474
54
1474
1474
1474
54
1474
1474
54
54
1474
1474
1474
1474
54
1474
1474
1474
1474
1474
1474
1474
1474
54
54
1474
1474
54
1474
1474
54
1474
1474
54
1474
1474
1474
1474
1474
1474
1474
1474
54
54
1474
1474
1474
1474
54
1474
1474
1474
54
1474
1474
1474
1474
1474
54
54
1474
1474
1474
1474
54
54
1474
1474
1474
54
1474
1474
1474
54
1474
1474
54
1474
1474
54
1474
1474
54
1474
1474
54
1474
1474
54
1474
1474
54
1474
1474
54
1474
1474
54
1474
1474
54
1474
1474
54
1474
1474
54
1474
1474
1474
54
1474
54
1474
1474
1474
1474
54
1474
1474
54
1474
1474
54
1474
1474
54
1474
1474
1474
54
1474
54
1474
1474
1474
1474
54
1474
1474
54
1474
1474
1474
54
1474
54
1474
1474
1474
54
1474
54
1474
1474
1474
54
1474
1474
54
1474
54
1474
1474
1474
1474
54
1474
1474
54
1474
1474
66
54
54
273
1474
1474
1474
54
1474
1474
54
1474
1474
54
1474
1474
1474
54
1474
1474
54
1474
1474
54
1474
1474
1474
54
1474
1474
1474
1474
1474
1474
1474
54
1474
1474
1474
1474
54
1474
1474
54
1474
1474
1474
1474
54
1474
1474
54
1474
1474
1474
1474
54
1474
1474
54
1474
1474
54
1474
1474
54
1474
1474
54
1474
1474
54
1474
1474
54
1474
1474
54
1474
1474
54
54
1474
1474
1310
54
1474
1474
651
54
54
1474
1474
1474
54
1474
1474
1474
1474
54
1474
1474
54
1474
1474
1474
1474
1474
1474
1474
54
1474
1474
54
1474
1474
54
1474
1474
1474
1474
1474
1474
54
180
1474
1474
54
1474
1474
1474
1474
54
1474
1474
1474
1474
1474
54
54
1474
1474
1474
1474
54
1474
1474
1474
1474
1474
1474
1474
1474
54
54
54
1474
1474
1474
54
1474
1474
1474
1474
1474
1474
1474
1474
1474
1474
54
1474
1474
1474
1474
54
1474
1474
1474
1474
1474
54
1474
1474
1474
54
1474
1474
1474
54
1474
1474
1474
1474
54
1474
1474
54
1474
1474
54
1474
1474
54
1474
1474
1474
54
54
1474
1474
54
1474
1474
1474
66
66
66
1474
1474
1474
1474
1474
1474
74
74
74
74
74
74
1474
1474
1474
74
74
74
1474
1474
1474
54
1474
1474
1474
1474
54
1474
1474
54
1474
54
1474
1474
54
1474
1474
54
1474
1474
54
1474
1474
54
1474
1474
54
1474
1474
54
1474
1474
54
1474
1474
54
1474
1474
54
1474
1474
54
1474
1474
54
1474
1474
54
1474
1474
54
1474
1474
54
1474
1474
54
1474
1474
54
1474
1474
1474
54
1474
54
1474
1474
1474
1474
54
1474
1474
54
1474
1474
54
1474
1474
1474
54
1474
1474
1474
54
1474
1474
1474
54
1474
1474
1474
54
1474
1474
1474
54
1474
1474
1474
332
1474
54
1474
1474
1474
54
1474
1474
1474
54
1474
54
1474
1474
54
814
1474
1474
1474
54
1474
54
1474
1474
1474
1474
1474
1474
1474
1474
54
1474
1474
1474
1474
1474
1474
1474
1474
54
1474
1474
1474
1474
1474
54
1474
54
1474
1474
54
1474
1474
54
1474
1474
54
1474
1474
54
1474
1474
54
1474
1474
54
1474
1474
54
1474
1474
54
1474
74
1474
74
1474
1474
1474
74
74
74
1474
1474
1474
1474
1474
1474
1474
1474
1474
74
74
74
54
1474
1474
54
1474
1474
54
1474
1474
54
1474
1474
54
1474
74
1474
74
1474
1474
1474
1474
74
74
74
74
1474
1474
1474
74
74
1474
54
1474
1474
54
1474
1474
168
54
54
1474
74
1474
74
1474
1474
1474
74
74
74
1474
1474
74
74
1474
1474
1474
1474
1474
74
74
74
74
74
1474
1474
54
1474
1474
54
1474
1474
54
1474
74
1474
1474
74
74
1474
1474
1474
1474
1474
74
74
74
66
66
1474
1474
1474
1474
66
54
54
1474
1474
1474
54
1474
1474
54
1474
1474
54
1474
1474
54
1474
1474
54
1474
1474
54
1474
1474
1474
1474
54
1474
1474
1474
1474
54
1474
1474
1474
1474
54
1474
1474
54
1474
1474
1474
54
1474
1474
54
1474
1474
1474
54
54
1474
1474
54
1474
1474
1474
54
1474
1474
54
1474
1474
1474
54
1474
1474
1474
1474
1474
54
54
1474
1474
1474
1474
54
1474
1474
54
1474
54
1474
1474
54
1474
1474
54
1474
1474
54
1474
1474
54
1474
1474
54
1474
1474
54
1474
1474
54
54
1474
1474
54
1474
1474
54
1474
1474
54
1474
1474
54
1474
1474
54
1474
1474
54
1474
1474
54
1474
1474
54
1474
1474
54
1474
1474
54
1474
1474
54
1474
1474
54
1474
1474
54
1474
1474
54
1474
1474
54
1474
1474
54
1474
1474
54
1474
1474
54
1474
1474
54
1474
1474
1474
54
1474
54
1474
1474
54
1474
1474
1474
1474
1474
54
54
1474
54
1474
1474
1474
54
1474
54
1474
1474
1474
54
1474
1474
1474
54
1474
1474
54
1474
1474
54
1474
1474
54
1474
1474
1474
1474
54
1474
1474
54
1474
1474
54
1474
1474
54
1474
1474
54
1474
1474
54
1474
1474
1474
54
1474
54
1474
1474
1474
54
1474
54
1474
1474
54
1474
1474
54
1474
1474
54
1474
1474
1474
1474
54
54
1474
1474
1474
54
1474
1474
1474
1474
54
54
1474
1474
1474
1474
1474
54
54
1474
1474
1474
1474
54
1474
1474
1474
54
1474
1474
1474
1474
1474
1474
1474
54
54
1474
1474
1474
1474
54
1474
1474
1474
54
1474
1474
54
1474
1474
54
1474
1474
54
1474
1474
54
1474
1474
54
1474
1474
54
1474
1474
54
1474
1474
54
1474
1474
54
1474
1474
1474
54
1474
1474
54
1474
1474
54
1474
1474
1474
54
1474
1474
1474
54
1474
54
1474
1474
1474
1474
1474
1474
1474
1474
1474
54
1474
1474
54
1474
54
1474
1474
1474
1474
1474
1474
1474
1474
1474
1474
1474
1474
54
54
54
1474
1474
1474
1474
54
54
1474
1474
1474
1474
1474
54
1474
1474
1474
54
1474
1474
54
1474
1474
1474
54
1474
1474
1474
54
1474
1474
54
1474
1474
54
1474
1474
54
1474
1474
54
1474
1474
54
1474
1474
54
1474
1474
54
1474
1474
54
1474
1474
54
1474
1474
1474
1474
54
54
1474
1474
54
1474
1474
54
1474
1474
54
1474
1474
54
1474
1474
54
1474
1474
1474
54
1474
54
1474
1474
54
1474
1474
1474
1474
1474
1474
1474
1474
54
1474
1474
1474
1474
1474
1474
1474
1474
1474
54
1474
1474
1474
1474
54
1474
1474
1474
54
1474
1474
54
1474
1474
54
1474
1474
54
1474
1474
54
1474
1474
54
1474
1474
1474
54
1474
1474
54
1474
1474
1474
54
54
1474
1474
54
1474
1474
54
1474
1474
1474
54
1474
1474
1474
1474
54
1474
54
1474
1474
1474
1474
54
1474
1474
54
1474
1474
54
1474
1474
1474
54
1474
1474
1474
54
1474
1474
54
1474
1474
1474
1474
54
54
1474
1474
1474
1474
54
1474
1474
1474
54
1474
1474
54
1474
1474
54
1474
54
1474
1474
54
1474
1474
54
1474
1474
54
1474
1474
1474
1474
1474
54
1474
54
1474
1474
54
1474
1474
54
1474
1474
54
1474
1474
54
1474
1474
1474
54
1474
1474
54
1474
54
1474
1474
1474
1474
54
1474
1474
54
1474
1474
1474
54
1474
1474
1474
54
1474
1474
1474
54
1474
1474
54
1474
1474
1474
54
1474
1474
1474
1474
1474
1474
1474
1474
54
1474
1474
1474
1474
1474
1474
1474
1474
54
1474
1474
54
1474
1474
1474
54
1474
54
1474
1474
54
1474
1474
54
1474
1474
54
1474
1474
1474
54
1474
54
1474
1474
1474
54
1474
1474
1474
1474
54
1474
1474
1474
1474
54
54
1474
1474
1474
1474
54
1474
1474
1474
54
1474
1474
54
1474
1474
1474
1474
1474
54
1474
1474
1474
54
1474
1474
1474
1474
54
1474
1474
1474
54
1474
1474
1474
1474
54
1474
1474
54
1474
1474
1474
54
1474
1474
54
1474
1474
54
1474
1474
54
1474
1474
1474
54
1474
1474
1474
54
1474
1474
1474
54
1474
1474
451
54
1474
1474
1474
1474
54
1474
1474
1474
54
1474
1474
1474
1474
54
1474
1474
1474
1474
1474
1474
1474
1474
54
1474
54
1474
1474
54
1474
1474
1474
54
1474
54
1474
1474
54
1474
1474
54
1474
1474
54
1474
1474
1474
54
1474
1474
1474
1474
1474
54
1474
1474
1474
54
1474
54
1474
1474
54
1474
1474
54
1474
1474
1474
1474
1474
54
1474
1474
54
1474
1474
1474
54
1474
1474
1474
54
1474
1474
1474
1474
1474
1474
54
1474
1474
1474
1474
1474
1474
1474
54
1474
1474
1474
1474
1474
54
1474
1474
1474
54
1474
1474
54
1474
1474
54
1474
1474
1474
1474
1474
54
1474
1474
1474
1474
54
54
1474
1474
1474
1474
54
54
1474
1474
1474
54
1474
1474
1474
1474
1474
1474
1474
1474
1474
1474
1474
1474
1474
54
1474
1474
1474
1474
1474
54
1474
1474
1474
1474
54
54
1474
1474
1474
1474
54
1474
1474
54
1474
1474
1474
1474
54
1474
1474
54
1474
1474
1474
1474
54
1474
1474
54
1474
1474
1474
1474
54
1474
1474
1474
1474
1474
54
1474
1474
1474
1474
1474
54
1474
1474
1474
1474
54
1474
1474
1474
1474
54
1474
1474
1474
1474
1474
1474
54
1474
1474
1474
1474
54
1474
1474
1474
54
1474
1474
54
1474
1474
1474
54
1474
1474
54
1474
1474
1474
54
1474
54
1474
1474
54
1474
1474
54
1474
1474
54
1474
1474
54
1474
1474
54
1474
1474
54
1474
1474
54
1474
1474
54
1474
1474
54
1474
1474
54
1474
1474
54
1474
1474
54
1474
1474
54
1474
1474
54
1474
1474
1474
1474
54
1474
1474
54
1474
1474
1474
1474
54
1474
1474
1474
54
1474
1474
1474
1474
1474
1474
1474
1474
54
1474
1474
1474
1474
1474
1474
54
1474
1474
1474
1474
54
1474
1474
1474
54
1474
1474
1474
1474
1474
1474
1474
54
1474
1474
1474
1474
1474
1474
1474
54
1474
1474
1474
54
1474
54
1474
1474
1474
1474
54
1474
1474
1474
54
1474
1474
54
1474
1474
1474
1474
54
1474
1474
1474
1474
1474
1474
54
1474
1474
1474
1474
1474
1474
1474
54
1474
1474
1474
54
1474
1474
1474
1474
54
1474
1474
1474
1474
1474
54
1474
1474
54
1474
1474
1474
1474
54
1474
1474
1474
54
1474
1474
54
1474
54
1474
1474
54
1474
1474
54
1474
1474
1474
54
1474
1474
1474
54
1474
1474
54
1474
1474
54
1474
1474
1474
54
1474
54
1474
1474
54
1474
1474
54
1474
1474
54
1474
1474
54
1474
1474
54
1474
1474
54
1474
1474
54
1474
1474
54
1474
1474
54
1474
1474
54
1474
1474
1474
1474
54
54
1474
1474
1474
54
1474
1474
1474
54
1474
1474
1474
54
1474
1474
54
1474
1474
1474
54
1474
1474
54
1474
1474
1474
54
1474
1474
54
1474
1474
54
1474
1474
1474
54
1474
1474
54
1474
1474
1474
54
1474
1474
1474
1474
54
1474
1474
1474
54
1474
1474
54
1474
1474
54
1474
1474
1474
1474
54
1474
1474
1474
1474
1474
1474
1474
1474
1474
1474
1474
1474
1474
1474
54
54
1474
1474
1474
1474
1474
1474
1474
1474
1474
1474
54
54
1474
1474
1474
1474
1474
1474
1474
54
1474
1474
1474
1474
54
1474
1474
1474
1474
1474
1474
1474
1474
1474
1474
54
1474
1474
1474
1474
54
1474
1474
1474
54
1474
1474
54
1474
1474
1474
1474
54
1474
1474
54
1474
1474
54
1474
1474
54
1474
1474
54
1474
1474
54
1474
1474
54
1474
1474
1474
54
1474
1474
54
1474
1474
54
1474
54
1474
1474
54
1474
1474
1474
1474
54
1474
1474
54
1474
1474
1474
1474
1474
1474
1474
1474
54
1474
1474
1474
54
1474
1474
1474
1474
54
1474
1474
1474
54
1474
1474
54
1474
1474
1474
54
1474
1474
1474
1474
54
1474
1474
1474
54
1474
1474
1474
54
1474
1474
54
1474
1474
1474
1474
54
1474
1474
1474
54
1474
1474
1474
54
1474
1474
1474
54
1474
1474
1474
1474
1474
54
1474
1474
1474
54
1474
1474
1474
54
1474
1474
1474
1474
1474
54
1474
1474
1474
1474
1474
54
1474
1474
1474
1474
1474
1474
1474
1474
54
1474
1474
1474
1474
1474
54
1474
1474
1474
1474
1474
54
54
1474
1474
1474
1474
1474
1474
54
1474
1474
1474
1474
1474
1474
1474
1474
1474
1474
1474
1474
1474
54
1474
1474
1474
1474
1474
1474
1474
1474
1474
1474
1474
1474
1474
1474
54
1474
1474
1474
54
1474
54
1474
1474
1474
54
1474
1474
54
1474
1474
54
1474
1474
1474
1474
54
1474
1474
54
1474
1474
1474
1474
1474
54
1474
1474
1474
1474
1474
1474
1474
1474
1474
1474
1474
1474
1474
1474
1474
1474
1474
54
1474
1474
1474
1474
1474
1474
1474
54
1474
1474
1474
1474
54
1474
1474
54
1474
1474
54
1474
1474
54
1474
1474
1474
1474
1474
1474
54
1474
1474
1474
54
1474
54
1474
1474
54
1474
1474
54
1474
1474
1474
1474
1474
1474
1474
1474
54
54
1474
1474
1474
1474
1474
1474
1474
54
1474
1474
1474
1474
54
54
1474
1474
1474
1474
1474
1474
1474
1474
54
54
1474
1474
1474
1474
1474
1474
1474
1474
54
1474
515
54
1474
1474
1474
54
1474
1474
1474
54
1474
1474
1474
1474
54
1474
1474
54
1288
1474
1474
54
1474
1474
54
1474
1474
1474
54
1474
1474
54
1474
54
1474
1474
54
1474
1474
54
1474
1474
1474
1474
54
1474
1474
54
1474
1474
54
1474
1474
54
1474
1474
1474
1474
54
1474
1474
1474
54
1474
1474
54
1474
54
1474
1474
54
1474
1474
54
1474
1474
54
1474
1474
54
1474
1474
1474
54
1474
1474
1474
54
1474
1474
54
1474
1474
54
1474
1474
1474
1474
1474
54
1474
1474
1474
54
1474
1474
54
1474
1474
54
1474
1474
54
1474
1474
54
1474
1474
54
1474
1474
54
1474
1474
54
1474
1474
54
1474
1474
54
1474
1474
1474
1474
54
1474
1474
54
1474
1474
54
1474
1474
1474
1474
54
1474
1474
1474
54
1474
54
1474
1474
54
1474
1474
54
1474
1474
54
1474
1474
54
1474
1474
54
1474
1474
54
1474
1474
54
1474
1474
54
1474
1474
54
1474
1474
54
1474
1474
54
1474
1474
1474
1474
54
1474
1474
1474
1474
1474
54
1474
1474
1474
54
1474
1474
1474
54
1474
1474
1474
54
1474
1474
1474
1474
54
1474
1474
1474
54
1474
54
1474
1474
1474
1474
1474
1474
1474
1474
1474
54
54
1474
1474
1474
1474
1474
54
1474
1474
1474
1474
1474
1474
54
54
1474
1474
1474
54
1474
1474
1474
54
1474
1474
54
1474
1474
54
1474
1474
54
1474
1474
54
1474
1474
54
1474
1474
54
1474
1474
54
1474
1474
54
1474
1474
54
1474
1474
54
1474
1474
54
1474
1474
54
1474
1474
54
1474
1474
1474
54
1474
1474
1474
1474
1474
1474
1474
54
54
1474
1474
1474
54
1474
1474
1474
1474
1474
54
54
1474
1474
1474
1474
1474
1474
1474
1474
1474
54
1474
1474
1474
1474
1474
1474
1474
1474
1474
1474
1474
1474
1474
1474
1474
1474
1474
1474
1474
1474
1474
1474
54
54
1474
1474
1474
54
1474
1474
54
1474
1474
1474
1474
54
1474
1474
1474
54
1474
54
1474
1474
1474
54
1474
54
1474
1474
1474
1474
54
1474
1474
54
1474
1474
54
1474
1474
54
1474
1474
247
54
1474
1474
54
1474
1474
54
54
54
1474
1474
54
1474
1474
1474
54
1474
1474
1474
54
1474
1474
54
1474
1474
1474
1474
1474
1474
54
1474
1474
54
1474
1474
54
1474
1474
54
1474
1474
1474
54
1474
1474
54
1474
54
1474
1474
54
1474
1474
1474
1474
1474
1474
1474
1474
54
1474
1474
54
1474
1474
1474
54
1474
54
1474
1474
1474
1474
54
1474
1474
54
1474
1474
1474
1474
54
1474
1474
54
1474
1474
1474
1474
54
1474
1474
1474
1474
54
1474
1474
54
1474
1474
54
1474
1474
1474
1474
54
1474
1474
1474
1474
54
195
54
1474
1474
54
1474
1474
1474
1474
54
1474
1474
1474
1474
54
1474
1474
54
1474
1474
54
1474
1474
54
1474
1474
1474
1474
1474
1474
1474
1474
1474
1474
54
195
1474
54
121
100
1474
1474
54
1474
1474
54
1474
1474
1474
54
1474
1474
1474
54
1474
1474
54
54
1474
1474
1474
54
1474
1474
1474
54
1474
1474
54
1474
1474
1474
54
1474
54
1474
1474
1474
54
1474
54
1474
1474
54
1474
1474
1474
1474
54
1474
1474
54
1474
1474
1474
54
1474
1474
54
1474
54
1474
1474
1474
1474
1474
54
1474
1474
1474
54
1474
1474
54
1474
1474
1474
1474
1474
1474
1474
1474
1474
1474
1474
1474
1474
1474
1474
1474
1474
1474
1474
1474
1474
1474
1474
1474
1474
54
1474
1474
1474
1474
1474
1474
54
1474
1474
1474
1474
1474
54
518
54
128
92
100
54
100
1474
1474
54
1474
1474
54
1474
1474
1474
54
1474
1474
54
1474
54
1474
1474
1474
54
1474
1474
54
1474
1474
1474
54
1474
1474
54
1474
1474
54
1474
1474
1474
1474
1474
54
1474
1474
1474
54
1474
1474
54
1474
1474
1474
54
1474
1474
1474
54
54
1474
1474
54
1474
1474
1474
54
1474
54
1474
1474
54
1474
1474
54
1474
1474
54
1474
1474
1474
54
1474
1474
1474
1474
1474
1474
1474
1474
54
1474
1474
1474
1474
54
1474
1474
1474
1474
1474
54
1474
1474
1474
54
1474
54
1474
1474
54
1474
1474
54
1474
1474
54
1474
1474
1474
1474
54
1474
1474
1474
1474
1474
54
1474
1474
54
1474
1474
54
1474
1474
1474
54
1474
1474
54
1474
1474
1474
54
1474
1474
1474
1474
1474
1474
1474
54
1474
1474
54
1474
1474
1474
1474
54
1474
1474
1474
1474
1474
1474
1474
1474
1474
1474
1474
1474
1474
1474
1474
1474
1474
54
1474
1474
1474
1474
1474
1474
54
1474
1474
1474
1474
1474
1474
54
1474
1474
1474
54
1474
1474
54
1474
1474
1474
54
1474
54
1474
1474
54
1474
1474
1474
1474
1474
1474
1474
1474
1474
1474
1474
1474
1474
1474
54
1474
1474
1474
1474
1474
1474
1474
1474
1474
1474
1474
1474
1474
1474
1474
1474
1474
54
1474
1474
1474
1474
1474
54
143
100
388
1474
315
54
54
100
1474
1474
54
1474
1474
1474
54
1474
54
1474
1474
1474
54
1474
1474
1474
54
1474
1474
1474
1474
54
1474
1474
1474
54
1474
1474
54
1474
1474
1474
54
1474
1474
54
1474
1474
1474
54
1474
1474
54
1474
1474
1474
1474
1474
1474
1474
151
135
100
54
54
100
1474
1474
54
1474
1474
54
1474
1474
1474
1474
1474
54
1474
1474
54
1474
1474
54
1474
1474
54
1474
1474
1474
54
1474
1474
1474
1474
54
1474
1474
1474
1474
1474
1474
1474
1474
1474
1474
1474
1474
1474
1474
1474
1474
54
54
1474
1474
54
1474
1474
54
1474
1474
54
1474
1474
1474
1474
1474
54
1474
54
1474
1474
1474
54
1474
1474
54
1474
54
1474
1474
54
1474
1474
1474
1474
1474
1474
54
1474
1474
1474
1474
1474
54
1474
1474
1474
54
1474
1474
1474
54
1474
54
1474
1474
1474
1474
54
1474
1474
54
1474
1474
54
1474
1474
54
1474
1474
1474
1474
1474
1474
1474
54
1474
1474
1474
1474
1474
1474
54
1474
1474
54
1474
1474
54
1474
1474
1474
1474
1474
1474
1474
1474
1474
1474
54
1474
54
1474
1474
1474
1474
54
1474
1474
54
1474
1474
1474
54
1474
54
1474
1474
1474
1474
1474
54
1474
1474
1474
54
1474
1474
1474
1474
54
1474
1474
54
1474
1474
54
1474
1474
1474
54
1474
1474
1474
54
1474
1474
54
1474
1474
1474
54
1474
54
1474
1474
54
1474
1474
1474
1474
1474
1474
1474
1474
1474
1474
1474
54
1474
1474
1474
1474
1474
1474
1474
1474
1474
1474
1474
1474
1474
1474
1474
1474
1474
1474
1474
1474
54
1474
1474
1474
1474
1474
54
1474
1474
1474
54
1474
1474
1474
54
1474
1474
1474
1474
1474
1474
1474
1474
1474
1474
1474
1474
1474
1474
1474
54
1474
1474
1474
1474
1474
1474
1474
1474
1474
1474
1474
1474
54
1474
1474
1474
1474
1474
1474
1474
54
1474
1474
54
1474
1474
1474
1474
1474
1474
1474
1474
1474
1474
1474
1474
1474
1474
1474
1474
1474
1474
1474
1474
1474
1474
1474
1474
1474
54
1474
1474
1474
1474
1474
1474
54
1474
1474
1474
1474
1474
1474
1474
54
1474
1474
54
1474
1474
1474
1474
1474
1474
1474
1474
1474
1474
1474
1474
1474
1474
1474
1474
1474
1474
1474
1474
1474
1474
1474
54
1474
1474
1474
1474
1474
1474
1474
1474
54
1474
1474
1474
1474
1474
1474
1474
54
1474
1474
54
1474
1474
1474
1474
1474
1474
1474
1474
1474
1474
1474
1474
1474
1474
1474
1474
1474
1474
1474
1474
1474
1474
1474
54
1474
1474
1474
1474
1474
1474
1474
1474
54
1474
1474
1474
1474
1474
1474
1474
1474
1474
54
1474
1474
1474
1474
1474
1474
1474
1474
1474
1474
1474
1474
54
1474
1474
1474
1055
54
66
66
54
259
54
1474
1474
1425
54
345
107
104
96
611
66
348
110
54
92
96
54
92
54
54
656
92
100
54
100
66
54
266
54
54
1474
1474
1071
54
345
107
104
96
900
799
348
110
54
92
96
54
92
54
54
389
407
100
54
100
54
54
1290
1474
1474
1474
1474
1474
54
1474
1474
1474
1474
1474
1474
1474
1474
1474
1474
1474
1474
54
1474
1474
1474
1474
1474
1474
1474
1474
1474
1474
1474
1474
1474
1474
1474
54
1474
1474
1474
1474
1474
1474
1474
1474
1474
1474
1474
1474
1474
1474
1474
1474
54
1474
1474
1474
54
1474
1474
1474
1474
54
1474
1474
1474
1474
1474
54
1474
1474
1474
1474
1474
1474
54
1474
1474
1474
1474
54
1474
1474
1474
1474
54
1474
1474
1474
1474
1474
1474
1474
1474
54
1474
1474
54
1474
1474
54
1474
1474
1474
54
1474
54
1474
1474
54
1474
1474
54
1474
1474
1474
54
1474
1474
1474
54
1474
1474
54
1474
1474
54
1474
1474
54
1474
1474
54
1474
1474
54
1474
1474
54
1474
1474
1474
54
1474
54
1474
1474
54
1474
1474
54
1474
1474
54
1474
1474
1474
1474
54
1474
1474
54
1474
1474
54
1474
1474
54
1474
1474
54
1474
1474
54
1474
1474
54
1474
1474
54
1474
1474
54
1474
1474
54
1474
1474
54
1474
1474
54
1474
1474
54
1474
1474
1474
1474
1474
1474
54
1474
1474
1474
54
1474
1474
54
1474
1474
54
1474
1474
54
1474
1474
1474
54
1474
1474
54
1474
1474
1474
1474
54
1474
1474
1474
1474
1474
1474
1474
1474
1474
1474
54
1474
1474
1474
1474
1474
54
1474
1474
1474
1474
1474
1474
1474
54
1474
1474
1474
1474
1474
1474
1474
1474
1474
1474
1474
1474
54
1474
1474
1474
1474
1474
1474
1474
1474
1474
1474
1474
1474
1474
1474
54
1474
1474
1474
1474
1474
1474
1474
896
54
437
54
128
92
100
54
100
54
55
66
1290
1474
1474
1474
1474
1474
54
1474
1474
1474
1474
1474
1474
1474
54
1474
1474
1474
1474
1474
1474
1474
1474
54
1474
1474
1474
1474
1474
1474
1474
54
1474
1474
54
1474
1474
1474
1474
1474
54
1474
1474
1474
54
1474
54
1474
1474
54
1474
1474
54
1474
1474
1474
54
1474
54
1474
1474
1474
54
1474
54
1474
1474
1474
54
1474
1474
1474
54
1474
1474
54
1474
1474
1474
1474
54
1474
1474
54
1474
1474
54
1474
1474
1474
1474
1474
54
1474
1474
54
1474
1474
54
1474
1474
54
1474
1474
54
1474
1474
1474
1474
1474
1474
54
1474
1474
1474
1474
1474
54
1474
1474
1474
1474
1474
1474
1474
1474
1474
1474
54
1474
1474
1474
1474
54
1474
1474
1474
1474
1474
1474
1474
54
1474
1474
1474
54
1474
1474
54
1474
1474
54
1474
1474
54
1474
1474
1474
1474
54
1474
1474
54
1474
1474
1474
54
1474
1474
54
1474
54
1474
1474
54
1474
1474
1474
54
1474
1474
1474
54
1474
1474
1474
54
1474
1474
1474
54
1474
1474
54
1474
1474
54
1474
1474
1474
54
1474
1474
1474
54
1474
1474
1474
54
1474
1474
1474
1474
1474
1474
1474
54
1474
1474
1474
1474
1474
54
1474
1474
1474
1474
1474
1474
1474
1474
1474
54
1474
1474
1474
1474
1474
54
1474
1474
1474
1474
1474
54
1474
1474
1474
1474
54
1474
1474
54
1474
1474
54
1474
1474
1474
54
1474
1474
54
1474
1474
1474
54
1474
1474
54
1474
1474
1474
1474
1474
54
1474
1474
1474
1474
54
1474
1474
54
1474
1474
1474
1474
1474
1474
1474
1474
1474
1474
1474
1474
1474
1474
1474
54
1212
1212
66
1291
1474
1474
1474
54
1474
1474
54
1474
1474
54
1474
1474
54
1474
1474
1474
1474
1474
1474
1474
1474
1474
1474
1474
1474
1474
54
1474
1474
1474
1474
1474
1474
1474
1474
1474
1474
1474
1474
1474
1474
54
1474
1474
1474
1474
1474
1474
1474
1474
1474
1474
1474
1474
54
1474
1474
54
1474
1474
1474
1474
1474
1474
54
1474
1474
54
1474
1474
1474
54
1474
1474
1474
54
1474
1474
1474
54
1474
1474
54
1474
1474
1474
54
1474
1474
54
1474
1474
1474
54
1474
1474
1474
1474
54
1474
1474
1474
54
1474
1474
1474
1474
1474
54
1474
1474
54
1474
1474
54
1474
1474
1474
54
1474
1474
54
1474
1474
54
1474
1474
54
1474
1474
54
1474
1474
54
1474
1474
54
1474
1474
54
1474
1474
54
1474
1474
54
1474
1474
1474
54
1474
54
1474
1474
54
1474
1474
54
1474
1474
54
1474
1474
54
1474
1474
54
1474
1474
54
1474
1474
1474
54
1474
1474
54
1474
1474
54
1474
1474
1474
54
1474
1474
54
1474
1474
1474
1474
54
1474
1474
1474
54
1474
1474
54
1474
1474
1474
54
1474
1474
1474
54
1474
1474
1474
54
1474
1474
1474
1474
54
1474
1474
1474
54
1474
1474
1474
1474
1474
54
1474
1474
1474
1474
1474
1474
54
1474
1474
1474
1474
1474
54
1474
1474
1474
54
1474
1474
1474
1474
54
1474
1474
1474
54
1474
1474
1474
1474
54
1474
1474
1474
54
1474
1474
1474
1474
54
1474
1474
1474
1474
1474
54
1474
1474
1474
1474
1474
54
1474
1474
54
1474
1474
1474
1474
1474
1474
1474
54
1474
1474
1474
1474
1474
54
1474
1474
1474
1474
54
1474
1474
1474
1474
1474
1474
1474
1474
1474
1474
1474
1474
54
1474
1474
1474
54
1474
54
1474
1474
54
1474
1474
54
1474
1474
54
1474
1474
54
1474
1474
1474
1474
54
1474
1474
54
1474
1474
54
1474
1474
1474
54
1474
1474
1474
1474
1474
54
1474
1474
1474
1474
54
1474
1474
1474
1474
54
1474
1474
1474
54
1474
1474
1474
54
1474
1474
1474
54
1474
1474
1474
1474
54
1474
1474
1474
1474
54
1474
1474
1474
1474
1474
54
1474
1474
1474
1474
54
1474
1474
1474
1474
54
1474
1474
1474
1474
1474
54
1474
1474
1474
1474
1474
1474
1474
1474
1474
1474
54
1474
1474
1474
1474
1474
1474
54
1474
54
1474
1474
1474
1474
1474
1474
1474
1474
54
1474
1474
1474
1474
1474
1474
1474
54
1474
1474
1474
1474
1474
1474
1474
1474
1474
1474
1474
54
1474
1474
1474
1474
1474
1474
1474
1474
1474
1474
1474
1474
1474
1474
1474
1474
1474
1474
54
1474
1474
54
1474
1474
54
1474
1474
54
1474
1474
1474
1474
1474
1474
1474
54
1474
54
1474
1474
1474
1474
1474
54
1474
1474
54
1474
1474
54
1474
1474
54
1474
54
1474
1474
54
1474
1474
1474
54
1474
54
1474
1474
1474
54
1474
1474
54
1474
54
1474
1474
54
1474
1474
54
1474
1474
54
1474
1474
54
1474
1474
54
1474
1474
54
1474
1474
54
1474
1474
54
1474
1474
54
1474
1474
54
1474
1474
54
1474
1474
54
1474
1474
54
1474
1474
54
1474
1474
54
1474
1474
54
1474
1474
54
1474
1474
54
1474
1474
54
1474
1474
54
1474
1474
1474
1474
1474
1474
54
1474
1474
54
1474
1474
1474
1474
54
1474
1474
1474
54
1474
1474
54
1474
1474
1474
1474
1474
1474
54
1474
1474
1474
1474
1474
1474
54
1474
1474
1474
54
1474
1474
54
1474
1474
1474
1474
54
1474
1474
1474
1474
54
1474
1474
1474
54
1474
1474
1474
1474
1474
54
1474
1474
1474
1474
54
1474
1474
54
1474
1474
1474
1474
1474
54
1474
1474
1474
1474
54
1474
1474
1474
1474
1474
1474
1474
1474
1474
1474
1474
1474
54
1474
54
1474
1474
1474
1474
1474
1474
1474
1474
1474
1474
1474
1474
1474
1474
1474
1474
1474
1474
1474
1474
1474
1474
54
1474
1474
1474
1474
1474
1474
1474
1474
1474
1474
54
1474
1474
1474
1474
1474
1474
1474
1474
54
1474
1474
1474
54
1474
1474
1474
1474
1474
1474
1474
1474
1474
54
1474
1474
1474
54
1474
54
1474
1474
54
1474
1474
1474
54
1474
54
1474
1474
54
1474
1474
54
1474
1474
1474
1474
1474
1474
1474
1474
1474
1474
1474
1474
54
1474
1474
1474
1474
1474
1474
1474
54
1474
1474
1474
1474
1474
1474
1474
1474
54
1474
1474
1474
1474
1474
1474
1474
1474
1474
1474
1474
1474
1474
1474
1474
1474
1474
1474
1474
1474
1474
1474
54
1474
54
1474
1474
1474
1474
54
1474
1474
54
1474
1474
1474
54
1474
1474
54
1474
1474
54
1474
1474
54
1474
1474
54
1474
1474
54
1474
54
1474
1474
54
1474
1474
54
1474
1474
54
1474
1474
54
1474
1474
54
1474
1474
1474
1474
54
1474
1474
54
1474
1474
54
1474
1474
54
1474
1474
1474
54
1474
54
1474
1474
54
1474
1474
1474
1474
54
1474
1474
1474
1474
54
1474
1474
54
1474
1474
1474
54
1474
54
1474
1474
54
1474
1474
54
1474
1474
54
1474
1474
54
1474
1474
54
1474
1474
54
1474
1474
54
1474
1474
54
1474
1474
54
1474
1474
1474
1474
1474
1474
1474
1474
54
1474
1474
54
1474
1474
1474
1474
54
1474
1474
54
1474
1474
54
1474
1474
54
1474
1474
54
1474
1474
54
1474
1474
54
1474
1474
54
1474
1474
54
1474
1474
54
1474
1474
54
1474
1474
1474
54
1474
54
1474
1474
54
1474
1474
54
1474
1474
54
1474
1474
54
1474
1474
54
1474
1474
1474
1474
54
1474
1474
1474
1474
54
1474
1474
1474
1474
1474
1474
54
1474
1474
1474
54
1474
1474
1474
1474
1474
1474
1474
54
1474
1474
1474
1474
1474
1474
1474
1474
54
1474
1474
1474
1474
1474
1474
54
1474
1474
1474
1474
1474
54
1474
1474
54
1474
1474
54
1474
1474
54
1474
1474
1474
54
1474
1474
54
1474
1474
54
1474
1474
54
1474
1474
1474
54
1474
54
1474
1474
1474
54
1474
54
1474
1474
1474
54
1474
54
1474
1474
54
1474
1474
1474
54
1474
1474
54
1474
54
1474
1474
54
1474
1474
1474
54
1474
1474
54
1474
54
1474
1474
54
1474
1474
54
1474
1474
54
1474
1474
54
1474
1474
54
1474
1474
1474
54
1474
54
1474
1474
54
1474
1474
54
1474
1474
54
1474
1474
1474
54
1474
54
1474
1474
54
1474
1474
54
1474
1474
54
1474
1474
54
1474
1474
1474
54
1474
54
1474
1474
54
1474
1474
1474
1474
54
1474
1474
1474
1474
54
1474
1474
54
1474
1474
1474
1474
54
1474
1474
1474
54
1474
1474
1474
1474
54
1474
1474
1474
1474
1474
54
1474
1474
1474
1474
1474
1474
1474
1474
1474
1474
54
1474
1474
1474
1474
1474
1474
1474
1474
1474
1474
1474
1474
1474
54
1474
1474
1474
1474
1474
54
1474
1474
1474
1474
1474
54
1474
1474
1474
1474
54
1474
1474
54
1474
1474
1474
1474
1474
1474
1474
1474
1474
54
1474
1474
54
1474
1474
1474
54
1474
1474
1474
54
1474
1474
54
1474
1474
54
1474
1474
1474
54
1474
1474
1474
54
1474
1474
1474
1474
1474
54
1474
1474
1474
54
1474
1474
1474
1474
1474
54
1474
1474
1474
54
1474
1474
54
1474
1474
1474
54
1474
54
1474
1474
54
1474
1474
1474
1474
1474
54
1474
1474
54
1474
54
1474
1474
1474
1474
1474
1474
54
1474
1474
54
1474
1474
1474
1474
1474
54
1474
1474
54
1474
1474
1474
54
1474
1474
1474
1474
54
1474
1474
54
1474
1474
1474
54
1474
1474
1474
54
1474
1474
54
1474
1474
54
1474
1474
54
1474
1474
54
1474
1474
54
1474
1474
1474
54
1474
54
1474
1474
54
1474
1474
1474
54
1474
54
1474
1474
54
1474
1474
54
1474
1474
1474
54
1474
1474
1474
54
1474
1474
1474
1474
1474
54
1474
1474
54
1474
1474
1474
1474
1474
54
1474
1474
1474
1474
54
1474
1474
1474
1474
1474
1474
1474
1474
1474
54
1474
54
1474
1474
1474
1474
1474
54
1474
1474
1474
1474
1474
54
1474
1474
54
1474
1474
1474
54
1474
1474
54
1474
1474
1474
54
1474
1474
1474
1474
1474
1474
1474
1474
1474
1474
1474
1474
54
1474
1474
1474
1474
1474
1474
54
1474
1474
1474
1474
54
1474
1474
54
1474
1474
1474
1474
54
1474
1474
1474
1474
54
1474
1474
1474
54
1474
1474
1474
54
1474
1474
54
1474
1474
54
1474
1474
54
1474
1474
1474
54
1474
54
1474
1474
54
1474
1474
54
1474
1474
1474
54
1474
1474
1474
54
1474
1474
54
1474
1474
1474
54
1474
1474
54
1474
1474
1474
1474
54
1474
1474
1474
54
1474
1474
1474
1474
54
1474
1474
1474
54
1474
54
1474
1474
54
1474
1474
54
1474
1474
54
1474
1474
54
1474
1474
1474
54
1474
54
1474
1474
54
1474
1474
1474
54
1474
1474
1474
54
1474
1474
1474
54
1474
1474
1474
54
1474
1474
1474
1474
1474
1474
54
1474
1474
1474
1474
1474
54
1474
1474
1474
54
1474
1474
1474
1474
54
1474
1474
1474
1474
54
1474
1474
1474
1474
1474
1474
1474
1474
54
1474
1474
1474
1474
54
1474
1474
1474
1474
1474
1474
1474
1474
1474
1474
1474
1474
1474
1474
1474
1474
54
1474
1474
1474
1474
1474
1474
1474
1474
1474
54
1474
1474
1474
1474
1474
1474
54
1474
1474
1474
1474
54
1474
54
1474
1474
1474
1474
1474
1474
1474
1474
54
1474
1474
54
1474
1474
54
1474
1474
1474
1474
1474
1474
1474
1474
54
1474
1474
1474
1474
54
1474
1474
54
1474
1474
1474
54
1474
1474
1474
54
1474
1474
1474
1474
54
1474
1474
54
1474
1474
1474
1474
54
1474
1474
54
1474
1474
1474
1474
54
1474
1474
1474
1474
1474
54
1474
54
1474
1474
54
1474
1474
54
1474
1474
54
1474
1474
54
1474
1474
1474
54
1474
1474
54
1474
54
1474
1474
54
1474
1474
1474
1474
54
1474
1474
54
1474
1474
1474
54
1474
1474
1474
54
1474
1474
1474
54
1474
1474
54
1474
1474
1474
1474
54
1474
1474
54
1474
1474
54
1474
1474
1474
1474
1474
54
1474
1474
1474
1474
1474
1474
1474
1474
1474
1474
1474
1474
1474
1474
1474
1474
1474
1474
1474
1474
1474
1474
54
1474
1474
1474
1474
1474
1474
1474
1474
1474
1474
1474
234
54
438
54
128
92
100
54
100
54
1290
1474
1474
1474
54
1474
1474
54
1474
1474
54
1474
54
1474
1474
1474
1474
1474
1474
1474
54
1474
54
1474
1474
1474
1474
1474
1474
1474
1474
54
1474
1474
54
1474
1474
1474
54
1474
1474
1474
1474
1474
1474
1474
1474
1474
1474
1474
1474
1474
1474
1474
1474
54
1474
1474
54
1474
1474
1474
1474
1474
1474
1474
1474
1474
1474
1474
54
1474
1474
54
1474
1474
1474
1474
1474
1474
1474
54
1474
54
1474
1474
54
1474
1474
1474
54
1474
1474
54
1474
54
1474
1474
54
1474
1474
54
1474
1474
54
1474
1474
1474
54
1474
54
1474
1474
54
1474
1474
1474
1474
1474
54
1474
1474
1474
1474
1474
54
1474
1474
54
1474
1474
1474
54
1474
54
1474
1474
1474
54
1474
1474
1474
1474
1474
1474
1474
54
1474
1474
1474
54
1474
1474
1474
54
1474
1474
54
1474
1474
54
1474
1474
54
1474
1474
54
1474
1474
1474
1474
54
1474
1474
54
1474
1474
1474
1474
1474
1474
54
1474
1474
1474
54
1474
1474
1474
1474
1474
1474
1474
1474
54
1474
1474
1474
1474
1474
54
1474
1474
1474
54
1474
1474
54
1474
1474
1474
54
1474
1474
1474
1474
54
1474
1474
54
1474
1474
1474
54
1474
1474
54
1474
1474
54
1474
1474
54
1474
1474
1474
1474
1474
54
1474
1474
54
1474
1474
54
1474
1474
1474
54
1474
1474
1474
1474
1474
1474
54
1474
1474
1474
1474
1474
54
1474
1474
1474
1474
1474
54
1474
1474
1474
1474
1474
1474
54
1474
1474
1474
1474
1474
54
1474
1474
1474
1474
54
1474
1474
1474
1474
54
1474
1474
54
1474
1474
1474
1474
54
1299
54
54
54
55
66
54
1290
54
1474
1474
54
1474
1474
54
1474
1474
54
1474
1474
1474
1474
1474
54
1474
1474
54
1474
1474
1474
1474
1474
1474
1474
1474
1474
1474
1474
1474
1474
54
1474
1474
1474
1474
54
1474
1474
1474
1474
1474
1474
1474
1474
1474
1474
1474
1474
1474
1474
54
54
1474
1474
1474
1474
1474
1474
1474
1474
1474
1474
1474
1474
1474
1474
1474
1474
1474
1474
1474
1474
1474
1474
1474
54
1474
1474
54
1474
1474
54
1474
1474
54
1474
1474
54
1474
1474
54
1474
54
1474
1474
1474
54
1474
1474
1474
1474
54
1474
1474
1474
1474
1474
1474
1474
1474
1474
1474
1474
1474
1474
1474
1474
1474
1474
1474
1474
54
1474
1474
54
1474
1474
1474
1474
54
1474
1474
1474
1474
1474
54
1474
1474
1474
54
1474
1474
54
1474
1474
1474
54
1474
1474
1474
54
1474
1474
1474
54
1474
1474
1474
54
1474
1474
1474
54
1474
54
1474
1474
1474
1474
54
1474
1474
54
1474
1474
54
1474
1474
54
1474
1474
1474
54
1474
1474
54
1474
1474
54
1474
1474
1474
1474
1474
1474
1474
1474
1474
1474
1474
1474
1474
1474
54
1474
1474
1474
1474
1474
1474
1474
1474
1474
54
1474
1474
1474
1474
1474
54
1474
1474
1474
1474
54
1474
1474
54
1474
1474
1474
1474
1474
1474
1474
1474
1474
1474
1474
1474
1474
1474
1474
1474
54
1474
1474
1474
1474
1474
1474
1474
1474
1474
1474
54
1474
1474
1474
1474
1474
1474
1474
1474
1474
1474
1474
54
1377
54
1292
1474
1474
54
1474
1474
1474
54
1474
1474
1474
54
1474
1474
1474
54
1474
54
1474
1474
1474
1474
54
1474
1474
1474
54
1474
1474
1474
54
1474
1474
1474
54
1474
1474
1474
54
1474
1474
54
1474
1474
1474
54
1474
1474
1474
54
1474
1474
54
1474
1474
1474
54
1474
1474
54
1474
1474
1474
1474
1474
1474
1474
1474
54
1474
54
1474
1474
1474
1474
1474
54
1474
1474
54
1474
1474
54
1474
54
1474
1474
54
1474
1474
54
1474
1474
54
1474
1474
1474
1474
54
1474
1474
1474
1474
1474
1474
1474
1474
1474
1474
54
1474
1474
1474
54
1474
1474
54
1474
1474
54
1474
1474
1474
1474
54
1474
1474
1474
1474
1474
54
1474
1474
1474
1474
1474
1474
1474
1474
1474
1474
1474
1474
54
1474
1474
1474
1474
1474
1474
54
1474
1474
1474
1474
54
1474
1474
1474
54
1474
1474
1474
54
1474
1474
54
1474
1474
1474
54
1474
1474
1474
54
1474
1474
54
1474
1474
54
1474
1474
54
1474
1474
54
1474
1474
1474
54
1474
54
1474
1474
1474
54
1474
1474
1474
1474
1474
1474
1474
1474
1474
1474
1474
54
1474
1474
1474
54
1474
1474
1474
1474
1474
1474
1474
1474
1474
1474
54
1474
1474
1474
1474
1474
1474
1474
1474
1474
1474
1474
1474
1474
54
1474
1474
1474
1474
1474
1474
1474
1474
1474
1474
1474
1474
1474
54
1474
1474
1474
1474
1474
1474
1474
1474
1474
1474
1474
1474
1474
1474
1474
1474
1474
1474
1474
1474
1474
54
1474
1474
1474
1474
1474
1474
1474
1474
1474
1474
1474
1474
1474
54
1474
1474
1474
1474
1474
1474
1474
1474
1474
1474
1474
54
1474
1474
1474
1474
54
1474
1474
54
1474
1474
54
1474
1474
1474
1474
54
1474
1474
1474
1474
1474
54
1474
54
1474
1474
54
1474
1474
1474
1474
1474
1474
1474
54
1474
1474
1474
54
1474
1474
54
1474
1474
1474
1474
54
1474
1474
1474
54
1474
54
1474
1474
1474
54
1474
1474
54
1474
1474
1474
54
1474
1474
1474
54
1474
1474
54
1474
1474
1474
54
1474
1474
54
1474
1474
1474
1474
54
1474
1474
1474
1474
1474
1474
54
1474
1474
1474
54
1474
1474
54
1474
1474
54
1474
1474
54
1474
1474
54
1474
1474
1474
54
1474
1474
1474
1474
54
1474
1474
1474
54
1474
1474
1474
1474
1474
1474
1474
54
1474
1474
54
1474
1474
1474
54
1474
1474
1474
1474
1474
1474
1474
1474
1474
1474
1474
54
1474
1474
1474
1474
1474
54
1474
1474
1474
1474
54
1474
1474
1474
1474
1474
54
1474
1474
1474
1474
1474
54
1474
1474
1474
1474
54
1474
1474
54
1474
1474
54
1474
1474
1474
54
1474
1474
54
1474
1474
1474
54
1474
1474
1474
1474
54
1474
1474
1474
1474
1474
54
1474
1474
1474
54
1474
1474
1474
1474
1474
1474
1474
54
1474
1474
1474
1474
1474
1474
54
1474
1474
1474
1474
54
1474
1474
54
1474
1474
1474
54
1474
1474
54
1474
1474
1474
54
1474
1474
54
1474
1474
1474
1474
1474
1474
1474
1474
1474
54
1474
1474
54
1474
1474
1474
1474
1474
1474
54
1474
1474
1474
1474
1474
1474
54
1474
54
1474
1474
1474
1474
1474
1474
1474
54
1474
1474
1474
54
1474
1474
54
1474
1474
1474
1474
1474
54
1474
1474
1474
1474
1474
54
1474
1474
1474
1474
54
1474
1474
1474
1474
1474
1474
1474
1474
1474
1474
54
1474
1474
1474
1474
54
1474
1474
54
1474
1474
54
1474
1474
54
1474
1474
1474
54
1474
1474
1474
1474
1474
1474
1474
1474
1474
1474
1474
54
1474
1474
1474
1474
1474
1474
1474
1474
54
1474
1474
1474
1474
1474
1474
1474
1474
1474
1474
54
1474
1474
1474
1474
54
1474
1474
1474
1474
54
1474
1474
1474
1474
54
1474
1474
1474
1474
54
1474
1474
1474
1474
54
1474
1474
1474
54
1474
1474
1474
1474
1474
1474
54
1474
1474
1474
1474
1474
1474
1474
54
1474
1474
1474
1474
54
1474
1474
1474
1474
1474
54
1474
54
1474
1474
54
1474
1474
1474
1474
1474
1474
54
1474
1474
1474
54
1474
1474
1474
54
1474
1474
54
1474
1474
1474
1474
1474
1474
54
1474
1474
1474
1474
54
1474
1474
1474
54
1474
1474
1474
1474
1474
1474
54
1474
1474
1474
54
1474
1474
1474
1474
54
1474
1474
54
1474
1474
1474
1474
1474
1474
54
1474
1474
1474
1474
1474
54
1474
1474
1474
1474
54
1474
1474
1474
1474
54
1474
54
1474
1474
54
1474
1474
1474
1474
1474
54
1474
1474
1474
1474
54
1474
54
1474
1474
1474
1474
54
1474
1474
1474
1474
54
1474
1474
54
1474
1474
54
1474
1474
1474
54
1474
1474
1474
54
1474
1474
1474
1474
54
1474
1474
54
1474
1474
54
1474
1474
54
1474
1474
54
1474
1474
1474
1474
54
1474
1474
1474
54
1474
1474
54
1474
1474
1474
54
1474
1474
1474
1474
54
1474
1474
1474
54
1474
1474
1474
1474
1474
1474
1474
1474
1474
1474
1474
1474
1474
1474
1474
54
1474
1474
1474
1474
1474
1474
1474
1474
1474
1474
1474
54
1474
1474
1474
1474
1474
1474
1474
1474
1474
54
1474
1474
1474
1474
1474
1474
1474
1474
1474
1474
1474
54
1474
1474
1474
1474
1474
1474
54
1474
1474
1474
1474
1474
54
1474
1474
1474
54
1474
54
1474
1474
54
1474
1474
54
1474
1474
1474
54
1474
1474
54
1474
1474
1474
54
1474
1474
54
1474
1474
54
1474
1474
1474
54
1474
54
1474
1474
1474
54
1474
1474
54
1474
1474
1474
54
1474
1474
54
1474
1474
1474
54
1474
1474
54
1474
1474
1474
54
1474
1474
54
1474
1474
1474
1474
54
1474
1474
54
1474
1474
1474
54
1474
1474
1474
1474
54
1474
1474
54
1474
1474
1474
1474
54
1474
1474
1474
1474
1474
1474
1474
54
1474
1474
1474
1474
1474
54
1474
1474
1474
1474
1474
1474
1474
1474
54
1474
1474
1474
1474
1474
54
1474
1474
1474
1474
1474
54
1474
1474
1474
54
1474
1474
54
1474
1474
54
1474
1474
54
1474
1474
54
1474
1474
1474
54
1474
1474
1474
1474
54
1474
1474
1474
1474
54
1474
1474
1474
1474
1474
54
1474
1474
54
1474
1474
1474
1474
1474
1474
54
1474
1474
54
1474
1474
54
1474
1474
1474
54
1474
1474
54
1474
1474
1474
1474
54
1474
1474
1474
54
1474
1474
1474
1474
54
1474
1474
1474
1474
1474
1474
1474
1474
1474
1474
1474
54
1474
1474
1474
1474
1474
1474
1474
54
1474
1474
1474
1474
1474
1474
1474
1474
54
1474
1474
1474
1474
1474
54
1474
1474
1474
1474
1474
1474
1474
1474
1474
1474
54
1474
1474
1474
1474
1474
1474
1474
1474
54
1474
1474
1474
1474
1474
1474
1474
54
1474
1474
1474
1474
54
1474
1474
1474
1474
1474
1474
54
1474
1474
54
1474
1474
54
1474
1474
54
1474
1474
1474
54
1474
1474
54
1474
1474
1474
1474
1474
54
1474
1474
1474
1474
54
1474
1474
1474
1474
54
1474
1474
54
1474
1474
1474
54
1474
54
1474
1474
54
1474
1474
1474
54
1474
1474
1474
1474
1474
1474
1474
1474
1474
54
1474
1474
54
1474
1474
54
1474
1474
54
1474
1474
54
1474
1474
1474
1474
54
1474
1474
54
1474
1474
54
1474
1474
54
1474
1474
1474
54
1474
1474
54
1474
1474
54
1474
1474
1474
54
1474
1474
1474
1474
54
1474
1474
1474
1474
54
1474
1474
54
1474
1474
1474
54
1474
1474
54
1474
1474
54
1474
1474
1474
54
1474
1474
54
1474
1474
1474
54
1474
1474
54
1474
1474
1474
54
1474
1474
1474
54
1474
1474
1474
1474
54
1474
1474
1474
54
1474
1474
1474
54
1474
1474
1474
54
1474
1474
1474
54
1474
1474
54
1474
1474
1474
54
1474
1474
1474
54
1474
1474
54
1474
1474
54
1474
1474
1474
54
1474
1474
54
1474
1474
1474
1474
54
1474
1474
54
1474
1474
1474
1474
54
1474
1474
1474
54
1474
1474
54
1474
1474
1474
54
1474
1474
54
1474
1474
1474
1474
1474
1474
1474
1474
1474
54
1474
1474
1474
1474
54
1474
1474
1474
54
1474
1474
1474
1474
1474
1474
1474
1474
54
1474
1474
1474
1474
1474
1474
54
1474
1474
1474
1474
1474
1474
1474
1474
1474
54
1474
54
1474
1474
1474
1474
1474
54
1474
54
1474
1474
54
1474
1474
54
1474
1474
54
1474
1474
54
1474
1474
54
1474
1474
54
1474
1474
1474
54
1474
1474
54
1474
1474
1474
1474
54
1474
1474
54
1474
1474
54
1474
1474
1474
1474
1474
54
1474
1474
54
1474
1474
1474
54
1474
1474
1474
1474
1474
1474
54
1474
1474
1474
54
1474
1474
1474
54
1474
1474
1474
1474
54
1474
1474
1474
1474
54
1474
1474
54
492
100
1474
1474
1474
54
1474
1474
1474
54
1474
1474
1474
1474
1474
1474
1474
1474
1474
54
1474
1474
1474
1474
1474
54
1474
1474
1474
1474
1474
1474
1474
54
1474
1474
1474
1474
1474
1474
1474
1474
66
1474
1474
1474
1474
1474
1474
1474
1474
1474
1474
1474
66
66
66
66
66
66
66
66
66
66
66
1474
1474
1474
1474
1474
1474
1474
66
66
66
66
66
66
66
1474
1474
1474
1474
1474
1474
1474
66
66
66
66
66
66
66
1474
1474
1474
1474
1474
1474
1474
1474
66
66
66
66
66
66
66
66
1474
1474
1474
1474
1474
1474
66
66
66
66
66
66
1474
1474
1474
1474
1474
1474
66
66
66
66
66
66
1474
1474
1474
1474
66
66
66
66
1474
1474
1474
1474
66
66
66
66
1474
66
1474
66
1474
66
1474
66
1474
1474
66
66
1474
1474
1474
66
66
66
1474
66
1474
66
1474
1474
1474
66
66
66
1474
1474
66
66
1474
66
1474
1474
66
54
1474
1474
1474
1474
54
1474
1474
1474
1474
54
1474
1474
1474
1474
1474
54
1474
1474
1474
54
1474
1474
1474
54
1474
1474
54
1474
1474
54
1474
1474
1474
54
1474
1474
54
1474
1474
1474
1474
1474
54
1474
1474
1474
1474
1474
54
1474
1474
1474
1474
54
1474
54
1474
1474
54
1474
54
54
100
1474
54
128
54
92
100
54
100
1474
1474
54
1474
1474
54
1474
1474
1474
1474
54
1474
1474
54
1474
1474
54
1474
1474
54
1474
1474
54
1474
1474
54
1474
1474
54
1474
1474
54
1474
1474
54
1474
1474
54
1474
1474
54
1474
240
54
54
1291
1474
1474
54
1474
1474
54
1474
1474
1474
54
1474
1474
54
1474
1474
1474
1474
54
1474
1474
54
1474
1474
1474
1474
1474
1474
1474
54
1474
1474
1474
1474
1474
1474
1474
1474
1474
1474
54
1474
1474
54
1474
1474
1474
1474
1474
1474
1474
1474
1474
54
1474
54
1474
1474
1474
1474
1474
1474
1474
1474
1474
54
1474
1474
1474
1474
1474
1474
1474
1474
1474
1474
1474
1474
1474
1474
1474
1474
54
1474
1474
1474
1474
1474
1474
1474
1474
1474
1474
1474
1474
54
1474
1474
1474
1474
1474
1474
1474
1474
1474
1474
1474
1474
54
1474
1474
1474
54
1474
1474
1474
1474
1474
1474
54
1474
1474
54
1474
1474
1474
1474
54
1474
1474
1474
54
1474
1474
1474
54
1474
1474
1474
54
1474
1474
54
1474
1474
1474
54
1474
1474
1474
54
1474
1474
1474
54
1474
1474
54
1474
1474
1474
54
1474
1474
54
1474
1474
1474
1474
1474
1474
54
1474
1474
1474
1474
54
1474
1474
1474
1474
1474
54
1474
1474
1474
1474
54
1474
1474
1474
1474
54
1474
1474
54
1474
1474
1474
1474
54
1474
1474
54
1474
1474
1474
1474
1474
1474
1474
1474
1474
1474
54
1474
1474
1474
1474
1474
1474
54
1474
1474
1474
1474
1474
1474
54
1474
1474
54
1474
1474
1474
54
1474
1474
1474
1474
1474
1474
1474
1474
1474
1474
1474
1474
1474
1474
1474
1474
54
1474
1474
1474
1474
1474
1474
1474
1474
54
1474
54
1474
1474
54
1474
1474
1474
54
1474
1474
1474
1474
1474
1474
1474
1474
1474
54
1474
1474
99
54
439
54
128
92
100
54
100
54
55
66
1291
1474
1474
54
1474
1474
1474
54
1474
54
1474
1474
54
1474
1474
1474
54
1474
54
1474
1474
1474
1474
1474
54
1474
1474
54
1474
54
1474
1474
1474
54
1474
1474
54
1474
1474
1474
54
1474
1474
1474
1474
54
1474
1474
54
1474
1474
1474
54
1474
1474
1474
54
1474
1474
1474
1474
1474
1474
1474
1474
1474
1474
1474
1474
54
1474
1474
1474
1474
1474
1474
1474
1474
1474
1474
54
1474
1474
1474
1474
1474
1474
1474
54
1474
1474
1474
1474
1474
54
1474
1474
54
1474
1474
54
1474
1474
54
1474
1474
54
1474
1474
54
1474
1474
1474
1474
1474
54
1474
54
1474
1474
54
1474
1474
1474
1474
1474
1474
1474
54
1474
1474
1474
1474
54
1474
1474
1474
54
1474
1474
1474
54
1474
1474
1474
1474
1474
1474
54
1474
54
1474
1474
1474
1474
1474
54
1474
1474
1474
1474
1474
1474
1474
1474
1474
1474
1474
1474
1474
1474
1474
54
1474
1474
1474
1474
1474
1474
1474
1474
1474
1474
1474
1474
1474
1474
1474
1474
1474
1474
54
1474
1474
1474
1474
1474
1474
1474
1474
54
1474
1474
1474
1474
1474
54
1474
54
1474
1474
54
1474
1474
54
1474
1474
1474
54
1474
54
1474
1474
1474
54
1474
1474
1474
1474
1474
1474
54
1474
54
1474
1474
1474
1474
1474
1474
1474
54
1474
1474
1474
1474
1474
54
1474
1474
1474
1474
54
1474
1474
1474
1474
1474
1474
1474
1474
1474
1474
1474
1474
1474
54
1474
54
1474
1474
1474
1474
1474
1474
1474
1474
1474
1474
1474
1474
164
54
139
54
155
155
54
55
66
1292
1474
1474
1474
1474
1474
54
1474
1474
1474
1474
1474
54
1474
1474
1474
1474
1474
1474
1474
1474
1474
1474
1474
54
1474
1474
1474
1474
1474
1474
1474
1474
1474
1474
1474
1474
1474
1474
1474
1474
54
1474
1474
1474
1474
1474
1474
1474
1474
1474
1474
1474
1474
1474
54
1474
1474
1474
1474
1474
1474
1474
1474
1474
1474
1474
1474
54
1474
1474
54
1474
1474
1474
54
1474
1474
54
1474
54
1474
1474
1474
1474
1474
54
1474
1474
1474
1474
54
1474
1474
54
1474
1474
1474
1474
1474
54
1474
1474
1474
1474
1474
1474
1474
1474
54
1474
1474
1474
1474
1474
54
1474
1474
1474
1474
54
1474
1474
54
1474
1474
54
1474
1474
54
1474
1474
1474
54
1474
1474
1474
1474
54
1474
1474
1474
1474
54
1474
1474
1474
54
1474
1474
1474
54
1474
1474
1474
1474
1474
54
1474
54
1474
1474
54
1474
1474
1474
1474
54
1474
1474
54
1474
1474
1474
1474
54
1474
1474
1474
54
1474
1474
1474
1474
1474
1474
1474
1474
1474
1474
1474
1474
1474
54
1474
1474
1474
1474
1474
1474
1474
1474
1474
54
1474
1474
1474
1474
1474
1474
1474
54
1474
1474
1474
1474
1474
54
1474
1474
1474
1474
1474
1474
1474
1474
1474
1474
1474
1474
54
1474
1474
1474
1474
1474
1474
1474
54
1474
1474
1474
1474
1474
1474
54
1474
1474
1474
1474
1474
54
1474
1474
1474
1474
1474
1474
1474
1474
1474
1474
1474
1474
1474
1474
1474
1474
1474
1474
1474
1474
54
1474
1474
1474
1474
1474
1474
1474
1474
1474
1474
1474
1474
54
1474
1474
1474
1474
1474
1474
1474
1474
1474
54
1474
1474
1474
1474
1474
1474
1474
1474
1474
1474
1474
1474
1474
54
1474
54
1474
1474
54
1474
1474
1474
1474
1474
54
1474
1474
54
1474
1474
1474
54
1474
1474
54
1474
1474
1474
1474
54
1474
1474
1474
54
1474
1474
1474
54
1474
1474
54
1474
1474
54
1474
1474
54
1474
1474
1474
1474
1474
1474
1474
1474
1474
1474
54
1474
1474
1474
1474
1474
1474
1474
1474
54
1474
1474
1474
1474
1474
1474
54
1474
1474
1474
54
1474
1474
1474
1474
1474
54
1474
1474
1474
54
1474
1474
1474
54
1474
1474
54
1474
1474
1474
54
1474
1474
1474
54
1474
1474
1474
1474
54
1474
1474
1474
54
1474
1474
54
1474
1474
1474
1474
54
1474
1474
1474
1474
54
1474
54
1474
1474
1474
1474
54
1474
1474
54
1474
1474
1474
54
1474
1474
1474
1474
54
1474
54
1474
1474
54
1474
1474
1474
54
1474
1474
54
1474
1474
1474
54
1474
1474
54
1474
1474
1474
54
1474
1474
54
1474
1474
1474
54
1474
1474
54
1474
1474
54
1474
1474
54
1474
1474
1474
54
1474
1474
54
1474
1474
1474
54
1474
1474
54
1474
1474
54
1474
1474
54
1474
1474
54
1474
1474
1474
1474
54
1474
1474
1474
1474
1474
1474
54
1474
1474
1474
1474
54
1474
1474
1474
1474
1474
1474
1474
1474
54
1474
1474
1474
54
1474
1474
1474
1474
1474
1474
1474
1474
1474
1474
1474
1474
1474
1474
1474
1474
1474
1474
1474
1474
1474
1474
1474
54
1474
1474
1474
1474
1474
1474
1474
1474
1474
1474
1474
1474
1474
54
1474
1474
1474
1474
1474
1474
1474
54
55
1474
1474
54
1474
1474
1474
1474
54
1474
1474
54
1474
1474
54
1474
1474
54
1474
1474
54
1474
1474
54
1474
1474
54
1474
1474
54
1474
1474
54
1474
1474
54
1474
1474
54
1474
1474
54
1474
1474
54
1474
1474
54
1474
1474
54
1474
1474
54
1474
1474
54
1474
1474
54
1474
1474
1474
1474
54
1474
1474
54
1474
1474
54
1474
1474
1474
54
1474
54
85
1474
54
54
1474
54
1474
1474
54
66
1474
1474
54
1474
1474
54
1474
1474
54
1474
1474
54
1474
1474
54
1474
1474
1474
1474
54
1474
1474
54
1474
1474
54
1474
1474
54
1474
1474
1474
1474
54
1474
1474
54
1474
1474
54
1474
1474
54
1474
1474
54
1474
1474
54
1474
1474
1474
1474
1474
54
1474
1474
54
1474
1474
1474
54
1474
1474
54
1474
1474
54
1474
1474
54
1474
1474
54
1474
1474
1474
1474
54
1474
1474
54
1474
1474
54
1474
1474
54
1474
1474
1474
54
1474
54
1474
1474
54
1474
1474
1474
54
1474
54
1474
1474
54
1474
1474
54
1474
1474
54
1474
1474
54
1474
1474
54
1474
1474
54
1474
1474
54
1474
1474
54
1474
1474
54
1474
1474
54
1474
1474
54
1474
1474
1474
1474
1474
54
1474
1474
1474
54
1474
1474
1474
54
1474
54
1474
1474
54
1474
1474
1474
54
1474
54
1474
1474
1474
54
1474
54
1474
1474
1474
54
1474
54
1474
1474
54
1474
1474
1474
54
1474
1474
54
1474
1474
54
1474
1474
54
1474
54
1474
1474
54
1474
1474
54
1474
1474
54
1474
1474
54
1474
1474
1474
1474
54
1474
1474
54
1474
1474
1474
1474
54
1474
1474
1474
54
1474
54
1474
1474
1474
54
1474
1474
54
1474
1474
54
1474
1474
54
1474
1474
1474
1474
54
1474
1474
1474
1474
1474
1474
1474
54
1474
1474
1474
1474
1474
1474
54
1474
1474
1474
1474
54
1474
1474
1474
1474
1474
54
1474
1474
1474
1474
54
1474
1474
1474
1474
54
1474
54
1474
1474
54
1474
1474
54
1474
1474
1474
1474
54
1474
1474
1474
54
1474
54
1474
1474
54
1474
1474
54
1474
1474
54
1474
1474
54
1474
1474
54
1474
1474
54
1474
1474
54
1474
1474
54
1474
1474
1474
54
1474
54
1474
1474
1474
1474
1474
1474
54
1474
1474
1474
1474
1474
1474
1474
1474
1474
1474
1474
1474
54
1474
1474
1474
1474
1474
1474
1474
1474
54
1474
1474
1474
1474
1474
1474
1474
1474
54
1474
1474
1474
1474
54
1474
1474
1474
1474
1474
1474
1474
1474
1474
1474
1474
1474
1474
1474
1474
1474
1474
1474
1474
1474
1474
1474
1474
1474
54
1474
1474
1474
1474
1474
1474
1474
1474
1474
1474
1474
1474
1474
54
1474
1474
1474
1474
1474
1474
1474
1474
1474
1474
1474
1474
54
1474
1474
1474
1474
1474
1474
54
1474
1474
1474
54
1474
1474
54
1474
1474
1474
54
1474
1474
54
1474
1474
1474
54
1474
1474
1474
54
1474
1474
1474
54
1474
1474
54
1474
1474
1474
1474
54
1474
1474
54
1474
1474
54
1474
1474
54
1474
1474
54
1474
1474
54
1474
1474
1474
1474
1474
1474
1474
1474
1474
1474
54
1474
1474
1474
1474
1474
54
1474
1474
1474
1474
54
1474
54
1474
1474
1474
1474
1474
54
1474
1474
1474
1474
1474
1474
1474
1474
1474
1474
1474
54
1474
1474
1474
1474
1474
1474
54
1474
1474
1474
1474
1474
1474
54
1474
1474
1474
54
1474
1474
1474
54
1474
1474
1474
1474
1474
1474
54
1474
1474
54
1474
1474
54
1474
1474
1474
1474
1474
1474
54
1474
1474
1474
1474
1474
54
1474
1474
1474
1474
1474
1474
1474
1474
54
1474
1474
1474
1474
1474
1474
54
1474
1474
1474
54
1474
1474
1474
54
1474
1474
54
1474
1474
1474
1474
54
1474
1474
1474
1474
54
1474
1474
1474
1474
54
1474
1474
1474
1474
54
1474
1474
1474
1474
54
1474
1474
54
1474
1474
54
1474
54
1474
1474
54
1474
1474
1474
1474
1474
54
1474
1474
54
1474
1474
1474
1474
1474
54
1474
1474
1474
54
1474
1474
54
1474
1474
54
1474
1474
1474
54
1474
1474
54
1474
1474
54
1474
1474
54
1474
1474
1474
54
1474
1474
54
1474
1474
54
1474
1474
54
1474
1474
54
1474
1474
1474
54
1474
1474
54
1474
1474
54
1474
1474
1474
54
1474
54
1474
1474
54
1474
1474
1474
1474
1474
1474
54
1474
1474
54
1474
1474
54
1474
1474
1474
54
1474
1474
1474
54
1474
1474
1474
1474
1474
54
1474
1474
1474
54
1474
1474
1474
54
1474
1474
1474
1474
1474
1474
1474
1474
1474
1474
1474
54
1474
1474
1474
1474
1474
1474
1474
1474
54
1474
1474
1474
1474
1474
54
1474
1474
1474
1474
1474
54
1474
1474
1474
1474
54
1474
1474
1474
1474
54
1474
1474
1474
1474
1474
1474
1474
1474
1474
1474
1474
54
1474
1474
1474
1474
1474
1474
1474
1474
54
1474
54
1474
1474
54
1474
1474
54
1474
1474
1474
1474
1474
1474
54
66
1474
1474
1474
1474
1474
54
1474
1474
1474
1474
1474
1474
1474
1474
1474
1474
54
1474
1474
1474
1474
1474
1474
1474
1474
1474
1474
1474
1474
1474
1474
1474
1474
1474
1474
1474
1474
54
1474
1474
1474
1474
1474
1474
1474
1474
1474
1474
1474
54
1474
1474
1474
54
767
54
1291
66
54
571
54
205
270
54
54
1474
1474
1474
1474
54
1474
1474
54
1474
1474
1474
1474
54
1474
1474
54
1474
1474
1474
54
1474
1474
54
1474
1474
1474
1474
54
1474
1474
54
1474
1474
1474
54
1474
1474
1474
54
1474
1474
1474
54
1474
1474
1474
54
1474
1474
1474
54
1474
1474
1474
1474
1474
54
1474
54
1474
1474
1474
54
1474
1474
54
1474
54
1474
1474
1474
54
1474
54
1474
1474
54
1474
1474
1474
1474
54
1474
1474
54
1474
1474
54
1474
1474
1474
1474
54
1474
1474
54
1474
1474
54
1474
1474
1474
1474
54
1474
1474
54
1474
1474
54
1474
1474
54
1474
1474
54
1474
1474
54
1474
1474
54
1474
1474
54
1474
1474
1474
54
1474
1474
54
1474
54
1474
1474
1474
54
1474
54
1474
1474
54
1474
1474
54
1474
1474
1474
54
1474
54
1474
1474
54
1474
1474
54
1474
1474
1474
54
1474
1474
54
1474
54
1474
1474
54
1474
1474
1474
54
1474
1474
1474
54
1474
1474
1474
1474
1474
1474
1474
1474
54
1474
1474
1474
1474
1474
1474
54
1474
1474
1474
1474
54
1474
1474
1474
1474
1474
54
1474
1474
1474
1474
54
1474
1474
1474
1474
1474
54
1474
1474
1474
1474
54
1474
1474
1474
54
1474
1474
1474
1474
1474
1474
1474
1474
54
1474
1474
54
1474
1474
1474
1474
1474
1474
1474
1474
54
1474
1474
1474
1474
1474
1474
54
1474
1474
1474
1474
1474
1474
1474
1474
54
1474
1474
1474
1474
1474
1474
1474
1474
1474
1474
1474
1474
54
1474
1474
1474
1474
1474
1474
1474
54
1474
1474
1474
1474
1474
54
1474
1034
54
55
66
85
54
54
55
66
55
66
388
1474
315
1291
54
1474
1474
54
1474
1474
1474
54
1474
1474
54
1474
54
1474
1474
1474
1474
1474
1474
54
1474
1474
1474
1474
1474
1474
1474
54
1474
1474
1474
1474
1474
1474
1474
54
1474
1474
1474
1474
1474
54
1474
1474
1474
54
1474
1474
1474
1474
1474
1474
1474
1474
1474
1474
1474
1474
1474
1474
1474
1474
1474
1474
54
1474
1474
1474
1474
1474
1474
1474
1474
1474
1474
54
1474
1474
1474
1474
1474
1474
1474
1474
54
1474
1474
54
1474
1474
54
1474
1474
54
1474
1474
54
1474
1474
54
1474
1474
54
1474
1474
1474
1474
54
1474
1474
1474
1474
1474
1474
1474
1474
1474
1474
1474
1474
1474
1474
1474
1474
1474
1474
1474
1474
1474
1474
1474
1474
1474
1474
1474
1474
1474
1474
1474
1474
54
1474
1474
1474
1474
54
1474
1474
54
1474
1474
1474
1474
1474
1474
1474
1474
1474
1474
1474
1474
1474
1474
1474
1474
1474
1474
1474
1474
1474
54
1474
54
1474
1474
1474
1474
54
1474
1474
1474
54
1474
1474
1474
1474
1474
1474
1474
1474
1474
1474
54
1474
54
1474
1474
1474
1474
54
1474
1474
1474
1474
1474
54
1474
1474
1474
1474
54
1474
1474
54
1474
1474
54
1474
1474
1474
54
1474
1474
1474
1474
1474
54
1474
1474
1474
1474
1474
1474
1474
1474
1474
54
1474
1474
1474
1474
1474
54
1474
1474
54
1474
1474
1474
1474
54
1474
1474
1474
1474
1474
54
1474
1474
54
1474
1474
54
1474
1474
1042
54
54
54
66
66
54
251
54
54
1474
1474
110
1296
54
180
105
436
1474
257
1474
257
1474
257
806
54
1474
1474
818
54
1474
1474
460
54
1474
1474
460
54
1474
544
54
54
1474
1474
1474
1474
54
1474
1474
1474
162
54
1474
1474
866
54
1474
1474
1474
1474
54
1474
1474
866
54
1034
54
1474
1474
54
1474
1474
54
1474
1474
54
1474
1474
54
1474
1474
1474
1474
54
1474
1474
270
54
1474
1474
810
54
866
54
1474
1474
54
1474
1474
54
1474
1474
54
866
54
1034
54
1474
1474
54
1474
1474
54
1474
1474
54
1474
1474
54
1474
1474
54
1474
1474
54
1474
1474
54
1474
1474
54
1474
1474
54
1474
1474
54
486
54
1474
1474
54
1474
1474
54
1474
54
1474
54
1474
1474
1474
1474
350
54
1074
54
54
54
54
54
54
54
54
54
54
54
54
54
54
54
54
54
54
54
54
54
481
1474
1474
1474
1474
1474
1474
1474
1474
1474
1474
1474
847
1474
1474
1474
1474
1474
1066
54
54
54
54
54
54
54
54
54
54
480
54
54
54
54
54
85
54
54
1293
1474
1474
54
1474
1474
54
1474
1474
54
1474
1474
54
1474
1474
1474
1474
1474
1474
1474
1474
1474
1474
1474
1474
1474
1474
1474
1474
54
1474
1474
1474
1474
1474
1474
1474
1474
1474
1474
54
1474
1474
1474
1474
1474
54
1474
1474
1474
1474
54
1474
54
1474
1474
54
1474
1474
54
1474
1474
54
1474
1474
54
1474
1474
54
1474
1474
54
1474
1474
1474
1474
54
1474
1474
54
1474
1474
54
1474
1474
54
1474
1474
54
1474
1474
54
1474
1474
1474
54
1474
54
1474
1474
54
1474
1474
1474
54
1474
1474
1474
54
1474
1474
1474
54
1474
1474
1474
1474
1474
1474
1474
54
1474
1474
1474
54
1474
1474
1474
1474
1474
1474
1474
54
1474
1474
1474
1474
1474
1474
54
1474
1474
54
1474
1474
54
1474
1474
1474
1474
1474
54
1474
1474
1474
1474
1474
1474
1474
54
1474
1474
1474
1474
1474
1474
1474
1474
54
1474
1474
1474
1474
1474
54
1474
1474
1474
1474
1474
1474
1474
1474
1474
54
1474
1474
1474
1474
1474
1474
1474
1474
1474
1474
54
1474
1474
1474
1474
1474
1474
1474
54
1474
1474
1474
1474
54
1474
1474
1474
1474
1474
54
1474
1474
1474
1474
1474
54
1474
54
1474
1474
54
1474
1474
54
1474
1474
54
1474
1474
54
1474
1474
1474
1474
1474
1474
1474
1474
54
1474
1474
1474
1474
1474
1474
1474
1474
54
1474
1474
54
1474
1474
1474
1474
1474
1474
54
1474
1474
1474
1474
1474
1474
1474
1474
1474
1474
1474
1474
54
1474
1474
1474
1474
1474
1474
1474
1474
1474
1474
1474
1474
1474
1474
1474
54
1474
1474
1474
54
1474
1474
1474
1474
1474
1474
1474
54
1474
54
1474
1474
54
1474
1474
54
1474
1474
1474
1474
1474
54
1474
1474
1474
54
1474
1474
1474
54
1474
1474
1474
1474
54
1474
1474
54
1474
1474
54
1474
54
1474
1474
54
1474
1474
1474
1474
54
1474
1474
1474
54
1474
1474
1474
54
1474
1474
1474
54
1474
1474
1474
54
1474
1474
1474
54
1474
1474
1474
54
1474
1474
1474
54
1474
1474
1474
1474
54
1474
1474
1474
54
1474
1474
1474
1474
54
1474
1474
1474
54
1474
1474
54
1474
1474
1474
54
1474
1474
1474
54
1474
1474
1474
54
1474
1474
1474
1474
1474
1474
54
1474
1474
1474
1474
54
1474
1474
1474
1474
1474
1474
54
1474
1474
54
1474
1474
54
1474
1474
1474
1474
54
1474
1474
1474
1474
1474
54
1474
1474
1474
1474
1474
1474
1474
1474
1474
1474
54
1474
1474
1474
1474
1474
1474
1474
54
1474
1474
1474
1474
54
1474
1474
1474
1474
1474
54
1474
1474
1474
1474
1474
1474
54
1474
1474
1474
1474
1474
1474
54
1474
1474
1474
1474
1474
1474
1474
1474
1474
1474
1474
1474
1474
1474
54
1474
54
1474
1474
1474
1474
1474
1474
1474
54
1474
1474
1474
1474
1474
54
1474
1474
1474
1474
1474
1474
1474
1474
1474
1474
1474
1474
1474
1474
1474
1474
54
1474
1474
1474
1474
54
1474
1474
1474
54
1474
1474
54
1474
1474
54
1474
1474
54
1474
1474
54
1474
54
1474
1474
54
1474
1474
54
1474
1474
1474
54
1474
1474
1474
54
1474
1474
1474
54
1474
1474
1474
54
1474
1474
54
1474
1474
1474
1474
1474
54
1474
1474
54
1474
1474
54
1474
54
1474
1474
1474
54
1474
1474
54
1474
54
1474
1474
54
1474
1474
54
1474
1474
54
1474
1474
1474
54
1474
1474
54
1474
1474
54
1474
1474
54
1474
1474
1474
54
1474
1474
1474
1474
1474
54
1474
1474
1474
54
1474
1474
1474
54
1474
1474
54
1474
1474
54
1474
1474
54
1474
1474
54
1474
1474
1474
1474
1474
1474
1474
1474
1474
1474
54
1474
1474
1474
1474
1474
1474
1474
54
1474
1474
1474
1474
54
1474
1474
1474
1474
1474
54
1474
1474
54
1474
1474
1474
1474
54
1474
1474
1474
1474
1474
54
1474
1474
1474
54
1474
1474
1474
54
1474
1474
1474
54
1474
54
1474
1474
54
1474
1474
1474
54
1474
1474
54
1474
1474
1474
54
1474
1474
54
1474
1474
1474
1474
1474
1474
1474
54
1474
1474
1474
1474
1474
54
1474
1474
1474
54
1474
1474
1474
54
1474
1474
54
1474
1474
1474
54
1474
1474
1474
1474
1474
1474
54
1474
1474
1474
1474
66
66
1474
1474
1474
1474
66
74
82
82
1474
1474
82
82
1474
1474
1474
1474
1474
1474
1474
1474
1474
82
82
82
82
82
82
82
82
82
1474
1474
1474
1474
1474
1474
90
90
90
90
90
90
1474
1474
1474
1474
1474
90
90
90
90
90
1474
1474
1474
1474
1474
1474
90
90
90
90
90
90
1474
1474
1474
1474
1474
1474
1474
1474
1474
1474
1474
90
90
90
90
90
90
90
90
90
90
90
1474
1474
1474
1474
1474
1474
1474
1474
90
90
90
90
90
90
90
90
1474
1474
1474
90
90
90
1474
1474
1474
1474
1474
90
90
90
90
90
1474
1474
1474
1474
1474
1474
90
90
90
82
82
74
1474
1474
1474
1474
1474
1474
1474
1474
1474
1474
1474
1474
66
66
66
66
66
66
66
66
66
54
54
54
1474
1474
54
1474
54
1474
1474
54
1474
1474
54
66
1474
1474
1474
1474
1474
1474
1474
1474
1474
1474
1474
1474
1474
1474
1474
1474
1474
1474
1474
1474
1474
1474
1474
1474
1474
54
1474
1474
1474
1474
1279
54
1291
66
54
571
54
205
270
54
1474
1474
54
1474
1474
1474
54
1474
1474
54
1474
1474
1474
1474
54
1474
1474
1474
1474
54
1474
1474
1474
1474
54
1474
54
1474
1474
54
1474
1474
54
1474
1474
54
1474
1474
54
1474
1474
54
1474
1474
54
54
1474
1474
1474
1474
54
1474
1474
54
1474
1474
54
1474
1474
54
1474
1474
54
1474
1474
54
1474
1474
54
1474
1474
54
1474
1474
1474
1474
54
1474
1474
54
1474
1474
54
1474
1474
54
1474
1474
54
1474
1474
54
1474
1474
54
1474
1474
54
1474
1474
54
1474
1474
54
1474
1474
54
1474
1474
54
1474
1474
54
1474
1474
54
1474
1474
54
1474
1474
54
1474
1474
54
1474
1474
54
1474
1474
54
1474
1474
54
1474
1474
54
1474
1474
54
1474
1474
1474
1474
54
1474
1474
1474
1474
1474
1474
54
1474
1474
1474
54
1474
1474
1474
1474
54
1474
1474
1474
1474
54
1474
1474
1474
1474
1474
54
1474
1474
1474
54
1474
1474
1474
1474
54
1474
1474
1474
1474
1474
54
1474
1474
1474
54
1474
1474
1474
54
1474
1474
54
1474
1474
54
1474
1474
1474
1474
1474
54
1474
1474
1474
1474
54
1474
1474
1474
1474
54
1474
1474
1474
1474
1474
1474
54
1474
1474
1474
1474
54
1474
1474
1474
1474
54
1474
1474
54
1474
1474
54
1474
1474
1474
1474
1474
1474
1474
54
1474
1474
1474
1474
54
1474
1474
54
1474
1474
54
1474
1474
1474
1474
54
1474
1474
54
1474
1474
54
1474
1474
54
1474
1474
54
1474
1474
54
1474
1474
1474
54
1474
1019
54
502
100
54
54
100
128
54
92
100
54
100
54
85
54
54
54
54
54
54
55
66
459
54
1019
475
54
54
440
100
54
54
100
128
54
92
100
54
100
54
55
66
117
54
54
54
54
55
66
54
54
55
66
475
100
54
54
100
128
92
100
54
100
54
55
66
55
66
139
55
54
155
66
155
54
54
54
388
1474
315
54
66
66
54
571
54
214
270
107
104
96
110
92
96
54
92
54
54
54
442
100
54
54
100
128
54
92
100
54
100
54
54
54
477
54
128
92
100
54
100
54
55
66
55
66
55
66
55
66
55
66
55
66
55
66
388
1474
315
54
55
66
477
100
54
54
100
128
92
54
100
54
100
54
139
54
155
155
54
440
54
128
92
100
54
100
54
55
66
317
100
54
54
100
128
54
92
100
54
100
54
55
66
477
100
54
54
100
128
54
138
100
54
55
66
55
66
55
66
144
100
54
54
100
151
54
135
100
54
100
54
411
795
54
1035
1035
54
55
66
443
100
54
54
100
128
54
92
100
54
100
54
388
1474
315
54
139
54
155
155
54
476
100
54
54
100
128
92
100
54
100
54
55
66
55
66
55
66
117
54
54
54
54
55
66
55
66
55
66
441
100
54
54
100
128
92
100
54
100
54
388
1474
315
54
55
66
117
54
54
54
54
431
489
219
100
54
54
128
92
100
54
100
105
92
100
54
100
54
54
100
54
134
1474
1356
54
100
54
54
117
54
54
54
54
54
54
117
54
54
54
54
450
465
54
54
54
128
54
92
100
105
92
100
54
54
54
