frame.len
153
468
468
66
100
54
66
66
54
259
54
1414
742
1414
858
858
66
345
107
104
96
432
54
54
54
54
54
446
92
54
92
92
66
442
1414
742
826
580
54
54
1414
54
104
1414
54
742
1414
54
1414
926
54
1414
742
54
824
1414
54
742
824
54
1414
742
54
1414
600
54
1414
742
54
826
1414
54
742
824
54
1414
103
54
1414
742
824
1414
742
824
824
1414
742
824
1414
742
815
1414
742
824
1414
66
54
1414
1414
874
54
100
66
66
66
66
66
54
66
66
66
66
66
54
255
66
66
66
66
66
66
54
54
54
54
54
54
255
255
255
257
255
255
66
54
66
54
54
257
268
54
54
54
54
54
54
54
54
1414
742
1414
54
742
169
54
1414
742
54
1414
742
170
54
1414
742
54
1414
742
169
54
1414
742
54
1414
742
166
54
1414
742
54
1414
742
165
54
1414
742
1414
54
742
1414
742
54
54
1414
856
168
54
1414
742
1414
54
857
54
1414
345
742
54
1414
742
170
54
345
345
180
180
345
345
345
345
107
104
96
107
104
96
107
104
96
313
145
147
139
143
144
141
156
332
162
323
54
446
92
54
54
54
54
54
54
54
54
54
54
54
54
54
54
54
54
54
54
54
54
54
54
54
54
54
54
54
54
54
348
152
54
316
152
348
152
348
152
92
414
92
311
1414
742
1414
1414
1414
1414
758
1414
92
348
152
348
152
283
1414
104
1414
742
1414
742
1414
54
54
54
54
54
54
54
348
152
152
317
317
100
348
66
66
66
54
92
92
100
1414
1414
54
1414
1414
1414
54
1414
1414
54
1414
1414
54
1414
1414
54
1414
54
100
1414
1414
54
1414
1414
54
54
54
1414
1414
54
1414
1414
54
1414
1414
54
54
1414
1414
54
1414
127
54
100
1414
1414
54
54
1414
1414
54
1414
1414
54
1414
1414
54
1414
1414
54
1414
1414
54
1414
1414
54
100
1414
1414
54
1414
1414
54
1414
1414
54
1414
1414
54
54
1414
1414
54
1414
1414
54
1414
1414
54
1414
1414
54
1414
1414
54
1414
1414
1414
1414
1414
1414
1414
1414
1414
1414
1414
1414
1414
1414
1414
1414
1414
1414
1414
1414
1414
1414
1414
1414
1414
1414
1414
1414
1414
1414
1414
54
100
100
100
1414
1414
1414
54
1414
1414
1414
1414
1414
1414
54
1414
1414
54
1414
1414
54
1414
54
1414
1414
54
1414
1414
1414
54
1414
1414
54
1414
54
1414
54
1414
54
100
1414
1414
54
1414
1414
54
1414
1414
54
1414
1414
1414
1414
1414
1414
1414
1414
1414
1414
1414
54
1414
1414
54
1414
54
100
1414
1414
1414
1414
1414
1414
1414
1414
1414
1414
1414
1414
1414
54
1414
1414
1414
1414
1414
1414
1414
1414
1414
1414
1414
54
1414
1414
1414
54
1414
1414
54
1414
1414
1414
1414
1414
1414
1414
54
1414
1414
1414
54
1414
1414
54
1414
54
1414
1414
54
1414
1414
1414
1414
1414
1414
1414
1414
1414
1414
1414
1414
1414
1414
1414
66
66
66
1414
1414
1414
66
74
74
1414
82
1414
82
1414
82
1414
1414
1414
1414
1414
1414
1414
1414
1414
1414
1414
1414
1414
1414
1414
1414
1414
1414
1414
1414
1414
90
90
90
90
90
90
90
90
90
90
90
90
90
90
90
90
90
90
90
90
90
1414
1414
1414
1414
1414
1414
1414
1414
1414
1414
1414
1414
1414
1414
1414
1414
1414
1414
1414
1414
1414
1414
1414
1414
1414
1414
1414
1414
1414
1414
1414
1414
90
90
90
90
90
90
90
90
90
90
90
90
90
90
90
90
90
90
90
90
90
90
90
90
90
90
90
90
90
90
90
90
1414
1414
1414
90
90
90
1414
1414
1414
1414
1414
1414
1414
1414
90
90
90
90
90
90
90
90
1414
1414
1414
90
90
90
1414
90
1414
1414
1414
90
90
90
1414
90
1414
90
1414
90
1414
90
1414
90
1414
1414
90
90
1414
90
1414
90
1414
90
1414
1414
90
90
1414
1414
1414
1414
1414
1414
1414
1414
1414
1414
1414
1414
1414
1414
90
90
90
90
90
90
90
90
90
90
90
90
90
90
1414
1414
1414
1414
90
90
90
90
1414
1414
1414
1414
90
90
90
90
1414
90
1414
1414
1414
1414
1414
90
90
90
90
90
1414
90
1414
90
1414
90
1414
1414
90
90
1414
1414
90
90
1414
90
1414
1414
1414
1414
90
90
90
90
1414
90
1414
1414
1414
90
90
90
1414
1414
90
90
1414
90
1414
90
1414
1414
1414
1414
82
74
74
66
1414
54
1414
1414
1414
1414
1414
1414
1414
54
1414
1414
54
1414
54
1414
1414
54
1414
1414
54
1414
1414
54
1414
1414
1414
1414
1414
54
1414
1414
1414
1414
54
1414
1414
1414
54
1414
1414
1414
54
1414
1414
54
1414
1414
54
1414
1414
1414
54
1414
1414
54
1414
1414
54
1414
1414
54
1414
1414
54
1414
1414
54
1414
1414
1414
54
1414
1414
54
1414
1414
54
1414
1414
54
1414
1414
54
1414
1414
54
1414
1414
1414
1414
1414
1414
1414
1414
1414
314
314
66
100
100
54
66
66
194
189
66
54
66
66
54
54
278
278
66
66
54
278
54
54
66
54
278
1414
1414
966
1414
54
1414
966
54
54
1414
1414
966
54
345
345
54
1414
345
1414
966
54
364
345
364
364
1277
1279
465
364
468
1414
1414
54
1414
1414
54
1414
1414
1414
1414
1414
1414
270
1414
1414
54
54
1414
1414
1414
54
1414
1414
54
1414
569
1414
1414
54
1414
1414
1414
1414
1414
1414
1414
54
1414
1414
1414
1414
1414
54
1414
1414
1414
1414
54
54
1414
1414
1414
1414
1414
1414
1414
54
54
1414
1414
54
1414
54
1414
1414
192
1414
1414
1414
742
826
1414
742
1414
742
54
54
54
1414
742
1414
1414
1060
54
1414
742
1414
1414
54
54
1414
1414
1414
1414
1414
1414
1414
1414
1414
54
54
742
1414
1414
1414
54
1414
1414
1414
54
260
1414
1414
1414
1414
54
1414
1414
1414
1414
54
1414
1414
54
1414
1414
54
1414
1414
1414
54
1414
1414
54
1414
1414
54
1414
1414
1414
1414
54
1414
1414
1414
1414
54
1414
54
1414
1414
54
1414
54
54
54
54
66
135
1414
1414
1414
54
1414
1414
1414
1414
1414
1414
1414
1414
1414
1414
1414
1414
1414
1414
66
66
66
66
66
66
66
66
54
1414
1414
1414
66
66
66
1414
1414
1414
1414
1414
1414
1414
1414
1414
1414
1414
1414
1414
54
66
66
66
66
66
66
66
66
66
74
74
54
1414
1414
1414
1414
1414
1414
1414
1414
1414
1414
1414
1414
1414
1414
74
82
82
82
82
82
82
66
82
82
82
1414
1414
1414
1414
1414
1414
1414
1414
1414
1414
1334
122
270
569
1097
1414
90
90
90
90
90
90
90
90
90
90
90
66
66
66
90
1414
54
66
90
54
257
1414
90
1414
82
1414
74
1414
66
1414
54
54
1414
1414
54
54
1414
1414
54
1414
1414
54
1414
1414
54
1414
54
100
100
1414
134
1414
1414
54
54
1414
1414
54
1414
742
1414
742
169
1414
54
1414
54
1414
1414
54
345
1414
1414
54
1414
1414
54
54
107
104
96
802
1414
1414
54
1414
1414
54
1414
1414
54
54
54
54
1414
1414
54
54
1414
1414
54
1414
1414
54
1414
1414
54
1414
1414
54
1414
1414
54
1414
1414
1414
54
1414
54
1414
1414
1414
54
1414
54
1414
1414
54
1414
1414
54
1414
1414
54
1414
1414
54
1414
1414
1414
1414
54
1414
1414
54
1414
1414
54
723
585
348
152
54
54
92
92
54
54
323
54
100
100
54
558
54
558
54
1287
209
1414
1414
54
1414
1414
1414
54
1414
1414
54
1414
1414
54
1414
1414
1414
1414
54
1414
1414
54
1414
54
1414
1414
54
1414
1414
1414
54
1414
54
1414
1414
1414
1414
54
976
1414
1414
1414
54
54
1414
1414
1414
54
100
100
1414
1414
54
1414
1414
54
1414
1414
1414
1414
1414
54
1285
1414
1414
1414
1414
54
1414
1414
54
1414
1414
1414
54
1414
1414
1414
1414
1414
1414
1414
54
1414
1414
1414
54
1414
1414
54
1414
54
1414
1414
54
1414
1414
1414
54
1414
1414
54
1414
1414
54
1414
1414
1414
54
1414
1414
1414
1414
1414
1414
1414
54
54
1414
1414
1414
54
1414
1414
54
1414
1414
1414
1414
1414
1414
1414
1414
54
54
1414
1414
1414
54
54
1414
1414
54
1414
1414
1414
54
1414
1414
1414
1414
54
1414
1414
1414
1414
1414
54
54
1414
1414
54
1414
1414
54
1414
1414
1414
1414
1414
1414
1414
1414
1414
1414
54
54
1414
1414
1414
66
54
1414
1414
66
1414
1414
66
66
1414
1414
66
66
1414
1414
74
74
1414
1414
66
74
1414
1414
1414
82
74
74
1414
1414
1414
82
90
90
1414
1414
1414
82
90
90
1414
1414
90
90
1414
1414
1414
90
90
90
1414
1414
90
90
1414
187
1097
1414
90
90
90
100
1414
1414
1414
90
90
90
1414
1414
1414
187
90
90
90
100
1414
1414
90
90
1414
1414
1414
90
90
90
1414
1414
90
90
1414
1414
90
90
1414
82
1414
1414
74
90
1414
1414
1414
66
90
90
1414
1414
82
74
1414
1414
74
66
1414
66
1414
1414
66
54
1414
1414
1414
66
66
66
1414
54
1414
54
1414
1414
1414
1414
54
1414
1414
54
1414
1414
54
1414
1414
1414
54
1414
1414
1414
1414
1414
54
1414
1414
54
1414
54
509
1414
1414
54
1414
1414
54
261
1414
1414
1414
54
1414
54
1287
1414
1414
54
1414
1414
1414
54
1414
1414
54
1366
54
54
66
1414
1414
54
1414
66
1414
54
1414
1414
54
1414
495
1414
54
1414
1414
54
1414
1414
54
1414
1414
54
66
54
255
1414
1414
54
1414
1414
54
54
1414
1414
54
1414
1414
1414
54
1414
54
1414
1414
54
54
1414
1414
54
1414
1414
54
1414
1414
1414
1414
1414
54
1414
1414
54
1414
1414
54
1414
1414
54
1414
54
1414
1414
54
1414
1414
54
1414
1414
1414
1414
1414
1414
1414
54
1414
1414
54
1414
54
1414
1414
54
1414
1414
1414
1414
54
1414
1414
1414
1414
54
1414
1414
54
1414
1414
1414
54
1414
1414
54
1414
1414
54
1414
54
1414
1414
1414
54
1414
1414
1414
54
1414
1414
54
1414
1414
1414
1414
1414
1414
1414
1414
1414
54
1414
1414
1414
1414
54
1414
1414
54
1414
1414
54
1414
1414
1414
54
1414
1414
54
1414
1414
54
1414
1414
54
1414
1414
54
1414
1414
1414
1414
1414
54
1414
1414
54
1414
1414
54
1286
1414
1414
54
1414
1414
54
1414
54
1414
1414
54
1414
1414
1414
66
1414
54
54
271
1414
1414
1414
1414
1414
1414
1414
1414
1414
1414
54
1414
1414
1414
54
1414
195
54
100
1414
1414
1414
1414
1414
54
1414
1414
54
1414
54
1414
1414
1414
54
1414
1414
1414
1414
1414
54
54
1414
1414
1414
54
1414
124
1414
54
1414
1414
1414
1414
54
1414
1414
54
1414
1414
54
1414
1414
1414
54
54
1414
742
54
1414
742
168
1414
1414
1414
1414
54
54
54
1414
1414
1414
1414
1414
54
54
1414
1414
1414
1414
1414
1414
1414
1414
1414
1414
54
54
1414
1414
1414
1414
54
54
1414
1414
54
1414
54
345
1414
1414
1414
54
1414
1414
1414
1414
54
54
1414
1414
54
1414
1414
1414
54
1414
1414
1414
1414
54
1414
1414
168
187
103
66
54
1414
1414
54
1414
1414
1414
54
54
1414
1414
1414
1414
1414
54
54
1414
1414
1414
1414
54
54
54
100
107
104
96
334
1414
1414
54
1414
1414
1414
54
54
1414
1414
1414
54
54
1414
1414
1414
54
1414
1414
54
1414
1414
54
1414
1414
1414
54
54
1414
1414
1414
54
1414
1414
1414
1414
54
54
1414
1414
54
1414
54
1414
1414
1414
1414
1414
1414
1414
1414
54
1414
54
54
1414
54
54
54
1414
1414
1414
54
1414
138
54
1414
1414
54
54
54
100
1414
1414
1414
54
1414
1414
54
1414
1414
1414
54
54
1414
1414
1414
1414
1414
1414
1414
1414
1414
54
54
1414
1414
1414
54
54
1414
1414
1414
1414
54
1414
1414
54
1414
1414
54
1414
1414
1414
54
54
1414
1414
1414
54
1414
1414
54
1414
1414
1414
1414
1414
54
54
1414
1414
1414
54
1414
1414
1414
54
54
54
1414
1414
54
1414
1414
138
54
54
100
1414
1414
1414
54
1414
54
1414
1414
1414
1414
1414
1414
54
54
54
1308
1414
1414
1414
54
54
1269
1414
1414
54
1414
1414
1414
1414
54
1414
1414
54
1414
1414
54
1414
1414
1414
1414
54
345
1414
1414
1414
1414
1414
54
1414
1414
54
1414
1414
54
1414
1414
54
1414
1414
1414
54
1414
1414
54
1414
1414
1414
54
1414
1414
54
1414
1414
54
1414
54
1414
107
104
96
1414
54
633
1414
1414
1414
1414
54
1414
1414
54
1414
1414
348
110
96
1414
54
54
92
1414
1414
54
1414
54
1414
1289
1414
54
1414
1414
54
1414
1414
1414
54
1414
54
1414
1414
1414
54
1414
1414
1414
54
1414
1414
54
1414
1414
54
1414
54
92
1414
1414
54
1414
54
1414
1414
1414
54
1414
1414
54
1414
293
1414
742
54
1414
742
938
54
100
1414
1414
1414
54
1414
1414
54
1414
1414
1414
1414
54
66
1414
1414
54
1414
1414
54
1414
1414
1414
54
1414
1414
54
1414
1414
54
1414
1414
54
1414
1414
54
1414
1414
1414
54
1414
1414
54
1414
1414
54
1414
1414
1414
54
1414
54
1414
1414
1414
54
1414
54
1414
1414
54
1414
1414
54
1414
1414
54
1414
1414
54
1414
1414
54
1414
1414
1414
205
54
1414
1414
54
1414
1414
54
1414
1414
1414
1414
1414
54
1414
54
1414
1414
54
1414
1414
54
1414
1414
364
110
54
54
92
96
1414
1414
54
1414
1414
1414
1414
54
1414
1414
54
1414
54
1414
54
1414
1414
54
1414
1414
54
1414
1414
54
1414
1414
1414
54
1414
54
1414
54
92
54
1414
54
1414
1414
54
1414
54
1414
1414
54
1414
1414
54
1414
1414
54
1414
1414
1414
1414
1414
1414
1414
54
1414
1414
1414
54
1414
54
1414
1414
54
1414
1414
54
1414
1414
446
134
100
54
54
100
1414
1414
1414
54
1414
54
1414
1414
54
1414
1414
1414
54
1414
1414
54
1414
54
1414
1414
1414
1414
54
1414
1414
1414
1414
54
1414
1414
54
1414
1414
1414
1414
54
1414
1414
54
151
1414
1414
1414
1414
1414
66
54
54
143
1414
1414
1414
54
258
1414
1414
54
1414
1414
54
1414
1414
1414
1414
1414
1414
1414
1414
1414
1414
1414
1414
1414
1414
1414
1414
54
54
1414
1414
54
764
1414
1414
1414
1414
1414
1414
54
1414
138
1414
54
1414
1414
54
1414
1414
1414
54
1414
1414
54
1414
1414
54
54
1414
1414
54
1414
1414
1414
54
1414
1414
54
1414
1414
54
1414
1414
54
1414
1414
54
1414
1414
1414
54
1414
54
1414
1414
1414
1414
54
1414
1414
54
1414
1414
1414
54
1414
54
1414
1414
1414
54
1414
1414
54
1414
1414
54
1414
1414
1414
1414
54
1414
1414
54
1414
1414
54
1414
1414
54
1414
54
1414
1414
1414
1414
54
1414
1414
54
1414
1414
1414
54
1414
54
1414
1414
54
1414
1414
1414
1414
1414
54
1414
1414
54
1414
1414
1414
54
1414
1414
1414
54
1414
1414
54
1414
1414
54
1414
1414
54
1414
1414
1414
54
1414
1414
54
1414
1414
54
1414
1414
54
1414
1414
1414
54
1414
1414
54
1414
1414
1414
1414
1414
1414
1414
1414
54
1414
1414
54
1414
54
1414
1414
1414
54
1414
1414
54
1414
1414
54
1414
1414
54
1414
1414
1414
1414
54
1414
1414
54
1414
1414
1414
163
54
1414
1414
1414
1414
742
54
54
1414
1414
1414
1414
54
54
1414
1414
1414
54
1414
1414
54
1414
1414
1414
70
54
54
1414
1414
54
1414
1414
54
1414
1414
1414
54
1414
1414
54
1414
1414
54
1414
1414
54
1414
1414
1414
54
54
1414
1414
1414
1414
54
1414
1414
54
1414
54
1414
1414
1414
1414
1414
1414
1414
1098
1414
54
54
54
1414
1414
1414
1414
1414
54
1414
1414
54
1414
1414
54
1414
1414
1414
54
345
1414
1414
54
1414
1414
54
1414
1414
54
54
1414
1414
1414
54
1414
1414
54
1414
1414
54
1414
1414
1414
1414
54
1414
1414
54
107
1414
1414
104
54
96
432
1414
1414
54
1414
1414
54
1414
1414
54
1414
1414
1414
1414
1414
1414
1414
1414
1414
1414
1414
1414
1414
1414
1414
1414
54
54
1414
1414
1414
1414
1414
1414
1414
1414
1414
1414
1414
54
54
1414
1414
1414
1414
1414
54
54
1414
1414
1414
1414
1414
1414
1414
1414
1414
1414
1414
1414
1414
1414
1414
1414
1414
1414
1414
1414
1414
1414
1414
1414
1414
1414
1414
1414
1414
210
1414
1414
54
54
1414
1414
1414
1414
1414
1414
1414
1414
1414
1414
1414
1414
1414
1414
1414
1414
1414
1414
1414
1414
1414
1414
1414
1414
1414
1414
1414
1414
1414
1414
1414
1414
54
54
100
100
1414
1414
1414
1414
1414
1414
1414
1414
1414
1414
1414
1414
1414
1414
1414
1414
1414
1414
1414
1414
1414
1414
1414
1414
1414
1414
1414
1414
1414
1414
1414
1414
54
54
1414
1414
1414
1414
1414
1414
1414
1414
1414
1414
1414
1414
54
54
1414
1414
1414
1414
1414
1414
1414
1414
1414
54
54
1414
1414
1414
1414
1414
1414
54
1414
54
54
1414
1414
1414
1414
54
54
1414
1414
1414
1414
1414
1414
1414
54
54
1414
1414
1414
54
1414
1414
1414
54
54
1414
1414
1414
1414
1414
1414
54
54
1414
1414
1414
54
1414
1414
1414
1414
1414
54
54
1414
1414
348
54
1414
110
96
1414
54
92
1414
1414
54
54
1414
1414
1414
1414
54
54
1414
1414
1414
1414
54
1414
54
1414
1414
1414
1414
1414
1414
1414
1414
54
92
54
54
1414
1414
1414
1414
1414
1414
1414
1414
54
54
1414
1414
54
1414
144
1414
54
1414
54
1414
1414
54
1414
1414
54
1414
1414
54
1414
1414
1414
54
1414
54
1414
1414
54
1414
1414
1414
54
1414
1414
1414
1414
1414
1414
54
54
1414
1414
1414
54
1414
1414
54
1414
1414
1414
66
66
1414
1414
66
66
1414
1414
1414
66
66
1414
1414
66
66
1414
66
1414
1414
66
66
1414
66
1414
1414
1414
66
66
74
1414
1414
1414
74
74
74
1414
1414
74
74
1414
1414
1414
74
74
74
54
1414
1414
74
74
1414
74
1414
1414
1414
74
74
74
1414
1414
74
74
1414
1414
74
74
1414
1414
74
74
1414
1414
1414
74
66
66
1414
1414
1414
1414
54
66
66
66
1414
66
100
1414
1414
66
54
1414
1414
54
1414
1414
54
1414
1414
321
1369
100
1414
54
54
1414
1414
54
100
1414
1414
54
1414
1414
54
1414
1414
54
1414
1414
450
54
100
1414
1414
1414
1414
54
1414
1414
54
1414
1414
1414
54
1414
54
1414
1414
54
1414
1414
1414
54
1414
54
1414
1414
1414
54
1414
54
1414
1414
54
1414
1414
54
1414
1414
54
1414
1414
54
1414
1414
54
1414
1414
54
1414
1414
1414
54
1414
1414
54
1414
1414
54
1414
54
1414
1414
1414
1414
54
1414
1414
54
1414
1414
1414
1414
1414
1414
1414
1414
1414
54
1414
1414
54
1414
54
1414
1414
1414
54
1414
54
1414
1414
54
1414
1414
54
1414
1414
1414
1414
166
1414
742
826
405
54
54
100
1414
1414
1414
1414
54
1414
1414
54
1414
1414
1414
54
1414
1414
54
1414
1414
54
1414
1414
1414
1414
54
1414
1414
54
1414
1414
1414
1414
54
1414
1414
54
1414
1414
54
1414
1414
54
1414
1414
54
1414
1414
54
1414
1414
54
1414
54
1414
1414
1414
54
1414
54
1414
1414
54
1414
1414
54
1414
1414
1414
54
1414
54
1414
1414
54
1414
1414
54
1414
1414
1414
1414
1414
1414
1414
1414
1414
54
1414
1414
1414
54
1414
1414
54
1414
1414
1414
54
1414
1414
1414
1414
54
1414
1414
54
1414
54
1414
1414
54
1414
1414
54
54
1414
1414
54
1414
1414
1414
54
1414
1414
1414
54
1414
1414
54
1414
54
1414
54
1414
1414
54
1414
1414
1414
1414
54
1414
1414
1414
54
1414
1414
54
1414
54
1414
1414
54
1414
1414
54
1414
1414
54
1414
1414
1414
1414
54
1414
1414
54
1414
1414
1414
54
1414
1414
54
1414
54
1414
1414
54
1414
1414
1414
54
1414
1414
54
1414
1414
54
1414
54
1414
1414
1414
1414
1414
1414
1414
1414
1414
1414
1414
54
1414
1414
1414
1414
1414
1414
1414
54
1414
1414
1414
54
1414
54
1414
1414
54
1414
1414
54
1414
1414
54
1414
1414
1414
54
1414
1414
1414
54
1414
1414
54
1414
1414
54
1414
1414
1414
54
1414
1414
54
1414
1414
54
1414
1414
1414
54
1414
1414
1414
1414
54
1414
1414
54
1414
1414
54
1414
1414
54
1414
1414
54
1414
1414
54
1414
1414
1414
54
1414
1414
54
1414
1414
1414
1414
54
1414
1414
54
1414
1414
1414
54
1414
412
54
142
148
54
137
1287
66
54
54
66
54
259
66
54
133
134
135
135
1414
1414
54
134
1414
1414
1414
54
1414
54
1414
54
1414
54
1414
135
1414
1414
1414
54
1414
1414
54
1414
54
1414
1414
1414
1414
54
1414
1414
54
54
1414
1414
54
1414
1414
54
1414
1414
54
1414
54
1414
1414
54
54
1414
1414
54
1414
1414
54
1414
54
1414
1414
54
1414
54
1414
1414
54
1414
1414
1414
1414
54
1414
1414
54
1414
1414
54
1414
1414
54
1414
1414
1414
54
1414
1414
54
1414
1414
54
1414
1414
54
1414
1414
54
1414
54
1414
1414
54
1414
1414
1414
54
1414
1414
54
1414
1414
1414
54
1414
1414
54
1414
1414
1414
1414
54
1414
1414
54
1414
1414
54
1414
1414
54
1414
1414
286
54
1414
1414
54
1414
742
54
1414
742
1414
54
1414
1414
1414
1414
1414
1414
1414
54
1414
1414
1414
54
1414
1414
54
1414
54
1414
1414
1414
1414
1414
1414
1414
1414
54
54
1414
157
1414
1414
1414
1414
54
54
100
144
1414
1414
54
100
1414
1414
1414
54
1414
54
1414
1414
1414
54
1414
466
54
100
1414
1414
1414
54
1414
1414
1414
54
1414
1414
54
1414
1414
1414
1414
90
54
54
1414
112
1414
54
1414
1414
54
1414
1414
54
1414
54
1414
1414
1414
91
1414
54
1414
1414
54
1414
1414
54
54
1414
1414
54
1414
1414
54
345
1414
1414
1414
1414
1414
1414
1414
1414
1414
1414
1414
1414
66
1414
1414
177
1414
742
54
54
54
257
1414
742
580
1414
54
54
100
1414
742
1414
742
54
136
1414
742
260
1414
54
100
1414
1414
1414
54
1414
742
1414
742
1414
54
1414
1414
54
1414
1414
1414
54
1414
1414
54
107
104
96
518
1290
1414
54
1414
1414
54
54
1414
1414
1414
54
54
1414
1414
54
100
1414
1414
1414
54
1414
1414
1414
1414
54
54
154
1414
1414
54
1414
1414
54
1414
1414
54
100
1414
54
1414
1414
54
1414
1414
1414
1414
1414
1414
1414
1414
54
54
1414
54
100
1414
1414
1414
1414
1414
1414
1414
54
1414
1414
54
1414
1414
54
546
1414
1414
1414
54
100
1414
54
1414
1414
54
54
54
1414
1414
54
54
1414
1414
1414
1414
1414
54
1414
1414
54
1253
54
54
1414
1414
1414
54
1414
1414
1414
1414
54
1414
1414
54
1414
1414
54
1414
1414
54
1414
1414
1414
54
1414
1414
1414
1414
1414
54
1414
1414
54
1414
54
1414
1414
54
1414
54
1414
1414
54
1414
54
1414
1414
54
1414
1414
54
1414
1414
1414
1414
54
1414
1414
54
1414
1414
54
1414
1414
54
1414
1414
54
1414
1414
54
1414
1414
1414
54
1414
1414
54
54
1414
1414
1414
1414
1414
54
1414
1414
54
1414
1414
54
1414
1414
54
1414
1414
54
1414
1414
54
1414
1414
1414
54
1414
1414
54
1414
1414
1414
54
1414
1414
54
1414
1414
1414
54
1414
1414
54
1414
1414
1414
54
1414
1414
54
1414
1414
54
1414
1414
1414
1414
1414
1414
1414
1414
1414
446
1414
1414
54
92
1414
1414
1414
1414
54
1414
181
890
1414
54
54
100
1414
1414
1414
1414
54
1414
54
1414
1414
1414
1414
92
1414
54
1414
1414
1414
1414
742
54
54
1414
1414
54
1414
1414
54
1414
54
1414
54
1414
1414
54
1414
70
78
1414
1414
1414
1366
1414
1414
1414
1414
1414
1414
154
1414
54
54
54
1414
1414
54
1414
1414
54
1414
1414
1414
54
1414
1414
54
1414
54
345
1414
1414
742
762
1414
1414
1414
1414
1414
54
54
100
1414
1414
1414
1414
1414
1414
1414
54
1414
54
107
104
96
355
1414
1414
1414
1414
1414
1414
1414
54
1414
54
1414
1414
1414
1414
1414
1414
1414
1414
54
1414
1414
1414
1414
1414
54
1414
1414
1414
1414
54
1414
1414
1414
1414
1414
54
1414
1414
54
1414
1414
54
1414
1414
54
1414
1414
1414
54
1414
742
54
824
1414
1414
1414
1414
1414
1414
1414
1414
54
1414
54
1414
1414
54
1414
1414
54
1414
1414
54
1414
1414
54
1414
1414
54
1414
1414
54
1414
1414
54
279
1414
1414
742
1414
1414
824
54
54
1414
1414
1414
1414
1414
54
1414
1414
54
1414
1414
54
155
1414
1414
742
54
1414
1414
1414
1414
1414
824
54
137
1414
1414
1414
1414
1414
54
54
66
1414
1414
1414
1414
54
1414
1414
1414
54
54
742
1414
54
1414
824
54
54
1414
1414
1414
1414
1414
1414
1414
1414
1414
54
1414
742
824
54
1414
1414
54
1414
1414
1414
54
1414
1414
54
1414
742
824
54
1414
1414
54
1414
54
1414
1414
54
1414
1414
54
1414
1414
54
1414
1414
1414
54
1414
742
54
1414
1414
54
815
1414
1414
54
1414
1414
54
1414
742
54
1414
1414
824
1414
54
54
1414
1414
1414
1414
1414
1414
1414
1414
54
1414
1414
1414
742
54
54
1414
1414
824
54
1414
1414
1414
1414
54
1414
1414
1414
54
1414
1414
1414
1083
54
54
100
1414
1414
1414
1414
1414
1414
1414
1414
1414
348
110
96
1414
54
54
92
1414
1414
1414
1414
1414
54
1414
1414
54
1414
1414
1414
54
1414
1414
1414
1414
54
1414
54
92
1414
54
1414
1414
54
1414
1414
1414
1414
54
1414
54
1414
341
1414
1414
1414
54
54
771
100
1414
54
100
1414
1414
1414
1414
1414
1414
1414
1414
54
1414
1414
1414
1414
54
1414
1414
1414
54
1414
1414
54
1414
1414
1414
1414
54
1414
1414
1414
54
1414
1414
54
1414
1414
1414
54
1414
1414
1414
54
1414
1414
1414
54
1414
1414
1414
54
1414
1414
1414
1414
54
1414
1414
1414
1414
54
1414
54
1414
1414
1414
1414
54
1414
1414
54
1414
1414
1414
54
1414
1414
54
1414
1414
54
1414
1414
54
1414
1414
54
1414
1414
181
54
1275
1414
54
54
100
1414
1414
1414
1414
1414
54
54
245
1414
54
1414
1414
1414
54
1414
1414
54
1414
1414
54
1414
54
256
1414
1414
54
54
1414
1414
1414
264
100
54
54
100
1414
1414
54
1414
66
1414
1414
1414
54
54
269
1414
1414
134
54
1414
1414
1414
1414
1414
54
1414
1414
1414
1414
1414
54
1414
1414
54
54
1414
1414
54
1414
54
54
1414
54
1414
1414
189
1414
54
54
1414
1414
360
54
1414
877
100
54
1414
1414
1414
1414
100
54
1414
1414
54
1414
1414
1414
54
1414
54
1414
1414
1414
1414
54
1414
1414
54
54
1414
1414
54
1414
1414
1414
54
1414
1414
54
1414
1414
54
1414
1414
54
1414
1414
54
1414
1414
54
1414
1414
1414
54
1414
1414
1414
54
1414
1414
54
1414
1414
54
1414
1414
54
1414
54
1414
1414
1414
1414
1414
1414
1414
1414
1414
1414
1414
1414
54
1414
1414
54
1414
1414
54
1414
1414
1414
54
1414
54
1414
1414
54
1414
1414
54
1414
1414
1414
1414
54
1414
1414
1414
54
1414
54
1414
1414
54
1414
1414
1414
54
1414
1414
1414
1414
1414
1414
54
1414
1414
1414
54
1414
1414
1414
54
1414
1414
54
1414
1414
54
1414
54
1414
1414
54
1414
1414
54
1414
1414
1414
54
1414
1414
1414
1414
1414
1414
1414
1414
54
1414
1414
1414
1414
54
1414
1414
54
1414
1414
1414
54
1414
1414
1414
1414
1414
1414
1414
1414
1414
1414
1414
1414
1414
1414
1414
1414
1414
54
1414
1414
1414
742
1414
314
1414
1414
54
54
100
1414
1414
1414
54
1414
1414
1414
1414
1414
1414
1414
54
1414
742
945
54
1414
742
1414
54
742
188
1414
54
742
1414
1414
926
54
1414
1414
54
1414
54
1414
54
1414
1414
54
1414
1414
54
1308
1414
54
1414
1414
54
1414
1414
1414
54
1414
54
345
1414
1414
180
54
100
1414
1414
1414
54
1414
54
1414
54
107
104
96
292
1414
1414
1414
54
1414
54
1414
1414
54
1414
1414
54
1414
1414
1414
54
1414
54
1414
1414
54
1414
1414
54
1414
1414
54
1414
1414
54
1414
1414
54
1414
1414
1414
54
1414
1414
54
1414
1414
54
1414
54
1414
1414
54
1414
1414
54
1414
1414
54
1414
1414
1414
1414
54
1414
1414
54
1414
1414
1414
54
1414
1414
54
1414
54
1414
1414
54
1414
1414
1414
54
1414
1414
54
1414
54
1414
1414
1414
54
1414
1414
1414
1414
1414
1414
1414
1414
1414
54
1414
1414
1414
54
1414
1414
54
1414
1414
1414
54
1414
1414
54
1414
1414
1414
54
1414
1414
54
1414
1414
1414
54
1414
1414
54
1414
1414
54
1414
1414
1414
1414
1414
54
1414
54
1414
1414
54
1414
1414
54
1414
1414
1414
54
1414
1414
54
1414
1414
1414
1414
54
1414
54
1414
1414
54
1414
1414
54
1414
1414
1414
54
1414
1414
1414
54
1414
1414
1414
54
1414
1414
54
1414
1414
54
1414
1414
1414
54
1414
1414
54
1414
1414
54
1414
1414
1414
54
1414
54
1414
1414
1414
1414
1414
1414
1414
1414
54
1414
1414
1414
1414
54
1414
1414
54
1414
1414
54
1414
1414
1414
1414
54
1414
1414
54
1414
1414
54
1414
1414
1414
1414
1414
1414
1414
54
1414
1414
1414
54
1414
1414
1414
1414
54
1414
1414
364
110
96
54
54
92
1414
1414
1414
54
1414
1414
54
1414
1414
54
1414
1414
54
1414
1414
54
1414
1414
1414
54
1414
1414
54
1414
1414
54
1414
1414
54
92
54
1414
1414
1414
54
54
1414
54
1414
387
1414
226
100
54
100
1414
1414
1414
1414
1414
1414
1414
1414
54
1414
1414
1414
1414
54
1414
1414
1414
54
1414
1414
1414
54
1414
1414
1414
1414
54
1414
1414
1414
54
1414
1414
54
1414
1414
1414
54
1414
1414
54
1414
54
1414
1414
1414
1414
54
1414
1414
1414
54
1414
1414
1414
54
1414
1414
1414
54
1414
1414
54
1414
1414
54
1414
54
1414
1414
1414
54
1414
1414
1414
54
1414
1414
54
1414
1414
54
1414
1414
54
1414
1414
54
1414
1414
1414
54
1414
1414
1414
54
1414
1414
1414
54
1414
1414
54
1414
1414
54
1414
1414
54
1414
1414
1414
54
1414
1414
54
1414
1414
1414
1414
1414
1414
1414
54
54
1414
1414
1414
54
1414
1414
1414
54
66
1414
54
1414
1414
1414
1414
1414
1414
1414
1414
1414
1414
54
1414
1414
1414
54
1414
1414
1414
1414
54
1414
1414
1414
54
1414
1414
54
1414
1414
1414
54
1414
1414
54
1414
1414
54
1414
54
1414
1414
1414
54
1414
1414
54
1414
54
1414
1414
54
1414
1414
1414
54
1414
1414
54
1414
1414
54
1414
1414
54
1414
1414
1414
1414
1414
54
1414
1414
54
1414
1414
54
1414
1414
54
1414
1414
54
1414
1414
54
1414
1414
54
1414
1414
1414
54
1414
1414
54
1414
1414
1414
1414
54
1414
1414
1414
54
1414
1414
54
1414
1414
54
1414
1414
54
1414
1414
54
1414
1414
54
1414
1414
1414
1414
1414
54
1414
1414
1414
54
1414
1414
54
1414
1414
54
1414
1414
1414
54
1414
54
1414
1414
1414
1414
1414
1414
1414
1414
1414
54
1414
54
1414
1414
1414
1414
54
1414
1414
1414
54
1414
1414
54
1414
1414
54
1414
1414
54
1414
1414
1414
1414
1414
1414
1414
1414
1414
1414
1414
1414
1414
1414
1414
1414
1414
1414
54
1414
1414
1414
1414
1414
1414
1414
1414
1414
1414
1414
1414
1414
1414
54
1414
1414
1414
1414
1414
1414
1414
1414
1414
1414
66
54
54
272
1414
1414
54
1414
1414
54
1414
1414
1414
54
1414
1414
54
1414
54
1414
1414
54
1414
1414
54
1414
1414
1414
54
1414
1414
1414
54
1414
1414
54
1414
1414
1414
54
1414
54
1414
1414
54
1414
1414
54
1414
1414
54
1414
1414
1414
1414
1414
54
1414
1414
54
1414
1414
54
1414
54
1414
1414
54
1414
1414
54
1414
1414
54
1414
1414
1414
1414
54
1414
1414
54
1414
1414
1414
54
1414
1414
54
1414
1414
54
1414
1414
54
1414
1414
54
1414
1414
1414
54
1414
1414
1414
1414
54
1414
1414
54
1414
1414
1414
1414
54
1414
1414
1414
1414
54
1414
1414
1414
54
1414
54
1414
1414
1414
54
1414
1414
54
1414
1414
54
1414
1414
54
1414
54
1414
1414
1414
1414
54
1414
1414
1414
54
1414
1414
1414
1414
54
1414
1414
54
1414
1414
1414
54
1414
1414
1414
54
1414
54
1414
1414
1414
54
1414
1414
54
1414
1414
54
1414
1414
1414
1414
1414
54
1414
1414
54
1414
1414
54
1414
1414
54
1414
1414
54
1414
1414
54
1414
1414
54
1414
1414
1414
54
1414
1414
1414
1414
1414
1414
1414
1414
1414
1414
54
1414
1414
1414
1414
54
1414
1414
1414
54
1414
1414
1414
54
1414
1414
54
1414
1414
1414
54
1414
1414
1414
54
1414
1414
54
1414
1414
1414
1414
1414
1414
1414
1414
1414
1414
54
1414
1414
1414
54
1414
1414
54
1414
54
1414
1414
1136
54
1414
1414
54
1414
1414
54
1414
1414
54
1414
54
345
1414
1414
1414
54
1414
1414
1414
1414
1414
1414
1414
1414
1414
1414
1414
54
1414
1414
1414
1414
1414
1414
54
107
104
96
299
1414
1414
54
1414
1414
1414
1414
1414
1414
1414
1414
1414
1414
1414
1414
1414
1414
1414
1414
54
1414
1414
1414
1414
1414
1414
54
1287
1414
1414
1414
1414
1414
1414
1414
1414
1414
1414
1414
1414
1414
1414
1414
1414
1414
1414
1414
1414
1414
1414
1414
1414
1414
1414
1414
1414
1414
1414
1414
1414
1414
54
1414
1414
1414
1414
1414
1414
1414
1414
1414
54
1414
1414
1414
1414
1414
1414
1414
1414
1414
1414
1414
1414
1414
1414
1414
1414
1414
1414
1414
1414
1414
1414
1414
1414
1414
1414
1414
1414
1414
1414
1414
1414
54
54
1414
364
110
96
1414
1414
1414
1414
54
92
355
1414
1414
1414
1414
1414
1414
1414
1414
1414
1414
1414
1414
1414
1414
1414
1414
1414
1414
1414
1414
1414
54
54
54
92
1414
1414
1414
1414
1414
1414
1414
1414
1414
54
54
1414
1414
1414
1414
1414
1414
54
1414
1414
54
1414
1414
1414
1414
1414
54
1414
1414
54
1414
1414
54
1414
1414
1414
1414
54
54
1414
1414
54
1414
1414
54
1414
1414
1414
54
54
1414
1414
1414
54
1414
1414
1414
54
1414
1414
54
1414
1414
1414
54
54
1414
1414
54
1414
1414
54
1414
1414
54
1414
1414
54
1414
1414
54
1414
1414
1414
54
1414
1414
54
1414
1414
54
1414
1414
1414
54
54
1414
1414
1414
1414
54
1414
1414
1414
54
54
1414
1414
1414
54
1414
1414
1414
54
1414
1414
54
1414
1414
1414
54
1414
1414
54
1414
1414
1414
1414
54
54
1414
1414
1414
54
1414
1414
54
1414
1414
1414
54
1414
1414
54
1414
1414
54
1414
1414
54
1414
110
1414
54
1414
1414
54
1414
1414
54
1414
54
1414
1414
1414
54
1414
1414
1414
1414
1414
54
1414
1414
1414
54
1414
1414
1414
54
1414
1414
54
1414
1414
54
1414
1414
54
1414
1414
1414
54
1414
1414
54
1414
1414
54
1414
1414
54
1414
1414
54
1414
1414
54
1414
1414
54
1414
1414
54
1414
54
54
1414
1414
54
1414
1414
54
1414
1414
1414
54
1414
54
1414
1414
54
1414
1414
54
1414
1414
1414
54
1414
54
1414
1414
1414
54
1414
54
1414
1414
54
1414
1414
1414
1414
1414
54
1414
1414
54
1414
54
1414
1414
1414
1414
54
1414
1414
54
1414
1414
1414
54
1414
1414
54
1414
1414
54
1414
1414
1414
54
1414
54
1414
1414
1414
54
1414
1414
1414
54
1414
1364
1414
1414
1414
1414
1414
1414
1414
1414
54
54
1414
1414
1414
1414
54
100
1414
1414
1414
1414
54
1414
1414
54
1414
1414
54
1414
1414
54
1414
1414
1414
54
1414
1414
54
1414
1414
1414
1414
1414
1414
1414
1414
1414
54
1414
1414
1414
1414
54
1414
1414
1414
54
1414
1414
1414
54
1414
1414
1414
1414
54
1414
1414
1414
54
1414
54
1414
1414
54
1414
1414
54
1414
1414
54
1414
1414
1414
54
1414
54
1414
1414
1414
54
1414
1414
54
1414
54
1414
1414
1414
1414
1414
1414
1414
54
1414
1414
1414
1414
54
1414
1414
54
1414
1414
54
1015
54
54
54
55
66
202
439
54
54
1414
742
936
54
149
100
54
155
54
192
1414
742
1384
54
100
54
638
1045
54
54
254
100
54
100
54
1291
1414
1414
54
1414
1414
1414
54
1414
1414
54
1414
54
1414
1414
1414
54
1414
1414
1414
1414
54
1414
1414
1414
54
1414
1414
54
1414
1414
54
1414
1414
54
1414
1414
54
1414
1414
54
1414
1414
54
1414
1414
54
1414
1414
54
1414
1414
1414
1414
54
1414
1414
54
1414
1414
54
1414
1414
54
1414
1414
54
1414
1414
1414
54
1414
1414
54
1414
1414
54
1414
1414
1414
1414
1414
1414
54
1414
1414
1414
1414
54
1414
1414
54
1414
1414
54
1414
1414
54
1414
1414
54
1414
1414
1414
54
1414
1414
54
1414
1414
1414
54
1414
1414
1414
1414
54
1414
54
1414
1414
54
1414
1414
54
1414
1414
54
1414
1414
1414
1414
54
1414
1414
54
1414
1414
1414
1414
54
1414
1414
54
1414
1414
1414
54
1414
1414
1414
1414
1414
1414
1414
54
1414
1414
1414
54
1414
1414
1414
1414
1414
1414
54
1414
1414
1414
1414
54
1414
1414
1414
54
1414
1414
1414
54
1414
1414
1414
1414
1414
1414
1414
1414
54
1414
1414
1414
54
1414
1414
54
1414
1414
54
1414
1414
54
1414
1414
54
1414
1414
54
1414
1414
54
1414
1414
54
1414
1414
54
1414
1414
1414
1414
1414
54
1414
1414
54
1414
1414
54
1414
1414
1414
1414
54
1414
1414
54
1414
1414
54
1414
1414
1414
1414
1414
1414
1414
1414
54
1414
1414
1414
54
1414
1414
1414
1414
54
1414
1414
54
1414
1414
54
1414
1414
54
1414
1414
54
1414
1414
54
1414
1414
54
1414
1414
54
1414
1414
1414
1414
1414
1414
54
1414
1414
1414
54
1414
1414
54
1414
54
1414
1414
54
1414
1414
1414
1414
1414
1414
54
1414
1414
1414
54
1414
1414
54
1414
1414
54
1414
54
1414
1414
54
1414
1414
54
1414
1414
54
1414
1414
54
1414
1414
54
1414
1414
54
1414
1414
54
1414
1414
1414
54
1414
1414
1414
1414
54
1414
1414
54
1414
54
1414
1414
1414
54
1414
1414
54
1414
1414
54
1414
1414
1414
54
1414
1414
1414
54
1414
1414
54
1414
1414
54
1414
1414
54
1414
1414
54
1414
54
1414
1414
54
1414
1414
1414
54
1414
1414
54
1414
1414
54
1414
1414
1414
54
1414
1414
54
1414
1414
54
1414
1414
1414
1414
54
1414
1414
54
1414
1414
54
1414
1414
54
1414
1414
54
1414
1414
1414
54
1414
1414
54
1414
1414
54
1414
1414
1414
54
1414
1414
1414
54
1414
1414
54
1414
1414
54
1414
1414
54
1414
54
1414
1414
54
1414
1414
54
1414
1414
1414
54
1414
54
1414
1414
54
1414
1414
54
1414
1414
1414
54
1414
1414
54
1414
1414
54
1414
54
1414
1414
54
1414
1414
1414
1414
54
1414
1414
1414
1414
54
1414
1414
1414
54
1414
1414
54
1414
1414
54
1414
1414
54
1414
1414
54
1414
1414
54
1414
1414
54
1414
1414
1414
1414
1414
1414
1414
1414
54
1414
1414
1414
1414
54
1414
1414
1414
1414
1414
54
1414
1414
1414
1414
1414
1414
1414
1414
54
1414
1414
54
1414
1414
1414
1414
1414
1414
1414
1414
1414
54
1414
1414
1414
54
1414
1414
1414
1414
54
1414
1414
54
1414
1414
54
1414
1414
54
1414
1414
1414
1414
54
1414
1414
54
1414
1414
54
1414
1414
54
1414
1414
1414
1414
1414
54
1414
54
1414
1414
54
1414
1414
54
1414
1414
1414
1414
1414
1414
1414
54
1414
1414
54
1414
54
1414
1414
54
1414
1414
1414
1414
54
1414
1414
54
1414
1414
54
1414
1414
54
1414
1414
54
1414
1414
54
1414
1414
54
1414
1414
54
1414
1414
1414
1414
54
1414
1414
54
1414
1414
1414
54
1414
1414
1414
54
1414
1414
54
1414
1414
1414
54
1414
1414
54
1414
54
1414
1414
54
1414
1414
54
1414
1414
54
1414
1414
54
1414
1414
54
1414
1414
54
1414
1414
54
1414
1414
54
1414
1414
54
1414
1414
1414
1414
1414
54
1414
1414
54
1414
1414
1414
1414
54
1414
1414
1414
1414
54
1414
1414
1414
54
1414
1414
54
1414
1414
1414
54
1414
1414
54
1414
1414
1414
1414
1414
54
1414
1414
54
1414
1414
54
1414
1414
54
1414
1414
54
1414
1414
54
1414
1414
54
1414
1414
54
1414
1414
1414
1414
54
1414
1414
54
1414
1414
54
1414
1414
54
1414
1414
1414
54
1414
1414
54
1414
1414
54
1414
1414
1414
54
1414
1414
1414
54
1414
1414
1414
54
1414
1414
54
1414
1414
1414
1414
54
1414
1414
1414
1414
1414
54
1414
1414
1414
54
1414
1414
54
1414
1414
54
1414
1414
54
1414
1414
54
1414
1414
1414
1414
54
1414
1414
54
1414
1414
54
1414
1414
1414
54
1414
1414
1414
54
1414
1414
54
1414
1414
1414
54
1414
1414
1414
1414
1414
1414
1414
54
1414
1414
1414
54
1414
1414
54
1414
1414
54
1414
1414
54
1414
1414
54
1414
1414
54
1414
1414
1414
1414
1414
1414
1414
1414
1414
54
1414
1414
1414
1414
54
1414
1414
54
1414
1414
54
1414
1414
1414
1414
54
1414
1414
1414
54
1414
1414
54
1414
1414
1414
1414
1414
1414
1414
1414
1414
1414
54
1414
1414
1414
1414
54
1414
1414
54
1414
1414
1414
54
1414
1414
1414
1414
1414
54
1414
1414
1414
1414
1414
54
1414
1414
1414
54
1414
54
1414
1414
1414
1414
1414
54
1414
1414
1414
54
1414
1414
1414
1414
1414
1414
1414
1414
1414
54
1414
1414
1414
1414
1414
1414
54
1414
1414
1414
54
1414
1414
54
1414
1414
1414
1414
54
1414
1414
54
1414
1414
54
1414
1414
54
1414
1414
1414
1414
54
1414
1414
54
1414
1414
1414
54
1414
54
1414
1414
1414
1414
54
1414
1414
1414
54
1414
54
1414
1414
54
1414
1414
54
1414
1414
54
1414
1414
54
1414
1414
54
1414
1414
1414
54
1414
1414
1414
1414
54
1414
1414
54
1414
1414
54
1414
54
1414
1414
1414
54
1414
1414
1414
1414
54
1414
1414
1414
54
1414
1414
54
1414
1414
54
1414
1414
54
1414
1414
54
1414
1414
54
1414
1414
54
1414
1414
54
1414
1414
54
1414
1414
1414
1414
54
1414
1414
1414
1414
54
1414
1414
54
1414
1414
54
1414
1414
54
1414
1414
1414
54
1414
1414
54
1414
1414
54
1414
1414
54
1414
1414
1414
1414
54
1414
1414
1414
1414
1414
54
1414
1414
54
1414
1414
54
1414
1414
54
1414
1414
54
1414
1414
54
1414
1414
1414
54
1414
1414
54
1414
1414
54
1414
1414
1414
54
1414
1414
1414
54
1414
54
1414
1414
54
1414
1414
54
1414
1414
1414
1414
54
1414
1414
1414
54
1414
54
1414
1414
1414
54
1414
1414
54
1414
1414
54
1414
1414
1414
54
1414
1414
54
1414
1414
54
1414
1414
54
1414
1414
54
1414
1414
1414
1414
54
1414
1414
54
1414
1414
54
1414
1414
1414
54
1414
1414
54
1414
1414
54
1414
54
1414
1414
1414
54
1414
1414
54
1414
1414
54
1414
1414
1414
1414
1414
1414
1414
1414
54
1414
1414
1414
1414
54
1414
1414
1414
54
1414
1414
1414
54
1414
1414
54
1414
54
1414
1414
1414
1414
1414
1414
1414
1414
54
1414
1414
1414
1414
54
1414
1414
54
1414
1414
1414
1414
54
1414
1414
54
1414
1414
54
1414
1414
54
1414
1414
54
1414
1414
54
1414
1414
54
1414
1414
54
1414
1414
54
1414
1414
54
1414
1414
54
1414
1414
1414
54
1414
1414
54
1414
1414
1414
1414
54
1414
1414
1414
1414
54
1414
1414
1414
1414
1414
1414
1414
54
1414
1414
1414
54
1414
1414
1414
54
1414
1414
54
1414
1414
54
1414
1414
54
1414
1414
54
1414
1414
54
1414
1414
1414
54
1414
1414
54
1414
54
1414
1414
54
1414
1414
54
1414
1414
1414
1414
1414
1414
54
1414
1414
1414
54
1414
54
1414
1414
54
1414
1414
1414
1414
1414
1414
1414
54
1414
1414
1414
1414
1414
54
1414
1414
1414
1414
1414
54
1414
1414
54
1414
1414
1414
54
1414
1414
54
1414
1414
1414
1414
1414
54
1414
1414
54
1414
1414
54
1414
1414
54
1414
1414
1414
54
1414
1414
1414
54
1414
1414
54
1414
1414
54
1414
1414
54
1414
1414
54
1414
1414
54
1414
1414
54
1414
1414
54
1414
1414
54
1414
1414
54
1414
1414
54
1414
54
1414
1414
1414
1414
1414
54
1414
1414
1414
54
1414
1414
54
1414
1414
54
1414
1414
54
1414
1414
54
1414
1414
54
1414
1414
1414
1414
54
1414
1414
1414
1414
54
1414
1414
1414
1414
54
1414
1414
54
1414
1414
1414
1414
1414
54
1414
1414
1414
1414
54
1414
1414
54
1414
1414
54
1414
1414
54
1414
1414
1414
54
1414
1414
1414
54
1414
1414
54
1414
1414
54
1414
1414
54
1414
54
1414
1414
1414
1414
54
1414
1414
54
1414
1414
54
1414
1414
54
1414
1414
54
1414
1414
54
1414
1414
54
1414
1414
1414
54
1414
1414
1414
1414
54
1414
54
1414
1414
1414
1414
1414
1414
1414
54
1414
1414
1414
54
1414
1414
54
1414
1414
54
1414
1414
54
1414
1414
54
1414
1414
54
1414
1414
54
1414
1414
54
1414
1414
54
1414
1414
1414
1414
1414
1414
1414
54
1414
1414
1414
54
1414
1414
54
1414
1414
54
1414
1414
54
1414
1414
54
1414
1414
54
1414
1414
54
1414
1414
54
1414
1414
1414
54
1414
1414
54
1414
1414
54
1414
1414
1414
54
1414
1414
54
1414
1414
54
1414
1414
54
1414
1414
54
1414
1414
54
1414
1414
54
1414
1414
54
1414
1414
54
1414
1414
54
1414
1414
1414
54
1414
1414
54
1414
1414
54
1414
1414
54
1414
1414
54
1414
54
1414
1414
1414
1414
1414
1414
1414
1414
1414
1414
1414
1414
1414
1414
1414
54
1414
1414
1414
1414
1414
1414
1414
1414
1414
54
1414
1414
1414
1414
1414
1414
1414
1414
54
1414
1414
1414
1414
1414
1414
1414
1414
1414
1414
1414
1414
1414
1414
1414
1414
1414
54
1414
1414
1414
1414
1414
1414
1414
1414
1414
1414
1414
1414
1414
1414
1414
54
1414
1414
1414
54
1414
1414
1414
1414
1414
1414
54
1414
1414
1414
1414
1414
1414
1414
1414
1414
1414
54
1414
1414
1414
1414
1414
54
1414
1414
1414
1414
1414
1414
1414
1414
1414
1414
1414
1414
54
1414
1414
54
1414
1414
54
1414
1414
54
1414
1414
54
1414
1414
1414
54
1414
54
1414
1414
1414
1414
1414
1414
54
1414
1414
1414
54
1414
54
1414
1414
54
1414
1414
1414
54
1414
54
1414
1414
54
1414
1414
1414
1414
54
1414
1414
54
1414
1414
54
1414
1414
1414
54
1414
1414
54
1414
1414
1414
1414
1414
1414
54
1414
1414
1414
1414
1414
1414
1414
54
1414
1414
1192
54
432
54
210
100
54
1289
1414
1414
1414
1414
1414
1414
1414
1414
1414
1414
1414
1414
1414
1414
1414
1414
1414
1414
1414
1414
1414
1414
1414
54
1414
1414
1414
1414
1414
1414
54
1414
1414
1414
1414
54
1414
1414
54
1414
1414
1414
1414
1414
1414
1414
1414
54
1414
1414
1414
1414
54
1414
54
1414
1414
54
1414
1414
54
1414
1414
54
1414
1414
1414
54
1414
1414
54
1414
1414
54
1414
1414
54
1414
54
1414
1414
54
1414
1414
54
1414
1414
54
1414
1414
1414
1414
1414
1414
1414
1414
54
1414
1414
1414
54
1414
1414
54
1414
1414
54
1414
1414
54
1414
1414
54
1414
1414
54
1414
54
1414
1414
1414
54
1414
1414
1414
54
1414
1414
54
1414
1414
1414
54
1414
1414
54
1414
1414
54
1414
54
1414
1414
1414
54
1414
1414
54
1414
1414
1414
54
1414
1414
54
1414
1414
54
1414
1414
1414
1414
54
1414
1414
1414
54
1414
54
1414
1414
1414
54
1414
1414
54
1414
1414
54
1414
1414
54
1414
1414
54
1414
1414
54
1414
1414
54
1414
54
1414
1414
1414
1414
1414
1414
1414
1414
1414
1414
54
1414
1414
54
1414
1414
54
1414
1414
1414
1414
54
1414
1414
1414
1414
54
1414
1414
1414
1414
1414
54
1414
1414
54
1414
54
1414
1414
54
1414
1414
54
1414
1414
54
1414
1414
54
1414
1414
54
1414
1414
54
1414
1414
1414
54
1414
1414
1414
1414
1414
54
1414
1414
1414
54
1414
1414
1414
54
1414
1414
1414
54
1414
1414
54
1414
1414
54
1414
1414
54
1414
54
1414
1414
54
1414
1414
54
1414
1414
1414
54
1414
54
1414
1414
1414
1414
54
1414
1414
1414
54
1414
1414
54
1414
1414
54
1414
1414
54
1414
54
1414
1414
54
1414
1414
1414
1414
1414
1414
1414
1414
1414
54
1414
1414
1414
160
54
54
54
54
54
54
54
54
54
54
54
54
54
54
54
54
54
54
54
519
54
126
138
54
100
54
128
54
144
144
54
1291
1414
1414
1414
54
66
1414
1414
1414
54
1414
1414
54
1414
1414
1414
1414
54
1414
1414
54
1414
1414
1414
54
1414
54
1414
1414
1414
54
1414
1414
54
1414
1414
1414
1414
1414
1414
1414
1414
54
1414
1414
1414
54
1414
1414
1414
1414
1414
1414
1414
1414
1414
1414
1414
1414
1414
1414
1414
1414
1414
1414
54
1414
1414
1414
1414
1414
1414
54
1414
1414
1414
1414
54
1414
1414
54
1414
1414
54
1414
1414
1414
1414
1414
1414
1414
1414
54
1414
1414
1414
54
1414
1414
54
1414
1414
54
1414
1414
54
1414
1414
54
1414
1414
54
1414
1414
1414
1414
1414
1414
1414
1414
1414
54
1414
1414
1414
1414
54
1414
1414
1414
54
1414
54
1414
1414
1414
1414
1414
54
1414
54
1414
1414
54
1414
1414
1414
1414
54
1414
1414
54
1414
1414
54
1414
1414
1414
54
1414
1414
54
1414
1414
54
1414
1414
1414
54
1414
1414
54
1414
1414
1414
54
1414
1414
54
1414
54
1414
1414
1414
54
1414
1414
1414
1414
54
1414
1414
1414
54
1414
1414
54
1414
1414
1414
54
1414
1414
1414
54
1414
1414
54
1414
1414
1414
1414
1414
54
1414
1414
1414
1414
1414
54
1414
1414
1414
54
1414
1414
1414
1414
1414
1414
1414
54
1414
1414
1414
54
1414
1414
54
1414
1414
54
1414
1414
54
1414
1414
1414
54
1414
1414
1414
54
1414
1414
54
1414
1414
54
1414
1414
54
1414
54
1414
1414
54
1414
1414
54
1414
1414
54
1414
1414
1414
54
1414
1414
54
1414
1414
1414
1414
54
1414
1414
1414
54
1414
66
54
272
1414
54
1414
1414
1414
1414
1414
1414
1414
1414
54
1414
1414
1414
1414
54
1414
1414
54
1414
1414
54
1414
1414
1414
1414
1414
54
1414
1414
54
1414
1414
54
1414
1414
54
1414
1414
1414
54
1414
1414
1414
1414
54
1414
1414
54
1414
1414
54
1414
1414
1414
54
1414
1414
54
1414
1414
54
1414
1414
1414
1414
1414
1414
1414
54
1414
1414
1414
1414
1414
54
1414
1414
54
1414
54
1414
1414
54
1414
1414
1414
1414
1414
1414
54
1414
1414
1414
54
1414
1414
1414
1414
1414
1414
1414
1414
54
1414
1414
1414
1414
54
1414
1414
1414
54
1414
1414
54
1414
1414
54
1414
1414
54
1414
1414
1414
1414
54
1414
1414
1414
54
1414
1414
54
1414
54
1414
1414
54
1414
1414
54
1414
1414
1414
1414
54
1414
1414
1414
54
1414
1414
1414
1414
1414
1414
1414
1414
1414
1414
54
1414
1414
1414
1414
1414
54
1414
1414
54
1414
1414
1414
54
1414
1414
54
1414
54
1414
1414
54
1414
1414
54
1414
1414
1414
1414
54
1414
1414
54
1414
1414
54
1414
1414
54
1414
1414
54
1414
1414
54
1414
1414
1414
54
1414
1414
54
1414
1414
1414
54
1414
1414
1414
1414
54
1414
1414
1414
54
1414
1414
1414
54
1414
1414
54
1414
1414
54
1414
1414
54
1414
1414
54
1414
1414
54
1414
1414
54
1414
1414
54
1414
1414
54
1414
1414
54
1414
1414
1414
54
1414
1414
54
1414
1414
54
1414
1414
54
1414
1414
1414
1414
54
1414
1414
1414
1414
1414
54
1414
1414
54
1414
1414
54
1414
1414
54
1414
1414
1414
54
54
1414
1414
54
1414
1414
1414
54
54
1414
70
1414
54
1414
1414
651
54
1414
1414
1414
54
1414
1414
1414
1414
1414
54
1414
1414
54
180
1414
1414
1414
1414
54
1414
1414
54
1414
1414
54
1414
54
1414
1414
1414
1414
66
66
1414
66
1414
1414
74
74
1414
1414
74
74
1414
1414
74
74
1414
1414
1414
1414
1414
1414
74
74
74
74
74
74
1414
1414
1414
74
74
74
1414
1414
74
74
1414
1414
1414
74
74
74
1414
1414
1414
74
74
74
1414
1414
74
74
1414
1414
1414
1414
74
74
74
74
1414
74
1414
1414
1414
74
74
74
1414
1414
74
74
1414
1414
74
74
1414
1414
74
74
1414
1414
74
74
1414
1414
74
74
1414
1414
1414
1414
74
74
74
74
1414
1414
74
74
1414
1414
74
74
1414
1414
74
74
1414
1414
66
66
1414
1414
54
54
1414
1414
1414
54
1414
1414
54
1414
1414
54
1414
1414
1414
1414
1414
1414
1414
54
1414
1414
1414
1414
54
1414
1414
1414
54
1414
1414
54
1414
1414
54
1414
1414
54
1414
1414
54
1414
1414
1414
1414
1414
1414
1414
1414
1414
54
1414
1414
1414
54
1414
1414
54
1414
1414
54
1414
1414
54
1414
1414
54
1414
1414
1414
1414
54
1414
1414
54
1414
1414
1414
1414
54
1414
1414
1414
54
1414
1414
54
1414
1414
54
1414
1414
54
1414
1414
54
1414
54
1414
1414
1414
1414
1414
1414
1414
1414
1414
54
1414
1414
1414
54
1414
1414
1414
54
1414
1414
54
1414
1414
1414
1414
1414
54
1414
1414
54
1414
1414
1414
1414
1414
54
1414
1414
1414
54
1414
1414
54
1414
1414
54
1414
1414
54
1414
1414
54
1414
1414
1414
1414
54
1414
1414
54
1414
1414
1414
54
1414
1414
54
1414
54
1414
1414
54
1414
1414
1414
54
1414
1414
1414
54
1414
1414
54
1414
1414
332
54
1414
1414
54
1414
1414
1414
54
1414
54
1414
1414
54
1414
1414
54
1414
1414
1414
1414
54
1414
1414
1414
54
1414
1414
54
777
1414
1414
54
1414
54
1414
1414
1414
54
1414
1414
54
1414
1414
54
1414
1414
1414
54
1414
1414
54
1414
1414
1414
54
1414
1414
54
1414
1414
1414
54
1414
1414
1414
54
1414
54
1414
1414
54
1414
1414
1414
54
1414
1414
54
1414
1414
54
1414
54
1414
1414
54
1414
1414
1414
1414
1414
54
1414
1414
1414
54
1414
1414
1414
1414
54
1414
1414
1414
54
1414
1414
1414
1414
54
1414
1414
54
1414
1414
1414
1414
54
1414
1414
54
1414
1414
54
1414
1414
1414
54
1414
1414
54
1414
1414
54
1414
1414
54
1414
1414
1414
54
1414
1414
54
1414
1414
1414
54
1414
1414
1414
54
1414
1414
54
1414
1414
54
1414
1414
1414
54
1414
1414
1414
54
1414
1414
1414
54
1414
1414
1414
1414
54
1414
1414
1414
54
1414
1414
1414
1414
54
1414
1414
54
1414
1414
54
1414
1414
1414
1414
1414
1414
1414
1414
1414
54
1414
1414
1414
1414
1414
1414
1414
1414
54
1414
1414
1414
54
1414
1414
54
1414
1414
1414
54
1414
1414
1414
1414
1414
1414
1414
1414
1414
1414
54
1414
1414
1414
1414
54
1414
1414
54
1414
1414
1414
1414
54
1414
1414
54
1414
1414
1414
1414
54
1414
1414
54
1414
1414
1414
1414
54
1414
1414
54
1414
1414
1414
54
1414
1414
1414
1414
54
1414
1414
54
1414
1414
1414
1414
1414
1414
1414
1414
1414
54
1414
1414
1414
1414
54
1414
1414
1414
54
1414
1414
54
1414
1414
1414
54
1414
1414
1414
54
1414
1414
1414
54
1414
408
54
54
1414
1414
54
1414
1414
1414
54
1414
1414
54
1414
1414
1414
54
1414
1414
54
1414
1414
54
1414
54
1414
1414
54
1414
1414
54
1414
1414
1414
1414
54
1414
1414
1414
54
1414
1414
1414
54
1414
1414
1414
54
1414
1414
54
1414
54
1414
1414
54
1414
1414
1414
1414
1414
54
1414
1414
54
1414
1414
54
1414
1414
1414
54
1414
1414
54
1414
1414
1414
1414
54
1414
1414
54
1414
1414
1414
54
1414
1414
1414
1414
54
1414
1414
54
1414
1414
1414
54
1414
1414
54
1414
1414
1414
1414
54
1414
1414
54
1414
1414
1414
54
1414
1414
1414
54
1414
1414
1414
54
1414
1414
1414
54
1414
1414
54
1414
1414
54
1414
1414
54
1414
1414
1414
54
1414
1414
1414
54
1414
1414
54
1414
1414
54
1414
1414
1414
1414
54
1414
1414
54
1414
1414
1414
1414
54
1414
1414
54
1414
1414
54
1414
1414
1414
1414
1414
54
1414
1414
1414
54
1414
1414
1414
1414
1414
54
1414
54
1414
1414
1414
1414
54
1414
1414
1414
54
1414
1414
1414
54
1414
1414
1414
54
1414
54
1414
1414
1414
54
1414
1414
54
1414
1414
1414
54
1414
1414
1414
54
1414
1414
1414
54
1414
1414
54
1414
1414
1414
54
1414
1414
1414
54
1414
1414
1414
1414
54
1414
1414
54
1414
1414
1414
1414
1414
1414
1414
54
1414
1414
1414
1414
1414
54
1414
1414
1414
54
1414
1414
1414
54
1414
1414
54
1414
1414
54
1414
1414
1414
1414
1414
1414
1414
1414
1414
1414
54
1414
1414
1414
54
1414
1414
1414
1414
1414
54
1414
1414
1414
54
1414
1414
54
1414
1414
54
1414
1414
54
1414
1414
1414
54
1414
1414
1414
1414
54
1414
1414
1414
54
1414
1414
54
1414
1414
54
1414
1414
54
1414
1414
1414
1414
1414
1414
1414
1414
54
1414
1414
1414
54
1414
1414
1414
54
1414
1414
54
1414
1414
54
1414
1414
1414
1414
54
1414
1414
1414
1414
54
1414
1414
1414
1414
54
1414
1414
1414
54
1414
1414
1414
1414
1414
54
1414
1414
1414
54
1414
1414
1414
1414
54
1414
1414
54
1414
1414
54
1414
1414
54
1414
1414
1414
54
1414
1414
54
1414
54
1414
1414
1414
54
1414
1414
54
1414
1414
54
1414
1414
54
1414
54
1414
1414
54
1414
1414
1414
54
1414
1414
54
54
1414
1414
1414
54
1414
1414
1414
1414
1414
54
1414
1414
54
1414
1414
54
1414
1414
1414
54
1414
1414
54
1414
1414
1414
1414
54
1414
1414
54
1414
1414
1414
54
1414
1414
54
1414
54
1414
1414
1414
1414
1414
1414
1414
1414
1414
54
1414
54
1414
1414
1414
54
1414
1414
54
1414
1414
54
1414
54
1414
1414
1414
54
1414
54
1414
1414
54
1414
1414
1414
54
1414
1414
1414
54
1414
1414
1414
1414
54
1414
1414
54
1414
54
54
1414
54
1414
1414
1414
54
1414
1414
1414
54
1414
1414
54
1414
1414
1414
54
1414
1414
54
1414
1414
54
1414
54
1414
1414
1414
1414
54
1414
1414
1414
54
1414
1414
54
1414
54
1414
1414
54
1414
1414
54
1414
1414
1414
54
1414
1414
54
1414
1414
1414
54
1414
1414
54
1414
1414
54
1414
1414
1414
54
1414
1414
1414
54
1414
1414
54
1414
1414
1414
1414
1414
54
1414
54
1414
1414
1414
54
1414
1414
1414
1414
1414
1414
1414
1414
54
1414
1414
54
1414
1414
1414
54
1414
1414
1414
54
1414
1414
54
1414
1414
54
1414
1414
54
1414
1414
54
1414
54
1414
1414
1414
1414
1414
1414
1414
54
1414
54
1414
1414
54
1414
1414
54
1414
1414
1414
1414
1414
54
1414
1414
54
1414
1414
1414
54
1414
1414
54
1414
1414
54
1414
1414
54
1414
1414
54
1414
1414
54
1414
1414
54
1414
1414
54
1414
1414
1414
1414
1414
54
1414
1414
54
1414
1414
1414
1414
1414
1414
1414
54
1414
1414
1414
54
1414
1414
1414
54
1414
1414
54
1414
1414
54
1414
1414
1414
1414
54
1414
1414
54
1414
1414
54
1414
1414
54
1414
1414
1414
1414
54
1414
1414
1414
1414
54
1414
1414
54
1414
1414
1414
1414
54
1414
1414
1414
54
1414
1414
1414
54
1414
1414
1414
54
1414
1414
54
1414
1414
54
1414
54
1414
1414
54
1414
1414
1414
1414
1414
1414
54
1414
1414
1414
54
1414
1414
54
1414
1414
54
1414
1414
54
1414
1414
54
1262
54
1290
1414
1414
54
1414
1414
1414
1414
1414
1414
1414
54
1414
1414
54
1414
54
1414
1414
1414
1414
1414
1414
1414
1414
1414
54
1414
1414
1414
1414
1414
1414
1414
54
1414
1414
54
1414
1414
1414
54
1414
1414
54
1414
1414
1414
1414
54
1414
1414
1414
54
1414
1414
1414
1414
54
1414
1414
1414
54
1414
1414
54
1414
1414
1414
1414
54
1414
1414
1414
54
1414
1414
1414
1414
54
1414
1414
1414
54
1414
1414
54
1414
1414
54
1414
1414
54
1414
1414
54
1414
1414
54
1414
54
1414
1414
54
1414
1414
54
1414
1414
54
1414
1414
1414
54
1414
54
1414
1414
1414
54
1414
1414
54
1414
1414
1414
1414
1414
1414
1414
1414
1414
54
1414
1414
1414
54
1414
1414
54
1414
1414
54
1414
1414
54
1414
1414
54
1414
1414
54
1414
54
1414
1414
54
1414
1414
54
1414
1414
1414
1414
1414
1414
1414
1414
54
1414
1414
1414
54
1414
1414
1414
54
1414
1414
54
1414
1414
54
1414
1414
1414
1414
54
1414
1414
54
1414
1414
54
1414
1414
54
1414
1414
54
1414
1414
54
1414
1414
54
1414
1414
1414
1414
1414
1414
54
1414
1414
1414
1414
1414
1414
1414
1414
1414
1414
1414
54
1414
1414
1414
1414
54
1414
1414
1414
54
1414
1414
1414
54
1414
1414
54
1414
1414
54
1414
54
1414
1414
1414
1414
54
1414
1414
1414
54
1414
1414
54
1414
54
1414
1414
54
1414
1414
54
1414
1414
1414
1414
54
1414
1414
1414
1414
1414
1414
1414
1414
54
1414
1414
1414
54
1414
54
1414
1414
54
1414
1414
54
1414
1414
1414
54
1414
1414
54
1414
1414
54
1414
1414
1414
1414
1414
1414
54
1414
1414
54
1414
1414
54
1414
1414
65
54
250
100
54
54
1414
742
54
1414
1414
54
1414
1414
54
1414
1414
1414
54
1414
54
1334
1414
742
54
1414
1414
54
923
54
1414
742
1414
1414
922
54
1414
54
742
824
54
1414
742
824
54
1414
54
742
815
54
1414
742
824
54
1414
54
742
824
54
1414
742
824
54
1414
54
742
824
54
1414
742
824
54
1414
54
742
824
54
1414
742
824
54
1414
54
628
100
54
66
66
66
54
263
66
54
266
54
1414
1414
54
1132
345
107
104
96
621
348
110
96
54
92
54
92
54
310
54
644
262
54
100
100
54
1414
1414
1191
54
345
107
104
96
481
54
66
66
54
259
321
54
54
348
110
96
54
92
54
92
54
364
54
1414
1414
1209
100
54
100
1414
742
54
1414
855
54
345
561
107
104
96
557
1414
742
1414
1414
730
54
54
100
54
54
54
54
54
370
54
348
152
54
92
92
54
281
54
54
1414
742
1414
1414
54
1414
70
1414
1117
54
1414
742
824
54
1414
54
460
100
221
1414
742
54
824
895
54
100
54
54
787
800
54
162
1414
54
742
1414
1414
54
1414
70
960
54
1414
742
1401
54
100
54
100
54
54
264
461
100
54
100
54
438
54
126
92
100
54
100
54
1291
1414
1414
54
1414
1414
54
1414
1414
1414
1414
1414
54
1414
1414
1414
54
1414
1414
54
1414
1414
54
1414
1414
54
1414
1414
54
1414
1414
54
1414
1414
1414
1414
1414
1414
1414
54
1414
1414
54
1414
1414
54
1414
1414
1414
1414
1414
1414
54
1414
1414
1414
54
1414
1414
54
1414
1414
54
1414
1414
54
1414
1414
1414
1414
1414
54
1414
1414
1414
1414
1414
1414
1414
1414
1414
1414
1414
1414
1414
1414
1414
1414
1414
1414
1414
54
1414
1414
1414
1414
1414
1414
1414
1414
1414
1414
1414
1414
1414
1414
1414
1414
1414
1414
1414
1414
54
1414
1414
54
1414
1414
54
1414
1414
54
1414
1414
1414
54
1414
54
1414
1414
54
1414
1414
54
1414
1414
54
1414
1414
54
1414
1414
1414
1414
1414
1414
54
1414
1414
1414
54
1414
54
1414
1414
1414
54
1414
1414
54
1414
54
1414
1414
54
1414
1414
54
1414
1414
54
1414
1414
1414
1414
1414
1414
1414
1414
54
1414
1414
1414
1414
54
1414
1414
1414
54
1414
1414
1414
54
1414
1414
1414
1414
54
1414
1414
54
1414
1414
54
1414
1414
54
1414
1414
54
1414
1414
54
1414
1414
54
1414
1414
1414
54
1414
1414
1414
1414
1414
54
1414
1414
1414
1414
1414
1414
1414
1414
1414
54
1414
1414
1414
1414
54
1414
1414
1414
1414
1414
1414
1414
1414
1414
1414
54
1414
1414
54
1414
1414
1414
1414
1414
1414
54
1414
1414
1414
54
1414
1414
54
1414
1414
1414
54
1414
1414
54
1414
1414
1414
1414
1414
54
1414
1414
54
1414
1414
54
1414
1414
1414
54
1414
54
1414
1414
54
1414
1414
54
1414
1414
1414
54
1414
54
1414
1414
1414
1414
54
1414
1414
54
1414
1414
54
1414
1414
54
1414
1414
54
1414
1414
54
1414
1414
54
1414
1414
54
1414
1414
1414
54
1414
1414
54
1414
1414
54
1414
1414
54
1414
1414
54
1414
1414
1414
54
1414
1414
54
1414
1414
54
1414
1414
54
1414
1414
1414
54
1414
1414
1414
1414
1414
1414
1414
1414
1414
54
1414
1414
1414
1414
54
1414
1414
1414
54
1414
1414
1414
1414
1414
54
1414
1414
1414
1414
1414
1414
1414
54
1414
1414
54
1414
54
1414
1414
54
1414
1414
54
1414
1414
1414
54
1414
1414
54
1414
1414
54
1414
54
1414
1414
1414
54
1414
1414
54
1414
1414
54
1414
54
1414
1414
54
1414
1414
54
1414
1414
54
1414
1414
54
1414
1414
1414
54
1414
1414
54
1414
54
1414
1414
54
1414
1414
54
1414
1414
1414
54
1414
1414
54
1414
1414
1414
1414
1414
1414
1414
1414
1414
54
1414
1414
54
1414
1414
54
1414
1414
1414
54
1414
54
1414
1414
54
1414
1414
1414
54
1414
1414
54
1414
54
1414
1414
54
1414
1414
54
1414
1414
1414
1414
1414
1414
1414
1414
1414
1414
1414
54
1414
1414
1414
1414
54
1414
54
1414
1414
54
1414
1414
54
1414
1414
1414
1414
1414
1414
1414
54
1414
1414
1414
54
1414
1414
1414
1414
54
1414
1414
54
1414
1414
1414
54
1414
1414
54
1414
1414
1414
54
1414
1414
54
1414
1414
1414
1414
1414
1414
1414
1414
1414
1414
1414
1414
1414
1414
54
1414
1414
1414
1414
1414
1414
1414
1414
1414
1414
1414
1414
1414
1414
1414
1414
1414
54
1414
54
1414
1414
1414
1414
1414
1414
1414
1414
1414
1414
1414
1414
1414
54
1414
1414
1414
54
1414
54
1414
1414
54
1414
1414
1414
54
1414
54
1414
1414
54
1414
1414
54
1414
1414
54
1414
1414
1414
54
1414
54
1414
1414
1414
1414
1414
1414
1414
54
1414
54
1414
1414
54
1414
1414
54
1414
1414
1414
1414
1414
54
1414
54
1414
1414
1414
1414
1414
1414
1414
1414
1414
1414
1414
1414
54
1414
1414
1414
1414
1414
1414
1414
1414
1414
1414
1414
54
1414
1414
1414
1414
1414
1414
1414
1414
1414
1414
1414
1414
54
1414
1414
1414
1414
1414
1414
1414
1414
1414
1414
1414
1414
1414
1414
1414
1414
1414
54
1414
1414
1414
1414
1414
1414
1414
1414
1414
1414
1414
1414
1414
1414
1414
54
1414
1414
1414
54
1414
1414
54
1414
54
1414
1414
54
1414
1414
1414
54
1414
1414
54
1414
1414
54
1414
1414
1414
54
1414
1414
54
1414
1414
54
1414
1414
54
1414
1414
54
1414
1414
1414
1414
54
1414
1414
1414
54
1414
54
1414
1414
54
1414
1414
1414
54
1414
1414
54
1414
1414
54
1414
1414
54
1414
1414
54
1414
54
1414
1414
54
1414
1414
1414
54
1414
1414
54
1414
1414
1414
54
1414
1414
54
1414
1414
54
1414
1414
54
1414
1414
1414
54
1414
1414
54
1414
1414
54
1414
1414
54
1414
1414
54
1414
1414
1414
1414
1414
1414
1414
54
1414
1414
54
1414
1414
54
1414
1414
54
1414
1414
54
1414
1414
54
1414
1414
54
1414
1414
54
1414
1414
54
1414
1414
54
1414
1414
1414
54
1414
1414
54
1414
54
1414
1414
1414
54
1414
1414
1414
54
1414
1414
1414
1414
1414
54
1414
1414
1414
1414
1414
1414
54
1414
1414
1414
54
1414
1414
54
1414
1414
54
1414
1414
66
66
1414
1414
66
66
1414
1414
66
66
1414
66
1414
1414
66
66
1414
1414
66
66
1414
1414
1414
66
66
66
1414
1414
66
66
1414
1414
1414
1414
1414
1414
66
66
66
66
66
66
1414
1414
1414
1414
66
66
66
66
1414
1414
66
66
1414
1414
1414
1414
66
66
66
66
1414
1414
1414
66
66
66
1414
1414
1414
66
66
66
1414
1414
1414
1414
1414
1414
1414
1414
1414
1414
1414
1414
1414
1414
1414
1414
66
66
66
66
66
66
66
66
66
66
66
66
66
66
66
66
1414
1414
1414
1414
1414
66
66
66
66
54
1414
1414
1414
54
1414
1414
1414
1414
1414
1414
1414
54
1414
1414
1414
1414
54
1414
1414
1414
1414
54
1414
1414
54
1414
1414
54
1414
1414
54
1414
1414
1414
1414
1414
1414
1414
1414
1414
54
1414
1414
1414
54
1414
1414
1414
1414
1414
54
1414
1414
54
1414
1414
54
1414
54
1414
1414
54
1414
1414
1414
54
1414
1414
54
1414
54
1414
1414
54
1414
1414
54
1414
1414
54
1414
1414
54
1414
1414
54
1414
1414
54
1414
1414
1414
1414
54
1414
1414
1414
54
1414
1414
54
1414
1414
1414
1414
54
1414
1414
54
1414
1414
54
1414
1414
54
1414
1414
54
1414
1414
54
1414
1414
54
1414
1414
54
1414
1414
1414
1414
1414
1414
54
1414
1414
1414
54
1414
1414
54
1414
1414
54
1414
1414
54
1414
1414
1414
1414
54
1414
54
1414
1414
54
1414
1414
54
1414
1414
54
1414
1414
54
1414
1414
1414
54
1414
54
1414
1414
54
1414
1414
54
1414
1414
54
1414
1414
54
1414
1414
54
1414
1414
54
1414
1414
54
1414
1414
54
1414
1414
1414
54
1414
1414
54
1414
1414
54
1414
1414
54
1414
1414
54
1414
1414
54
1414
1414
54
1414
1414
54
1414
1414
54
1414
1414
54
1414
1414
1414
1414
1414
54
1414
1414
1414
54
1414
1414
1414
1414
1414
54
1414
1414
1414
54
1414
1414
54
1414
1414
54
1414
1414
54
1414
1414
54
1414
1414
1414
1414
54
1414
1414
1414
1414
1414
1414
1414
1414
1414
1414
1414
1414
1414
1414
1414
1414
1414
1414
1414
1414
1414
54
1414
1414
1414
1414
1414
1414
1414
1414
54
1414
1414
1414
54
1414
1414
1414
54
1414
1414
54
1414
1414
54
1414
1414
54
1414
1414
54
1414
1414
54
1414
1414
1414
54
1414
1414
54
1414
1414
1414
1414
1414
1414
54
1414
1414
54
1414
1414
54
1414
1414
1414
1414
54
1414
1414
54
1414
1414
54
1414
1414
54
1414
1414
1414
54
1414
1414
54
1414
1414
54
1414
1414
54
1414
1414
1414
1414
1414
54
1414
1414
54
1414
1414
54
1414
1414
54
1414
1414
54
1414
1414
1414
54
1414
54
1414
1414
1414
54
1414
1414
54
1414
1414
54
1414
1414
1414
1414
1414
54
1414
1414
1414
54
1414
54
1414
1414
54
1414
1414
1414
54
1414
1414
1414
54
1414
1414
54
1414
1414
54
1414
1414
1414
1414
1414
1414
54
1414
1414
54
1414
1414
54
1414
1414
1414
1414
1414
1414
1414
1414
54
1414
1414
1414
54
1414
1414
54
1414
1414
54
1414
1414
54
1414
1414
54
1414
1414
54
1414
1414
1414
54
1414
1414
54
1414
1414
54
1414
1414
1414
1414
1414
54
1414
1414
54
1414
1414
54
1414
1414
54
1414
1414
54
1414
1414
54
1414
1414
54
1414
1414
54
1414
1414
1414
54
1414
1414
1414
54
1414
1414
54
1414
54
1414
1414
54
1414
1414
54
1414
1414
54
1414
1414
54
1414
1414
1414
1414
54
1414
1414
54
1414
1414
54
1414
1414
54
1414
1414
54
1414
1414
54
1414
1414
54
1414
1414
54
1414
1414
1414
1414
54
1414
1414
54
1414
1414
54
1414
1414
54
1414
1414
1414
1414
1414
54
1414
1414
1414
54
1414
1414
54
1414
1414
1414
54
1414
54
1414
1414
54
1414
1414
1414
1414
1414
1414
1414
1414
54
1414
1414
1414
54
1414
1414
1414
54
1414
1414
54
1414
1414
54
1414
1414
54
1414
1414
1414
54
1414
1414
54
1414
1414
1414
1414
1414
1414
1414
1414
1414
54
1414
1414
1414
1414
1414
1414
1414
1414
54
1414
1414
1414
54
1414
1414
54
1414
1414
54
1414
1414
54
1414
1414
54
1414
54
1414
1414
54
1414
1414
1414
1414
54
1414
1414
1414
1414
54
1414
1414
54
1414
1414
54
1414
1414
1414
1414
1414
1414
1414
1414
1414
54
1414
1414
1414
1414
54
1414
1414
54
1414
1414
1414
54
1414
1414
1414
54
1414
1414
54
1414
1414
54
1414
1414
54
1414
54
1414
1414
1414
54
1414
1414
1414
1414
54
1414
1414
1414
54
1414
1414
54
1414
1414
1414
54
1414
54
1414
1414
1414
54
1414
1414
54
1414
1414
54
1414
54
1414
1414
54
1414
1414
54
1414
1414
54
1414
1414
1414
54
1414
54
1414
1414
54
1414
1414
1414
1414
1414
1414
54
1414
1414
54
1414
1414
1414
1414
1414
1414
1414
54
1414
54
1414
1414
1414
54
1414
1414
54
1414
1414
1414
1414
54
1414
1414
1414
54
1414
1414
54
1414
1414
1414
54
1414
1414
54
1414
1414
54
1414
1414
1414
1414
54
1414
1414
1414
54
1414
1414
54
1414
1414
1414
54
1414
1414
54
1414
1414
54
1414
1414
54
1414
1414
54
1414
1414
54
1414
54
1414
1414
1414
1414
54
1414
1414
54
1414
1414
54
1414
1414
54
1414
1414
1414
1414
54
1414
1414
1414
54
1414
54
1414
1414
1414
1414
54
1414
1414
54
1290
1414
1414
1414
1414
54
1414
1414
54
1414
1414
1414
1414
1414
1414
54
1414
1414
54
1414
1414
54
1414
1414
1414
1414
54
1414
1414
54
1414
1414
54
1414
1414
1414
1414
54
1414
1414
54
1414
1414
1414
54
1414
1414
54
1414
1414
54
1414
1414
54
1414
1414
1414
1414
54
1414
1414
1414
54
1414
1414
54
1414
1414
54
1414
1414
1414
1414
1414
1414
1414
1414
1414
1414
1414
54
54
1414
1414
1414
1414
54
54
1414
1414
54
1414
1414
54
1414
54
1414
1414
1414
1414
54
54
1414
1414
1414
1414
1414
1414
1414
1414
1414
1414
54
54
1414
1414
1414
1414
54
54
1414
1414
54
1414
1414
54
1414
1414
54
1414
1414
54
1414
1414
1414
1414
66
66
1414
1414
66
66
1414
1414
66
74
1414
1414
66
66
1414
1414
74
66
1414
1414
66
66
1414
1414
1414
1414
1414
66
82
82
74
74
1414
1414
1414
90
90
82
1414
1414
82
90
1414
1414
1414
1414
1414
1414
1414
90
90
90
90
90
90
90
1414
1414
1414
90
90
90
1414
90
1414
90
1414
1414
90
90
1414
1414
1414
1414
1414
90
90
90
90
90
1414
1414
1414
90
90
90
1414
1414
90
90
1414
1414
90
90
1414
90
1414
1414
1414
1414
90
90
90
90
1414
1414
90
90
1414
1414
90
90
1414
1414
1414
1414
90
90
90
90
1414
1414
1414
90
90
90
1414
90
1414
90
1414
1414
1414
1414
1414
90
90
90
90
82
1414
1414
74
90
1414
1414
90
90
1414
1414
1414
1414
1414
90
66
90
90
66
1414
1414
54
90
1414
1414
90
82
1414
1414
1414
82
74
74
1414
1414
66
66
1414
66
1414
1414
979
66
66
1414
1414
54
1414
1414
54
1414
1414
54
1414
1414
54
1414
54
1414
1414
54
1414
1414
54
1414
1414
54
1414
1414
1414
54
1414
1414
54
1414
1414
54
1414
54
1414
1414
54
54
1414
1414
54
1414
1414
54
1414
1414
1414
54
1414
1414
54
1414
1414
1414
1414
1414
1414
54
1414
1414
1414
1414
54
1414
1414
54
1414
1414
54
1414
1414
54
1414
1414
1414
54
1414
1414
54
1414
1414
1414
54
1414
1414
1414
54
1414
1414
1414
54
1414
1414
54
1414
1414
54
1414
1414
1414
54
1414
1414
54
1414
1414
54
1414
1414
1414
1414
1414
54
1414
54
1414
1414
1414
54
1414
1414
54
1414
1414
54
1414
1414
1414
1414
1414
54
1414
1414
1414
54
1414
1414
54
1414
1414
54
1414
1414
54
1414
1414
1414
1414
54
1414
1414
1414
1414
54
1414
1414
1414
1414
1414
54
1414
1414
1414
54
1414
1414
54
1414
1414
54
1414
1414
54
1414
1414
54
1414
54
1414
1414
1414
1414
1414
1414
1414
1414
54
1414
1414
1414
1414
1414
1414
1414
1414
54
1414
1414
54
1414
1414
1414
54
1414
1414
1414
54
1414
1414
1414
54
1414
1414
1414
1414
1414
1414
1414
54
1414
1414
1414
1414
1414
258
54
388
1414
294
54
1292
1414
1414
54
1414
1414
1414
54
1414
54
1414
1414
1414
1414
1414
1414
1414
1414
1414
1414
54
1414
1414
1414
1414
54
1414
1414
1414
1414
1414
54
1414
1414
54
1414
1414
1414
1414
54
1414
1414
1414
54
1414
1414
1414
54
1414
1414
54
1414
54
1414
1414
1414
54
1414
1414
1414
54
1414
1414
1414
54
1414
54
1414
1414
1414
1414
1414
54
1414
1414
1414
54
1414
1414
1414
54
1414
1414
54
1414
1414
54
1414
1414
54
1414
1414
54
1414
54
1414
1414
54
1414
1414
1414
54
1414
1414
54
1414
1414
54
1414
1414
54
1414
1414
54
1414
1414
1414
1414
54
1414
1414
54
1414
1414
54
1414
1414
1414
54
1414
1414
54
1414
1414
1414
54
1414
1414
54
1414
54
1414
1414
1414
54
1414
1414
54
1414
1414
54
1414
1414
54
1414
1414
54
1414
1414
54
1414
1414
54
1414
54
1414
1414
54
1414
1414
1414
1414
1414
1414
54
1414
1414
1414
1414
1414
54
1414
1414
54
1414
1414
54
1414
1414
1414
54
1414
1414
54
1414
1414
54
1414
1414
1414
54
436
1414
1414
1414
1414
1414
1414
1414
1414
1414
1414
54
1414
1414
1414
1414
54
1414
1414
1414
54
1414
1414
1414
54
1414
54
1414
1414
1414
54
1414
54
1414
1414
1414
54
1414
1414
1414
1414
1414
1414
54
54
1414
1414
1414
54
1414
1414
54
1414
1414
1414
54
1414
1414
1414
1414
54
1414
1414
1414
54
1414
1414
54
1414
1414
1414
1414
1414
1414
1414
1414
54
1414
1414
54
1414
1414
1414
54
1414
1414
1414
1414
54
1414
1414
1414
1414
1414
1414
1414
1414
54
1414
1414
1414
1414
54
1414
1414
54
1414
1414
54
1414
1414
54
1414
1414
54
1414
1414
54
1414
54
1414
1414
1414
54
1414
1414
54
1414
1414
54
1414
1414
54
1414
1414
54
1414
54
1414
1414
1414
54
1414
1414
54
1414
1414
54
1414
1414
54
1414
1414
1414
54
1414
1414
54
1414
1414
1414
54
1414
1414
54
1414
1414
54
1414
1414
54
1414
54
1414
1414
1414
54
1414
54
1414
1414
54
1414
1414
1414
54
1414
1414
1414
54
1414
1414
54
1414
1414
1414
1414
1414
1414
1414
1414
54
1414
1414
1414
1414
1414
1414
54
1414
1414
1414
54
1414
1414
1414
54
1414
1414
54
1414
1414
54
1414
1414
54
1414
1414
54
1414
1414
1414
54
1414
1414
54
1414
54
1414
1414
54
1414
1414
54
1414
1414
1414
54
1414
54
1414
1414
1414
54
1414
1414
1414
54
1414
1414
54
1414
1414
54
1414
1414
54
1414
1414
1414
1414
54
1414
1414
1414
54
1414
1414
54
1414
1414
54
1414
1414
1414
1414
54
1414
1414
1414
54
1414
1414
54
1414
1414
54
1414
1414
54
1414
1414
54
1414
1414
54
1414
210
1414
54
100
1414
1414
1414
54
1414
1414
54
1414
1414
54
1414
1414
54
1414
1414
1414
1414
54
1414
1414
1414
54
1414
1414
54
1414
1414
1414
1414
54
1414
1414
54
1414
1414
1414
1414
54
1414
1414
54
1414
1414
1414
54
1414
1414
54
54
1414
1414
54
1414
1414
54
1414
1414
54
1414
1414
54
1414
1414
54
1414
1414
54
1414
1414
54
1414
1414
1414
1414
1414
1414
54
1414
1414
1414
54
1414
1414
54
1414
1414
54
1414
1414
1414
54
1414
1414
1414
1414
1414
1414
1414
1414
1414
54
1414
1414
1414
1414
54
1414
1414
1414
54
1414
1414
1414
54
1414
1414
54
1414
1414
1414
54
1414
1414
54
1414
54
1414
1414
54
1414
1414
54
1414
1414
1414
54
1414
1414
54
1414
1414
54
1414
1414
54
1414
54
1414
1414
1414
1414
54
1414
1414
1414
1414
1414
1414
1414
1414
54
1414
1414
1414
1414
54
1414
1414
1414
54
1414
54
1414
1414
1414
54
1414
1414
54
1414
1414
54
1414
1414
54
1414
1414
1414
54
1414
1414
1414
1414
54
1414
1414
54
1414
1414
54
1414
1414
54
1414
1414
54
1414
1414
54
1414
1414
1414
54
1414
1414
1414
1414
54
1414
1414
1414
1414
54
1414
1414
54
1414
1414
1414
1414
54
1414
1414
1414
1414
54
1414
1414
54
1414
54
1414
1414
54
1414
1414
54
1414
1414
54
1414
1414
1414
1414
54
1414
1414
1414
54
1414
1414
54
1414
1414
54
1414
54
1414
1414
54
1414
1414
1414
1414
54
1414
1414
54
1414
1414
54
1414
1414
54
1414
1414
54
1414
1414
54
1414
1414
54
1414
1414
54
1414
1414
1414
54
1414
1414
1414
1414
54
1414
1414
54
1414
1414
54
1414
1414
54
1414
1414
54
1414
54
1414
1414
54
1414
1414
1414
54
1414
1414
54
1414
1414
54
1414
1414
1414
54
1414
1414
54
1414
1414
54
1414
1414
1414
54
1414
1414
54
1414
54
1414
1414
1414
1414
54
1414
1414
54
1414
1414
1414
1414
54
1414
1414
54
1414
1414
54
1414
1414
54
1414
1414
54
1414
1414
54
1414
1414
1414
54
1414
1414
54
1414
1414
54
1414
1414
54
1414
1414
54
1414
1414
54
1414
1414
54
1414
1414
1414
54
1414
1414
1414
54
1414
1414
1414
1414
1414
54
1414
1414
54
1414
1414
1414
54
1414
1414
54
1414
1414
54
1414
1414
1414
1414
1414
1414
1414
1414
54
1414
1414
1414
1414
54
1414
1414
1414
54
1414
1414
54
1414
1414
54
1414
1414
54
1414
1414
1414
54
1414
1414
1414
54
1414
1414
1414
1414
1414
1414
54
1414
1414
1414
1414
1414
1414
1414
1414
1414
1414
1414
54
1414
1414
1414
1414
54
1414
1414
1414
1414
1414
1414
54
1414
1414
1414
54
1414
1414
54
1414
1414
54
1414
1414
54
1414
1414
1414
54
1414
1414
54
1414
1414
1414
1414
1414
1414
1414
54
1414
1414
1414
1414
54
1414
1414
54
1414
1414
54
1414
1414
1414
54
1414
1414
54
1414
1414
1414
54
1414
1414
1414
1414
1414
54
1414
1414
1414
54
1414
1414
1414
54
1414
1414
54
1414
54
1414
1414
1414
54
1414
1414
54
1414
1414
54
1414
1414
1414
54
1414
1414
54
1414
1414
54
1414
1414
54
1414
1414
1414
1414
1414
54
1414
1414
1414
54
1414
1414
54
1414
1414
54
1414
1414
1414
1414
54
1414
1414
1414
54
1414
1414
54
1414
1414
54
1414
1414
54
1414
1414
1414
54
1414
1414
1414
1414
54
1414
1414
54
1414
1414
1414
54
1414
1414
1414
54
1414
1414
54
1414
1414
1414
1414
54
1414
1414
54
1414
1414
54
1414
1414
54
1414
1414
54
1414
1414
54
1414
1414
54
1414
1414
1414
54
1414
1414
54
1414
1414
1414
54
1414
1414
1414
54
1414
1414
54
1414
54
1414
1414
54
1414
1414
1414
1414
54
1414
1414
54
1414
1414
54
1414
1414
1414
1414
54
1414
1414
54
1414
1414
54
1414
1414
54
1414
1414
1414
54
1414
1414
54
1414
1414
54
1414
1414
54
1414
1414
54
1414
1414
1414
54
1414
1414
1414
1414
1414
54
1414
1414
1414
54
1414
1414
1414
1414
1414
54
1414
1414
1414
54
1414
1414
54
1414
1414
1414
54
1414
54
1414
1414
54
1414
1414
54
1414
1414
54
1414
1414
1414
54
1414
1414
54
1414
1414
54
1414
54
1414
1414
1414
54
1414
1414
54
1414
1414
54
1414
1414
1414
1414
1414
1414
1414
1414
54
1414
1414
1414
54
1414
1414
54
1414
1414
54
1414
1414
1414
1414
54
1414
1414
54
1414
1414
54
1414
1414
1414
1414
1414
1414
1414
1414
1414
1414
1414
1414
1414
54
1414
1414
1414
1414
1414
1414
54
1414
1414
54
1414
1414
54
1414
1414
54
1414
1414
1414
54
1414
1414
54
1414
1414
54
1414
1414
54
1414
1414
54
1414
1414
1414
54
1414
1414
54
1414
1414
54
1414
1414
1414
1414
1414
1414
1414
54
1414
1414
1414
1414
54
1414
1414
54
1414
1414
1414
54
1414
1414
54
1414
1414
54
1414
1414
54
1414
1414
54
1414
1414
54
1414
1414
1414
1414
54
1414
1414
1414
54
1414
1414
1414
54
1414
1414
54
1414
1414
54
1414
54
1414
1414
54
1414
1414
54
1414
1414
54
1414
1414
54
1414
1414
54
1414
1414
1414
54
1414
1414
1414
1414
1414
1414
1414
54
1414
1414
1414
54
1414
1414
1414
54
1414
1414
54
1414
1414
1414
1414
1414
54
1414
1414
1414
54
1414
1414
1414
1414
1414
1414
1414
1414
1414
1414
1414
1414
1414
1414
1414
1414
1414
1414
1414
1414
1414
1414
1414
1414
1414
1414
1414
1414
1414
1414
1414
1414
54
1414
1414
1414
1414
1414
1414
1414
54
1414
1414
54
1414
1414
1414
1414
54
1414
1414
1414
54
1414
54
1414
1414
54
1414
1414
54
1414
1414
54
1414
1414
54
1414
1414
54
1414
1414
54
1414
1414
54
1414
1414
54
1414
1414
1414
1414
1414
1414
1414
1414
1414
1414
1414
1414
1414
1414
1414
1414
54
1414
1414
54
1414
1414
54
1414
1414
1414
54
1414
1414
54
1414
1414
54
1414
1414
54
1414
1414
1414
1414
1414
1414
1414
1414
54
1414
1414
1414
1414
54
1414
1414
1414
1414
1414
1414
1414
1414
1414
1414
54
1414
1414
54
1414
54
1414
1414
54
1414
1414
54
1414
1414
1414
1414
54
1414
1414
54
1414
1414
54
1414
1414
54
1414
1414
54
1414
1414
54
1414
1414
1414
54
1414
1414
54
1414
54
1414
1414
1414
54
1414
1414
54
1414
1414
54
1414
1414
54
1414
1414
54
1414
1414
54
1414
54
1414
1414
1414
54
1414
1414
1414
1414
1414
1414
1414
1414
1414
1414
1414
1414
54
1414
1414
1414
1414
1414
1414
1414
1414
1414
54
1414
1414
1414
1414
1414
54
1414
1414
1414
54
1414
1414
54
1414
1414
1414
54
1414
54
1414
1414
1414
1414
54
1414
1414
54
1414
1414
54
1414
1414
1414
1414
54
1414
1414
54
1414
1414
54
1414
1414
54
1414
1414
1414
1414
1414
1414
1414
1414
1414
54
1414
54
1414
1414
54
1414
1414
54
1414
1414
54
1414
1414
1414
1414
54
1414
1414
1414
54
1414
1414
54
1414
1414
54
1414
1414
1414
54
1414
1414
54
1414
1414
1414
54
1414
1414
54
1414
1414
54
1414
1414
54
1414
1414
54
1414
1414
54
1414
1414
54
1414
1414
54
1414
1414
54
1414
1414
54
1414
54
1414
1414
1414
1414
1414
54
1414
1414
1414
54
1414
1414
1414
1414
1414
54
1414
1414
1414
54
1414
1414
54
1414
1414
1414
1414
1414
54
1414
54
1414
1414
1414
1414
1414
1414
1414
1414
1414
54
1414
1414
1414
54
1414
1414
54
1414
1414
1414
54
1414
1414
54
1414
1414
1414
54
1414
1414
54
1414
1414
1414
54
1414
1414
54
1414
1414
54
1414
54
1414
1414
54
1414
1414
1414
54
1414
1414
54
1414
1414
54
1414
1414
54
1414
1414
1414
1414
1414
1414
1414
1414
54
1370
54
1290
54
1414
1414
1414
54
1414
1414
54
1414
1414
1414
54
1414
1414
54
1414
1414
1414
1414
54
1414
1414
1414
54
1414
1414
54
1414
1414
54
1414
54
1414
1414
1414
1414
1414
1414
1414
54
1414
1414
54
1414
1414
1414
1414
1414
1414
1414
1414
1414
1414
54
1414
1414
1414
54
1414
1414
54
1414
1414
54
1414
1414
1414
1414
1414
54
1414
1414
1414
1414
54
1414
1414
54
1414
1414
54
1414
54
1414
1414
54
1414
1414
54
1414
1414
1414
1414
1414
1414
1414
54
1414
1414
1414
1414
54
1414
1414
54
1414
1414
54
1414
1414
54
1414
1414
54
1414
1414
54
1414
1414
54
1414
1414
54
1414
1414
54
1414
1414
54
1414
1414
1414
54
1414
1414
54
1414
1414
54
1414
1414
54
1414
1414
1414
1414
54
1414
1414
54
1414
1414
54
1414
1414
1414
1414
54
1414
1414
54
1414
1414
1414
54
1414
1414
1414
54
1414
1414
54
1414
1414
54
1414
1414
54
1414
1414
54
1414
1414
54
1414
1414
54
1414
1414
1414
54
1414
1414
1414
1414
54
1414
1414
1414
54
1414
1414
1414
1414
54
1414
1414
1414
54
1414
1414
54
1414
54
1414
1414
1414
1414
54
1414
1414
54
1414
1414
1414
1414
1414
1414
1414
1414
1414
54
1414
1414
1414
1414
54
1414
1414
54
1414
54
1414
1414
54
1414
1414
1414
54
1414
1414
1414
1414
1414
1414
1414
1414
1414
1414
1414
1414
1414
54
1414
1414
54
1414
1414
1414
1414
54
1414
1414
54
1414
1414
54
1414
1414
54
1414
1414
1414
54
1414
1414
54
1414
54
1414
1414
54
1414
1414
1414
1414
1414
1414
54
1414
1414
1414
54
1414
1414
1414
54
1414
1414
54
1414
1414
54
1414
1414
1414
54
1414
1414
54
1414
1414
1414
1414
54
1414
1414
54
1414
1414
54
1414
1414
54
1414
1414
1414
54
1414
1414
54
1414
253
54
54
54
54
54
171
187
54
66
66
54
247
1414
54
1414
54
312
54
268
161
54
1414
315
54
651
54
66
66
54
279
1414
54
1414
54
312
54
268
161
54
1414
235
267
54
54
54
1293
54
54
54
1414
1414
54
1414
1414
1414
54
1414
1414
54
1414
1414
54
1414
1414
54
1414
1414
54
1414
1414
54
1414
1414
54
1414
54
1414
1414
1414
1414
1414
1414
1414
1414
1414
54
1414
1414
1414
54
1414
1414
1414
1414
1414
54
1414
54
1414
1414
54
1414
1414
54
1414
1414
54
1414
1414
1414
1414
1414
1414
1414
1414
1414
1414
1414
1414
1414
54
1414
1414
1414
1414
54
1414
1414
1414
54
1414
1414
54
1414
1414
1414
1414
1414
1414
1414
54
1414
54
1414
1414
1414
1414
54
1414
1414
54
1414
1414
54
1414
1414
54
1414
1414
1414
54
1414
54
1414
1414
1414
54
1414
1414
1414
1414
1414
1414
1414
1414
54
1414
1414
1414
1414
54
1414
1414
54
1414
54
1414
1414
54
1414
1414
1414
54
1414
54
1414
1414
523
54
54
1414
1414
1414
1414
1414
1414
1414
1414
1414
1414
54
1414
1414
1414
1414
1414
1414
1414
1414
54
1414
1414
54
1414
1414
1414
1414
54
1414
1414
1414
54
1414
1414
54
1414
1414
1414
1414
1414
54
1414
1414
54
1414
1414
54
1414
1414
54
66
1414
1414
54
1414
1414
54
1414
1414
54
1414
1414
54
1414
1414
1414
1414
54
1414
1414
1414
54
1414
1414
54
1414
1414
54
1414
1414
54
1414
1414
54
1414
54
1414
1414
1414
1414
54
1414
1414
54
1414
1414
54
1414
1414
54
1414
1414
54
1414
1414
54
1414
1414
54
1414
1414
54
1414
1414
54
1414
1414
1414
1414
1414
1414
1414
1414
1414
1414
1414
1414
1414
1414
1414
1414
54
1414
1414
1414
1414
1414
1414
54
1414
1414
1414
54
1414
1414
54
1414
1414
54
1414
54
1414
1414
1414
54
1414
1414
1414
1414
54
1414
1414
1414
54
1414
1414
54
1414
1414
54
1414
1414
1414
54
1414
1414
54
1414
54
1414
1414
54
1414
1414
1414
54
1414
1414
54
1414
1414
54
1414
54
1414
1414
54
1414
1414
54
1414
1414
1414
54
1414
1414
54
1414
1414
54
1414
54
1414
1414
1414
54
1414
1414
54
1414
1414
54
1414
1414
54
1414
1414
54
1414
1414
54
1414
1414
54
1414
54
1414
1414
1414
1414
1414
1414
1414
1414
1414
1414
54
1414
1414
1414
1414
54
1414
1414
54
1414
1414
1414
54
1414
1414
54
1414
1414
54
1414
1414
54
1414
54
1414
1414
1414
1414
1414
1414
1414
54
1414
54
1414
1414
1414
1414
1414
1414
1414
54
1414
1414
1414
1414
1414
1414
1414
1414
1414
54
1414
1414
54
1414
1414
54
1414
1414
1414
54
1414
54
1414
1414
54
1414
1414
54
1414
1414
1414
54
1414
1414
54
1414
54
1414
1414
1414
1414
1414
1414
1414
1414
1414
1414
1414
54
1414
1414
54
1414
1414
1414
1414
1414
54
1414
1414
1414
54
1414
1414
54
1414
54
1414
1414
54
1414
1414
54
1414
1414
54
1414
1414
54
1414
1414
1414
54
1414
54
1414
1414
1414
54
1414
1414
1414
1414
54
1414
1414
1414
54
1414
1414
54
1414
1414
54
1414
1414
1414
1414
1414
54
1414
1414
54
1414
1414
54
1414
1414
54
1414
1414
54
1414
1414
1414
54
1414
1414
54
1414
1414
54
1414
1414
54
1414
1414
54
1414
1414
1414
54
1414
1414
1414
54
1414
1414
54
1414
1414
54
1414
1414
54
1414
1414
54
1414
1414
54
1414
1414
54
1414
1414
54
1414
1414
1414
54
1414
1414
54
1414
54
1414
1414
54
1414
1414
1414
1414
1414
54
1414
1414
1414
54
1414
1414
54
1414
1414
54
1414
1414
54
1414
1414
54
1414
1414
1414
54
1414
1414
54
1414
54
1414
1414
1414
54
1414
54
1414
1414
54
1414
1414
54
1414
1414
1414
54
1414
1414
1414
1414
54
1414
1414
54
1414
1414
54
1414
1414
54
1414
54
1414
1414
1414
1414
1414
54
1414
1414
1414
1414
1414
54
1414
1414
1414
1414
54
1414
1414
1414
54
1414
1414
1414
1414
1414
1414
1414
1414
1414
54
1414
1414
1414
1414
1414
1414
1414
1414
1414
1414
1414
1414
1414
1414
1414
1414
1414
54
1414
1414
1414
1414
1414
1414
54
1414
1414
1414
1414
54
1414
1414
1414
1414
1414
1414
1414
1414
54
1414
1414
1414
1414
1414
66
54
54
279
1414
1414
54
1414
1414
1414
54
1414
54
1414
1414
54
1414
1414
54
1414
1414
54
1414
1414
54
1414
1414
54
1414
1414
54
1414
1414
54
1414
1414
1414
54
1414
54
1414
1414
1414
1414
1414
1414
1414
1414
54
1414
1414
1414
54
1414
1414
54
1414
1414
54
1414
54
1414
1414
54
1414
1414
54
1414
1414
54
1414
1414
1414
54
1414
1414
54
1414
54
1414
1414
1414
54
1414
1414
54
1414
1414
54
1414
54
1414
1414
54
1414
1414
1414
54
1414
1414
54
1414
54
1414
1414
1414
54
1414
1414
54
1414
1414
54
1414
1414
54
1414
1414
54
1414
54
1414
1414
1414
1414
54
1414
1414
54
1414
1414
54
1414
1414
54
1414
1414
54
1414
1414
54
1414
1414
54
1414
1414
54
1414
1414
1414
54
1414
1414
1414
54
1414
1414
54
1414
1414
54
1414
1414
54
1414
1414
54
1414
1414
54
1414
1414
1414
54
1414
1414
1414
66
66
1414
66
1414
1414
66
66
1414
1414
66
66
1414
1414
66
66
1414
1414
1414
1414
1414
66
66
66
66
66
1414
1414
1414
66
66
66
1414
1414
66
66
1414
66
1414
1414
66
66
1414
1414
66
66
1414
1414
66
66
1414
1414
66
66
1414
1414
74
74
1414
74
1414
1414
74
74
1414
74
1414
1414
1414
1414
1414
74
74
74
74
74
1414
1414
1414
1414
74
74
74
74
1414
1414
74
74
1414
1414
1414
1414
74
74
74
74
1414
1414
74
74
1414
1414
74
74
1414
1414
74
74
1414
1414
74
74
1414
74
1414
74
1414
66
1414
1414
66
66
1414
1414
1414
66
66
66
1414
1414
66
66
1414
1414
66
66
1414
66
1414
1414
66
66
1414
1414
1414
66
66
66
1414
1414
66
66
1414
1414
66
66
1414
1414
1414
54
54
54
1414
1414
54
1414
1414
1414
54
1414
1414
54
1414
1414
54
1414
1414
54
1414
54
1414
1414
1414
54
1414
1414
54
1414
1414
1414
54
1414
1414
54
1414
1414
54
1414
1414
1414
1414
1414
1414
1414
1414
54
1414
1414
1414
1414
54
1414
1414
1414
54
1414
1414
54
1414
54
1414
1414
1414
54
1414
1414
54
1414
54
1414
1414
1414
1414
1414
1414
1414
54
1414
54
1414
1414
1414
1414
54
1414
1414
1414
54
1414
1414
54
1414
54
1414
1414
54
1414
1414
1414
54
1414
1414
54
1414
54
1414
1414
1414
1414
54
1414
1414
1414
54
1414
1414
54
1414
1414
54
1414
54
1414
1414
1414
1414
54
1414
1414
1414
1414
1414
1414
1414
1414
54
1414
1414
1414
1414
54
1414
1414
54
1414
1414
1414
54
1414
1414
54
1414
54
1414
1414
1414
54
1414
1414
1414
54
1414
1414
1414
54
1414
54
1414
1414
54
1414
1414
54
1414
1414
54
1414
1414
54
1414
1414
1414
54
1414
54
1414
1414
54
1414
1414
54
1414
1414
1414
1414
1414
1414
54
1414
1414
1414
54
1414
1414
54
1414
1414
1414
1414
54
1414
1414
54
1414
1414
54
1414
54
1414
1414
54
1414
1414
1414
54
1414
1414
54
1414
54
1414
1414
1414
1414
1414
1414
54
1414
1414
1414
54
1414
1414
54
1414
1414
54
1414
54
1414
1414
1414
54
1414
54
1414
1414
54
1414
1414
54
1414
1414
1414
54
1414
1414
1414
54
1414
1414
54
1414
1414
1414
54
1414
54
1414
1414
54
1414
1414
1414
54
1414
1414
54
1414
1414
54
1414
1414
54
1414
54
1414
1414
1414
54
1414
1414
54
1414
54
1414
1414
54
1414
1414
54
1414
1414
1414
54
1414
54
1414
1414
54
1414
1414
54
1414
1414
54
1414
1414
1414
1414
54
1414
1414
54
1414
1414
54
1414
1414
54
1414
1414
54
1414
1414
54
1414
1414
1414
54
1414
54
1414
1414
54
1414
1414
1414
54
1414
1414
1414
54
1414
1414
1414
54
1414
1414
1414
54
1414
1414
54
1414
1414
1414
1414
54
1414
1414
54
1414
1414
54
1414
1414
54
1414
1414
54
1414
1414
54
1414
1414
54
1414
1414
54
1414
1414
54
1414
1414
1414
54
1414
54
1414
1414
1414
1414
1414
1414
1414
1414
1414
1414
54
1414
1414
1414
54
1414
1414
1414
54
1414
1414
1414
54
1414
1414
54
1414
1414
54
1414
1414
54
1414
1414
54
1414
1414
1414
1414
1414
1414
1414
1414
54
1414
1414
1414
54
1414
1414
54
1414
1414
54
1414
1414
54
1414
1414
54
1414
1414
1414
54
1414
1414
54
1414
1414
54
1414
1414
54
1414
1414
54
1414
1414
54
1414
54
1414
1414
54
1414
1414
54
1414
1414
1414
54
1414
1414
1414
54
1414
1414
1414
1414
1414
1414
1414
1414
54
1414
1414
1414
54
1414
1414
1414
54
1414
1414
54
1414
1414
1414
54
1414
54
1414
1414
1414
1414
54
1414
1414
54
1414
1414
54
1414
1414
1414
1414
1414
54
1414
1414
54
1414
54
1414
1414
1414
1414
1414
54
1414
1414
54
1414
1414
54
1414
1414
54
1414
1414
1414
1414
54
1414
1414
54
1414
1414
54
1414
54
1414
1414
54
1414
1414
54
1414
1414
1414
54
1290
1414
1414
54
1414
1414
54
1414
1414
54
1414
54
1414
1414
54
1414
1414
54
1414
1414
54
1414
1414
54
1414
1414
1414
54
1414
1414
54
1414
54
1414
1414
1414
54
1414
1414
54
1414
1414
54
1414
54
1414
1414
54
1414
1414
54
1414
1414
1414
54
1414
1414
54
1414
54
1414
1414
54
1414
1414
1414
1414
54
1414
1414
1414
54
1414
1414
54
1414
1414
54
1414
54
1414
1414
54
1414
1414
54
1414
1414
1414
1414
54
54
1414
1414
1414
54
1414
54
1414
1414
1414
54
1414
1414
1414
54
1414
1414
1414
54
1414
1414
54
1414
54
1414
1414
54
1414
1414
1414
54
1414
1414
54
1414
54
1414
1414
1414
1414
54
54
1414
1414
1414
1414
54
1414
1414
1414
1414
54
54
1414
1414
1414
54
1414
1414
54
1414
54
1414
1414
1414
54
1414
1414
66
54
1414
1414
66
1414
54
1414
66
1414
66
1414
1414
66
1414
1414
1414
74
74
54
1414
1414
74
1414
1414
54
1414
1414
82
54
1414
82
1414
82
1414
1414
90
1414
1414
66
74
1414
1414
90
90
1414
90
1414
1414
1414
74
74
90
1414
1414
1414
1414
1414
1414
1414
1414
74
74
90
90
90
74
74
90
1414
1414
1414
90
90
74
1414
1414
1414
1414
90
82
82
90
1414
1414
1414
156
90
82
82
90
1414
1414
82
82
1414
1414
82
82
1414
1414
82
82
1414
1414
1414
1414
1414
1414
1414
1414
1414
1414
90
82
82
82
90
82
82
82
82
90
1414
1414
1414
1414
90
82
82
90
1414
1414
1414
90
82
82
1414
1414
74
66
1414
1414
66
82
1414
1414
66
66
1414
1414
1414
1414
1414
74
66
54
66
1414
54
1414
1414
1414
54
54
1414
1414
312
1414
54
54
1414
1414
54
1414
54
1414
1414
1414
1414
1414
1414
1414
1414
54
1414
1414
1414
54
1414
54
1414
1414
54
1414
1414
1414
54
1414
54
1414
1414
54
1414
1414
54
1414
268
1414
54
1414
1414
54
1414
1414
54
1414
1414
54
1414
1414
54
1414
1414
54
1414
1414
1414
54
1414
54
1414
1414
54
1414
1414
54
1414
1414
54
1414
1414
1414
1414
54
1414
1414
54
1414
1414
54
1414
1414
54
1414
1414
1414
1414
54
1414
1414
1414
54
1414
1414
54
1414
1414
54
1414
54
1414
1414
54
1414
1414
54
1414
1414
54
1414
1414
54
1414
1414
54
1414
1414
1414
54
1414
54
1414
1414
54
1414
1414
1414
54
1414
54
1414
1414
1414
1414
1414
54
1414
1414
54
1414
1414
54
1414
54
1414
1414
54
1414
1414
54
1414
1414
54
1414
1414
1414
1414
1414
54
1414
1414
1414
54
1414
1414
54
1414
1414
54
1414
1414
54
1414
1414
54
1414
1414
54
1414
1414
1414
1414
1414
1414
54
1414
1414
1414
54
1414
54
1414
1414
54
1414
1414
1414
1414
1414
54
1414
54
1414
1414
54
1414
1414
1414
54
1414
54
1414
1414
54
1414
1414
54
1414
1414
54
1414
1414
54
1414
1414
1414
54
1414
1414
54
1414
54
1414
1414
1414
54
1414
1414
286
54
54
161
54
1414
235
1131
54
54
587
54
66
55
66
54
279
66
1414
54
1414
54
312
54
268
161
54
1414
235
155
54
555
54
55
66
55
66
492
100
54
54
100
126
54
138
100
54
1294
1414
1414
54
1414
1414
54
1414
1414
54
1414
1414
54
1414
1414
54
1414
1414
54
1414
1414
54
1414
1414
1414
1414
1414
54
1414
1414
1414
54
1414
1414
54
1414
1414
54
1414
1414
54
1414
1414
54
1414
1414
54
1414
1414
54
1414
1414
1414
54
1414
1414
54
1414
54
1414
1414
1414
1414
54
1414
1414
54
1414
1414
1414
54
1414
1414
54
1414
54
1414
1414
54
1414
1414
54
1414
1414
54
1414
1414
54
1414
1414
1414
1414
54
1414
1414
54
1414
1414
1414
54
1414
54
1414
1414
1414
54
1414
1414
1414
1414
1414
54
1414
1414
54
1414
1414
54
1414
1414
1414
54
1414
54
1414
1414
1414
1414
1414
54
1414
54
1414
1414
54
1414
1414
54
1414
1414
54
1414
1414
54
1414
1414
1414
54
1414
54
1414
1414
1414
54
1414
1414
1414
1414
1414
54
1414
1414
54
1414
1414
54
1414
1414
54
1414
1414
54
1414
1414
54
1414
1414
1414
54
1414
54
1414
1414
1414
54
1414
54
1414
1414
54
1414
1414
54
1414
1414
54
1414
1414
1414
1414
1414
54
1414
1414
54
1414
54
1414
1414
1414
54
1414
1414
54
1414
1414
54
1414
54
1414
1414
54
1414
1414
54
1414
1414
54
1414
1414
54
1414
1414
1414
54
1414
54
1414
1414
54
1414
1414
1414
1414
54
1414
1414
54
1414
1414
54
1414
1414
1414
1414
1414
1414
1414
1414
1414
54
1414
1414
1414
1414
54
1414
1414
54
1414
54
1414
1414
54
1414
1414
54
1414
1414
54
1414
1414
1414
1414
1414
54
1414
1414
1414
1414
54
1414
1414
54
1414
1414
1414
54
1414
1414
1414
54
1414
54
1414
1414
54
1414
1414
1414
1414
54
1414
1414
54
1414
1414
54
1414
1414
54
1414
1414
54
1414
1414
1414
54
1414
1414
54
1414
1414
54
1414
54
1414
1414
1414
1414
1414
1414
1414
1414
54
1414
1414
1414
54
1414
54
1414
1414
1414
54
1414
1414
1414
1414
1414
1414
1414
54
1414
1414
54
1414
1414
1414
54
1414
54
1414
1414
54
1414
1414
54
1414
1414
54
1414
1414
1414
54
1414
54
1414
1414
54
1414
1414
1414
1414
1414
54
1414
1414
54
1414
54
1414
1414
54
1414
1414
54
1414
1414
54
1414
1414
54
1414
1414
54
1414
1414
1414
54
1414
1414
54
1414
1414
54
1414
1414
54
1414
1414
54
1414
54
1414
1414
1414
54
1414
1414
54
1414
1414
54
1414
54
1414
1414
1414
54
1414
1414
54
1414
54
1414
1414
54
1414
1414
54
1414
1414
54
1414
1414
54
1414
1414
54
1414
1414
54
1414
1414
1414
54
1414
1414
54
1414
1414
54
1414
1414
54
1414
1414
54
1414
54
1414
1414
54
1414
1414
54
1414
1414
1414
54
1414
54
1414
1414
54
1414
1414
1414
54
1414
1414
1414
1414
54
1414
1414
54
1414
1414
54
1414
1414
54
1414
1414
54
1414
54
1414
1414
54
1414
1414
1414
54
1414
1414
1414
54
1414
1414
1414
1414
54
1414
1414
54
1414
1414
54
1414
1414
1414
54
1414
1414
54
1414
54
1414
1414
1414
54
1414
1414
54
1414
1414
54
1414
54
1414
1414
1414
54
1414
54
1414
1414
54
1414
1414
1414
54
1414
54
1414
1414
1414
54
1414
1414
54
1414
1414
54
1414
1414
54
1414
1414
54
1414
1414
1414
54
1414
1414
54
1414
1414
54
1414
1414
1414
54
1414
1414
1414
54
1414
1414
54
1414
1414
54
1414
1414
1414
54
1414
1414
1414
1414
1414
1414
54
1414
1414
1414
54
1414
1414
54
1414
1414
1414
54
1414
1414
54
1414
1414
54
1414
1414
1414
1414
1414
1414
1414
1414
54
1414
1414
1414
54
1414
1414
54
1414
1414
1414
54
1414
1414
54
1414
1414
54
1414
54
1414
1414
54
1414
1414
54
1414
1414
1414
54
1414
1414
54
1414
1414
54
1414
54
1414
1414
54
1414
1414
54
1414
1414
54
1414
1414
54
1414
1414
1414
1414
1414
1414
1414
1414
1414
1414
54
1414
1414
1414
1414
54
1414
1414
54
1414
1414
54
1414
1414
54
1414
1414
54
1414
1414
1414
1414
54
1414
1414
54
1414
1414
54
1414
1414
54
1414
1414
54
1414
1414
1414
54
1414
1414
54
1414
1414
54
1414
54
1414
1414
1414
54
1414
1414
1414
54
1414
1414
54
1414
1414
54
1414
1414
1414
54
1414
54
1414
1414
54
1414
1414
1414
1414
1414
54
1414
1414
54
1414
1414
54
1414
1414
54
1414
54
1414
1414
54
1414
1414
54
1414
1414
54
1414
1414
54
1414
1414
1414
54
1414
54
1414
1414
1414
1414
54
1414
1414
54
1414
1414
54
1414
1414
54
1414
1414
54
1414
1414
54
1414
1414
54
1414
1414
54
1414
1414
1414
54
1414
1414
54
1414
1414
54
1414
1414
54
1414
54
1414
1414
1414
54
1414
1414
54
1414
1414
54
1414
54
1414
1414
54
1414
1414
1414
54
1414
54
1414
1414
54
1414
1414
1414
54
1414
54
1414
1414
54
1414
1414
1414
1414
54
1414
1414
54
1414
1414
1414
1414
54
1414
1414
54
1414
1414
54
1414
1414
1414
54
1414
1414
54
1414
54
1414
1414
1414
54
1414
1414
54
1414
1414
54
1414
1414
54
1414
1414
54
1414
1414
1414
54
1414
1414
54
1414
1414
54
1414
1414
54
1414
1414
54
1414
1414
54
1414
1414
54
1414
1414
1414
54
1414
1414
54
1414
1414
54
1414
1414
1414
54
1414
1414
54
1414
1414
1414
1414
54
1414
1414
1414
1414
54
1414
1414
54
1414
1414
1414
1414
1414
1414
1414
1414
54
1414
1414
1414
1414
54
1414
1414
1414
1414
1414
1414
1414
1414
1414
1414
54
1414
1414
1414
1414
54
1414
1414
1414
54
1414
1414
1414
1414
1414
54
1414
1414
54
1414
1414
54
1414
1414
54
1414
1414
54
1414
1414
54
1414
1414
54
1414
1414
54
1414
1414
1414
54
1414
54
1414
1414
1414
1414
1414
1414
1414
1414
1414
54
1414
1414
1414
54
1414
1414
54
1414
1414
54
1414
1414
54
1414
1414
1414
54
1414
1414
54
1414
54
1414
1414
54
1414
1414
1414
54
1414
1414
1414
1414
1414
54
1414
1414
54
1414
1414
1414
1414
54
1414
1414
54
1414
1414
54
1414
1414
1414
54
1414
1414
54
1414
54
1414
1414
54
1414
1414
54
1414
1414
54
1414
1414
1414
54
1414
1414
54
1414
54
1414
1414
54
1414
1414
1414
1414
54
1414
1414
54
1414
1414
54
1414
1414
54
1414
1414
54
1414
1414
54
1414
1414
54
1414
1414
54
1414
1414
54
1414
1414
1414
1414
54
1414
1414
54
1414
1414
54
1414
1414
54
1414
1414
1414
54
1414
54
1414
1414
1414
54
1414
1414
54
1414
54
1414
1414
1414
54
1414
1414
54
1414
54
1414
1414
54
1414
1414
1414
54
1414
1414
54
1414
54
1414
1414
54
1414
1414
54
1414
1414
54
1414
1414
1414
54
1414
54
1414
1414
54
1414
1414
54
1414
1414
1414
54
1414
54
1414
1414
54
1414
1414
54
1414
1414
54
1414
1414
1414
54
1414
1414
54
1414
1414
1414
1414
1414
54
1414
1414
1414
54
1414
1414
54
1414
1414
54
1414
1414
54
1414
54
1414
1414
54
1414
1414
54
1414
1414
1414
54
1414
1414
54
1414
54
1414
1414
54
1414
1414
54
1414
1414
1414
54
1414
1414
54
1414
1414
54
1414
1414
54
1414
1414
1414
54
1414
1414
1414
54
1414
1414
54
1414
1414
54
1414
1414
54
1414
1414
54
1414
1414
1414
1414
1414
1414
1414
1414
54
1414
1414
1414
54
1414
1414
54
1414
1414
54
1414
1414
54
1414
54
1414
1414
54
1414
1414
1414
54
1414
1414
54
1414
1414
1414
54
1414
1414
1414
54
1414
1414
1414
1414
1414
54
1414
1414
54
1414
54
1414
1414
54
1414
1414
54
1414
1414
54
1414
1414
1414
1414
54
1414
1414
54
1414
1414
1414
54
1414
54
1414
1414
54
1414
1414
54
1414
1414
1414
1414
1414
1414
1414
54
1414
54
1414
1414
1414
1414
1414
54
1414
1414
1414
54
1414
1414
54
1414
1414
54
1414
1414
54
1414
1414
1414
54
1414
1414
1414
54
1414
1414
54
1414
1414
54
1414
1414
54
1414
1414
54
1414
1414
54
1414
1414
1414
54
1414
54
1414
1414
54
1414
1414
54
1414
1414
54
1414
1414
1414
1414
1414
54
1414
1414
1414
54
1414
1414
1414
54
1414
1414
54
1414
1414
54
1414
1414
54
1414
1414
54
1414
1414
1414
54
1414
1414
54
1414
1414
1414
54
1414
54
1414
1414
54
1414
1414
1414
54
1414
1414
54
1414
54
1414
1414
1414
54
1414
54
1414
1414
54
1414
1414
54
1414
1414
54
1414
1414
54
1414
1414
1414
1414
1414
1414
54
1414
1414
1414
54
1414
54
1414
1414
1414
54
1414
1414
54
1414
54
1414
1414
54
1414
1414
1414
1414
1414
54
1414
1414
54
1414
1414
54
1414
1414
54
1414
54
1414
1414
54
1414
1414
1414
54
1414
1414
54
1414
54
1414
1414
1414
1414
54
1414
1414
54
1414
1414
54
1414
1414
1414
1414
54
1414
1414
54
1414
1414
1414
54
1414
54
1414
1414
54
1414
1414
54
1414
1414
1414
1414
54
1414
1414
1414
54
1414
1414
1414
1414
1414
1414
1414
1414
1414
54
1414
1414
54
1414
1414
54
1414
1414
1414
1414
54
1414
1414
54
1414
1414
54
1414
1414
1414
54
1414
1414
54
1414
1414
54
1414
54
1414
1414
1414
1414
54
1414
1414
1414
54
1414
1414
1414
1414
1414
1414
1414
54
1414
1414
1414
1414
54
1414
1414
54
1414
1414
54
1414
1414
54
1414
1414
1414
1414
54
1414
1414
1414
54
1414
1414
1414
1414
1414
1414
1414
1414
1414
1414
54
1414
1414
1414
1414
54
1414
1414
54
1414
1414
54
1414
1414
54
1414
1414
54
1414
54
1414
1414
54
1414
1414
54
1414
1414
1414
54
1414
1414
54
1414
54
1414
1414
54
1414
1414
54
1414
1414
1414
1414
54
1414
1414
54
1414
1414
54
1414
1414
1414
1414
1414
1414
1414
1414
54
1414
1414
1414
54
1414
1414
54
1414
54
1414
1414
54
1414
1414
1414
54
1414
1414
54
1414
1414
54
1414
54
1414
1414
54
1414
1414
54
1414
1414
1414
54
1414
54
1414
1414
1414
1414
54
1414
1414
1414
54
1414
1414
54
1414
1414
54
1414
54
1414
1414
54
1414
1414
54
1414
1414
54
1414
1414
54
1414
1414
1414
54
1414
1414
54
1414
1414
1414
1414
54
1414
1414
1414
54
1414
54
1414
1414
1414
1414
1414
1414
1414
1414
54
1414
1414
54
1414
1414
54
1414
1414
54
1414
1414
1414
54
1414
1414
54
1414
1414
54
1414
54
1414
1414
54
1414
1414
54
1414
1414
54
1414
1414
1414
54
1414
54
1414
1414
54
1414
1414
54
1414
1414
54
1414
1414
54
1414
1414
54
1414
1414
1414
54
1414
1414
54
1414
1414
1414
54
1414
1414
1414
1414
1414
1414
1414
1414
1414
1414
1414
1414
1414
54
1414
1414
1414
1414
1414
1414
1414
1414
54
1414
1414
1414
54
1414
1414
54
1414
1414
1414
1414
1414
1414
1414
1414
1414
54
1414
1414
1414
54
1414
1414
1414
54
1414
1414
54
1414
1414
54
1414
1414
1414
54
1414
1414
54
1414
1414
54
1414
1414
54
1414
1414
1414
1414
54
1291
1414
1414
54
1414
1414
1414
54
1414
1414
54
1414
1414
54
1414
54
1414
1414
1414
1414
1414
54
1414
1414
54
1414
1414
54
1414
1414
54
1414
1414
54
1414
54
1414
1414
1414
1414
1410
54
1414
1414
1414
54
1414
1414
54
1414
54
1414
1414
1414
54
1414
54
1414
1414
1414
1414
1414
1414
54
1414
1414
54
1414
1414
1414
54
1414
54
1414
1414
54
1414
1414
54
1414
1414
54
1414
1414
54
1414
1414
1414
54
1414
1414
54
1414
54
1414
1414
54
1414
1414
54
1414
1414
1414
1414
1414
1414
1414
54
1414
1414
1414
54
1414
1414
54
1414
1414
1414
54
1414
1414
1414
54
1414
1414
54
1414
1414
54
1414
1414
54
1414
1414
1414
54
1414
1414
54
1414
54
1414
1414
54
1414
1414
54
1414
1414
1414
1414
1414
54
1414
1414
1414
54
1414
1414
54
1414
1414
54
1414
1414
54
1414
1414
1414
1414
54
1414
1414
1414
1414
54
1414
1414
54
1414
1414
54
1414
1414
54
1414
1414
54
1414
1414
1414
54
1414
1414
54
1414
54
1414
1414
54
1414
1414
54
1414
1414
54
1414
1414
54
1414
1414
54
1414
1414
1414
1414
54
1414
1414
1414
54
1414
1414
54
1414
54
1414
1414
54
1414
1414
1414
54
1414
1414
1414
54
1414
1414
1414
1414
54
1414
1414
54
1414
1414
54
1414
1414
54
1414
1414
1414
54
1414
1414
54
1414
1414
54
1414
1414
54
1414
1414
54
1414
54
1414
1414
1414
54
1414
1414
1414
54
1414
1414
1414
54
1414
1414
1414
54
1414
1414
54
1414
1414
54
1414
1414
1414
1414
54
1414
1414
1414
1414
54
1414
1414
54
1414
1414
1414
54
1414
1414
54
1414
1414
54
1414
54
1414
1414
1414
54
1414
1414
54
1414
1414
1414
1414
54
1414
1414
54
1414
1414
54
1414
54
1414
1414
1414
54
1414
54
1414
1414
1414
1414
54
1414
1414
54
1414
1414
54
1414
1414
54
1414
1414
54
1414
1414
1414
54
1414
54
1414
1414
54
1414
1414
54
1414
1414
1414
54
1414
54
1414
1414
54
1414
1414
1414
1414
1414
1414
67
54
55
66
560
55
55
203
54
66
55
66
55
55
66
66
55
66
55
66
1291
1414
1414
54
1414
1414
1414
54
1414
1414
1414
54
1414
1414
54
1414
1414
54
1414
1414
54
1414
1414
54
1414
1414
1414
54
1414
1414
54
1414
1414
54
1414
1414
54
1414
1414
1414
1414
1414
1414
54
1414
1414
1414
1414
54
1414
1414
54
1414
1414
54
1414
1414
54
1414
1414
54
1414
1414
1414
54
1414
1414
54
1414
1414
54
1414
54
1414
1414
54
1414
1414
54
1414
1414
54
1414
1414
1414
1414
1414
1414
1414
54
1414
1414
54
1414
1414
54
1414
1414
1414
54
1414
1414
54
1414
1414
1414
54
1414
1414
54
1414
1414
54
1414
1414
54
1414
1414
1414
54
1414
1414
54
1414
54
1414
1414
1414
54
1414
1414
1414
54
1414
1414
1414
1414
54
1414
1414
1414
54
1414
1414
54
1414
1414
54
1414
1414
54
1414
1414
54
1414
1414
54
1414
1414
54
1414
1414
54
1414
1414
54
1414
1414
1414
1414
54
1414
1414
1414
1414
1414
54
1414
1414
54
1414
54
1414
1414
1414
1414
1414
1414
54
1414
1414
1414
1414
1414
54
1414
1414
54
1414
1414
54
1414
1414
54
1414
1414
54
1414
1414
1414
1414
54
1414
1414
54
1414
1414
54
1414
1414
54
1414
1414
54
1414
1414
54
1414
1414
54
1414
1414
54
1414
1414
54
1414
1414
54
1414
1414
54
1414
1414
1414
54
1294
1414
1414
1414
54
1414
1414
54
1414
1414
1414
54
1414
1414
54
1414
1414
54
1414
1414
54
1414
1414
54
1414
1414
54
1414
1414
1414
1414
1414
1414
1414
54
1414
1414
54
1414
1414
54
1414
1414
1414
1414
1414
54
1414
1414
54
1414
1414
1414
1414
1414
54
1414
1414
1414
54
1414
1414
1414
1414
1414
54
1414
1414
54
1414
1414
1414
54
1414
1414
54
1414
1414
1414
1414
1414
1414
1414
1414
54
54
1414
1414
1414
1414
54
54
1414
1414
54
1414
1414
54
1414
1414
1414
1414
1414
1414
1414
1414
1414
1414
1414
54
54
1414
1414
1414
1414
54
54
1414
1414
54
1414
1414
54
1414
1414
54
1414
1414
157
54
1414
1414
1414
54
1414
1414
54
1414
1414
1414
54
1414
1414
54
1414
1414
54
1414
54
1414
1414
54
1414
1414
54
1414
1414
1414
54
1414
1414
1414
1414
1414
1414
1414
1414
1414
1414
1414
1414
54
1414
1414
1414
1414
54
1414
1414
1414
54
1414
1414
54
1414
1414
1414
54
1414
1414
54
1414
54
1414
1414
1414
54
1414
1414
1414
1414
54
1414
1414
1414
1414
1414
54
1414
1414
1414
54
1414
1414
54
1414
1414
54
1414
1414
54
1414
1414
54
1414
1414
1414
54
1414
1414
1414
54
1414
1414
54
1414
54
1414
1414
54
1414
1414
54
1414
1414
54
1414
1414
1414
54
1414
54
1414
1414
1414
1414
54
1414
1414
54
1414
1414
54
1414
1414
54
1414
1414
54
1414
1414
54
1414
1414
54
1414
1414
54
1414
1414
54
1414
1414
54
1414
1414
54
1414
1414
54
1414
1414
54
1414
1414
54
1414
1414
54
1414
1414
54
1414
1414
54
1414
1414
54
1414
1414
54
1414
1414
54
1414
1414
1414
54
1414
1414
54
1414
54
1414
1414
54
1414
1414
1414
54
1414
1414
54
1414
1414
54
1414
54
1414
1414
54
1414
1414
54
1414
1414
1414
1414
54
1414
1414
54
1414
1414
1414
1414
1414
1414
1414
1414
1414
1414
1414
1414
54
1414
1414
1414
54
1414
1414
54
1414
1414
1414
54
1414
1414
54
1414
1414
54
55
1414
1414
54
1414
1414
54
1414
1414
54
1414
1414
54
1414
1414
54
1414
1414
54
1414
1414
1414
1414
1414
1414
54
1414
1414
1414
54
1414
1414
66
54
1414
54
1414
1414
54
1414
1414
54
1414
1414
54
1414
1414
1414
1414
1414
1414
1414
54
1414
1414
1414
1414
1414
1414
1414
1414
1414
1414
1414
1414
1414
1414
54
1414
1414
1414
1414
1414
1414
1414
1414
1414
1414
1414
1414
1414
1414
1414
1414
1414
54
1414
1414
1414
1414
1414
1414
1414
1414
1414
1414
1414
54
1414
1414
1414
1414
54
1414
1414
1414
54
1414
1414
54
1414
1414
54
1414
1414
54
1414
1414
1414
1414
1414
1414
1414
1414
1414
1414
1414
1414
54
1414
1414
1414
1414
1414
1414
1414
1414
1414
1414
54
1414
1414
1414
1414
54
1414
1414
1414
54
1414
54
1414
1414
1414
54
1414
1414
1414
1414
1414
1414
54
1414
1414
1414
1414
54
1414
54
1414
1414
54
1414
1414
1414
54
1414
1414
54
1414
1414
1414
54
1414
1414
1414
54
1414
1414
54
1414
1414
1414
54
1414
1414
1414
54
1414
1414
54
1414
1414
54
1414
1414
1414
1414
54
1414
54
1414
1414
54
1414
1414
1414
1414
54
1414
1414
1414
1414
54
1414
1414
54
1414
1414
54
1414
1414
54
1414
1414
54
1414
1414
54
1414
1414
1414
1414
54
1414
1414
1414
54
1414
1414
54
1414
1414
54
1414
54
1414
1414
1414
1414
1414
1414
54
1414
1414
1414
54
1414
1414
54
1414
1414
1414
54
1414
1414
54
1414
1414
54
1414
1414
54
1414
1414
54
1414
1414
1414
1414
54
1414
1414
54
1414
1414
54
1414
1414
1414
54
1414
1414
1414
54
1414
1414
54
1414
1414
54
1414
1414
54
1414
1414
1414
1414
54
1414
1414
54
1414
1414
1414
54
1414
1414
54
1414
1414
54
1414
54
1414
1414
54
1414
1414
54
1414
1414
54
1414
1414
1414
54
1414
1414
54
1414
1414
1414
1414
1414
54
1414
1414
1414
1414
1414
54
1414
1414
1414
54
1414
1414
54
1414
1414
54
1414
1414
1414
54
1414
1414
1414
54
1414
1414
54
1414
1414
1414
1414
1414
54
1414
1414
1414
1414
1414
54
1414
1414
1414
54
1414
1414
1414
54
1414
1414
1414
1414
1414
1414
1414
1414
1414
1414
54
1414
1414
1414
1414
54
1414
1414
54
1414
1414
54
1414
1414
1414
1414
1414
1414
1414
1414
54
1414
1414
1414
54
1414
1414
1414
54
1414
1414
54
1414
1414
54
1414
1414
54
1414
1414
54
1414
1414
54
1414
1414
1414
1414
54
1414
1414
54
1414
1414
54
1414
1414
54
1414
1414
1414
54
1414
1414
54
1414
1414
1414
54
1414
1414
1414
1414
1414
1414
1414
54
1414
1414
1414
1414
1414
54
1414
1414
1414
54
1414
1414
1414
1414
54
1414
54
1414
1414
1414
54
1414
1414
54
1414
1414
54
1414
1414
54
1414
1414
1414
54
1414
1414
1414
54
1414
1414
54
1414
1414
1414
1414
54
1414
54
1414
1414
54
1414
1414
54
1414
1414
1414
1414
54
1414
1414
54
1414
1414
54
1414
1414
54
1414
1414
1414
54
1414
1414
54
1414
1414
1414
1414
1414
1414
54
1414
1414
1414
54
1414
1414
54
1414
1414
54
1414
1414
1414
54
1414
1414
1414
1414
54
1414
1414
1414
54
1414
1414
54
1414
1414
54
1414
1414
54
1414
1414
54
1414
1414
54
1414
1414
54
1414
1414
1414
54
1414
1414
1414
54
1414
1414
1414
1414
1414
1414
54
1414
1414
1414
54
1414
1414
54
1414
1414
54
1414
1414
54
1414
54
1414
1414
54
1414
1414
1414
54
1414
1414
54
1414
1414
54
1414
1414
1414
1414
1414
1414
1414
54
1414
1414
1414
54
1414
1414
54
1414
1414
1414
1414
54
1414
1414
1414
54
1414
1414
54
1414
1414
54
1414
1414
54
1414
1414
1414
54
1414
1414
54
1414
1414
1414
54
1414
1414
1414
1414
1414
54
1414
1414
1414
1414
1414
1414
54
1414
1414
1414
54
1414
1414
54
1414
1414
1414
54
1414
1414
54
1414
1414
54
1414
1414
54
1414
1414
54
1414
54
1414
1414
1414
1414
54
1414
1414
54
1414
1414
1414
54
1414
1414
54
1414
1414
1414
1414
1414
1414
1414
1414
1414
54
1414
1414
1414
1414
54
1414
1414
1414
54
1414
1414
1414
1414
54
1414
1414
54
1414
1414
1414
54
1414
1414
1414
1414
1414
1414
1414
1414
1414
54
1414
1414
1414
1414
54
1414
1414
54
1414
1414
54
1414
1414
54
1414
1414
54
1414
1414
54
1414
1414
54
1414
1414
1414
1414
1414
1414
1414
1414
1414
1414
1414
54
1414
1414
54
1414
1414
1414
54
1414
1414
54
1414
1414
1414
1414
1414
1414
1414
1414
54
1414
1414
1414
1414
54
1414
1414
54
1414
1414
54
1414
1414
54
1414
1414
1414
1414
1414
54
1414
1414
54
1414
1414
54
1414
1414
1414
54
1414
1414
1414
54
1414
1414
54
1414
1414
54
1414
1414
54
1414
1414
1414
1414
1414
1414
54
1414
1414
54
1414
1414
54
1414
1414
1414
54
1414
1414
54
1414
1414
54
1414
1414
1414
1414
54
1414
1414
1414
54
1414
1414
1414
54
1414
1414
1414
1414
1414
54
1414
1414
1414
54
1414
1414
54
1414
1414
1414
54
1414
1414
1414
1414
54
1414
1414
54
1414
1414
54
1414
1414
54
1414
1414
54
1414
1414
54
1414
1414
1414
54
1414
1414
54
1414
1414
1414
54
1414
1414
54
1414
1414
54
1414
1414
1414
54
1414
1414
1414
54
1414
54
1414
1414
54
1414
1414
1414
1414
1414
1414
1414
1414
54
1414
1414
1414
1414
1414
1414
54
1414
1414
1414
54
1414
1414
54
1414
1414
54
1414
1414
54
1414
1414
54
1414
54
1414
1414
54
1414
1414
54
1414
1414
54
1414
1414
54
1414
1414
1414
54
1414
1414
1414
54
1414
1414
54
1414
1414
54
1414
1414
54
1414
1414
54
1414
1414
54
1414
1414
54
1414
1414
54
1414
1414
54
1414
1414
54
1414
1414
54
1414
1414
54
1414
1414
1414
1414
54
1414
1414
1414
54
1414
1414
1414
54
1414
1414
54
1414
1414
54
1414
1414
54
1414
1414
54
1414
1414
1414
54
1414
1414
1414
1414
54
1414
1414
1414
1414
1414
1414
1414
1414
54
1414
1414
1414
54
1414
1414
1414
1414
1414
54
1414
1414
1414
54
1414
1414
54
1414
1414
54
1414
1414
54
1414
1414
1414
1414
1414
1414
1414
1414
54
1414
1414
1414
1414
54
1414
1414
1414
54
1414
1414
1414
54
1414
1414
1414
1414
54
1414
1414
54
1414
1414
54
1414
1414
54
1414
1414
54
1414
1414
54
1414
1414
54
1414
1414
1414
1414
54
1414
1414
54
1414
1414
54
1414
1414
1414
1414
1414
1414
1414
54
1414
1414
1414
54
1414
1414
1414
54
1414
1414
54
1414
1414
54
1414
1414
54
1414
54
1414
1414
1414
54
1414
1414
54
1414
1414
54
1414
1414
54
1414
1414
54
1414
54
1414
1414
54
1414
1414
1414
1414
54
1414
1414
1414
54
1414
1414
54
1414
54
1414
1414
54
1414
1414
54
1414
1414
54
1414
1414
1414
54
1414
1414
1414
54
1414
1414
1414
54
1414
1414
54
1414
54
1414
1414
1414
54
1414
1414
54
1414
1414
1414
54
1414
1414
54
1414
1414
1414
1414
1414
1414
1414
1414
1414
1414
1414
1414
1414
54
1414
1414
1414
1414
1414
1414
1414
54
1414
1414
54
1414
1414
1414
54
1414
54
1414
1414
54
1414
1414
1414
54
1414
1414
54
1414
1414
54
1414
1414
54
1414
1414
54
1414
1414
54
1414
1414
1414
54
1414
1414
1414
54
1414
1414
54
1414
54
1414
1414
54
1414
1414
54
1414
1414
54
1414
1414
1414
54
1414
1414
1414
1414
1414
1414
1414
54
1414
1414
1414
54
1414
1414
1414
54
1414
1414
1414
54
1414
1414
1414
54
1414
1414
54
1414
1414
1414
54
1414
1414
54
1414
1414
54
1414
1414
54
1414
1414
54
1414
54
1414
1414
1414
1414
54
1414
1414
54
1414
1414
54
1414
1414
1414
1414
1414
54
1414
1414
1414
1414
1414
54
1414
1414
54
1414
1414
54
1414
1414
54
1414
1414
54
1414
1414
54
1414
1414
54
1414
1414
54
1414
1414
54
1414
1414
54
1414
1414
1414
1414
1414
1414
1414
54
1414
1414
1414
1414
1414
54
1414
1414
1414
54
1414
1414
54
1414
54
1414
1414
1414
54
1414
1414
1414
54
1414
1414
1414
1414
1414
1414
1414
1414
1414
54
1414
1414
1414
54
1414
1414
1414
54
1414
1414
54
1414
1414
54
1414
1414
1414
54
1414
1414
54
1414
1414
54
1414
1414
54
1414
1414
1414
54
1414
54
1414
1414
1414
1414
54
1414
1414
54
1414
1414
54
1414
1414
1414
54
1414
1414
1414
1414
1414
1414
1414
54
1414
1414
1414
54
1414
1414
54
1414
1414
54
1414
54
1414
1414
54
1414
1414
54
1414
1414
54
1414
1414
1414
1414
54
1414
1414
54
1414
1414
54
1414
1414
54
1414
1414
54
1414
1414
1414
54
1414
1414
54
1414
1414
1414
1414
54
1414
1414
1414
54
1414
1414
1414
54
1414
1414
54
1414
1414
54
1414
1414
1414
1414
54
1414
1414
54
1414
1414
311
54
55
66
55
66
1291
1414
1414
1414
54
1414
54
1414
1414
54
1414
1414
54
1414
1414
54
1414
1414
54
1414
1414
1414
54
1414
1414
1414
54
1414
1414
54
1414
1414
1414
54
1414
1414
54
1414
1414
54
1414
1414
54
1414
1414
54
1414
1414
54
1414
1414
54
1414
54
1414
1414
1414
1414
54
1414
1414
54
1414
1414
1414
54
1414
1414
54
1414
1414
1414
1414
54
1414
1414
54
1414
54
1414
1414
54
1414
1414
1414
1414
54
1414
1414
54
1414
1414
54
1414
1414
54
1414
1414
54
1414
1414
1414
1414
54
1414
1414
1414
54
1414
1414
1414
54
1414
1414
1414
54
1414
1414
1414
1414
54
1414
1414
1414
1414
54
1414
1414
54
1414
1414
54
1414
1414
54
1414
1414
54
1414
1414
54
1414
54
1414
1414
54
1414
1414
1414
1414
66
66
66
66
1414
1414
1414
66
66
66
1414
1414
66
66
1414
1414
66
66
1414
1414
66
66
1414
1414
1414
66
66
66
1414
1414
66
66
1414
1414
66
74
1414
1414
74
74
1414
1414
1414
1414
1414
1414
74
74
74
74
74
74
1414
74
1414
1414
74
74
1414
1414
74
74
1414
1414
74
74
1414
1414
74
74
1414
1414
74
74
1414
1414
74
74
1414
1414
74
74
1414
1414
74
74
1414
1414
1414
1414
1414
74
74
74
74
74
1414
1414
74
74
1414
1414
74
82
1414
1414
1414
1414
82
82
82
82
1414
74
1414
1414
74
74
1414
1414
74
74
1414
1414
1414
1414
74
74
74
74
1414
74
1414
74
1414
1414
74
74
1414
1414
1414
1414
66
66
66
66
1414
1414
66
66
1414
1414
66
66
1414
1414
66
66
1414
1414
66
66
1414
1414
66
66
1414
1414
1414
1414
1414
1414
1414
1414
1414
66
66
66
66
66
66
66
66
66
1414
1414
1414
1414
66
66
54
1414
1414
54
1414
1414
54
1414
1414
54
1414
1414
1414
1414
1414
1414
1414
1414
1414
1414
1414
1414
1414
1414
54
1414
1414
1414
1414
1414
1414
1414
1414
1414
1414
54
1414
1414
1414
1414
54
1414
1414
54
1414
1414
1414
1414
54
1414
1414
1414
1414
1414
1414
587
54
1294
1414
1414
54
1414
1414
54
1414
1414
54
1414
1414
54
1414
1414
1414
54
1414
1414
54
1414
1414
1414
1414
1414
1414
54
1414
54
1414
1414
1414
1414
1414
1414
1414
1414
1414
1414
1414
1414
1414
1414
1414
1414
1414
1414
1414
1414
1414
1414
1414
1414
1414
1414
1414
1414
1414
54
1414
1414
1414
1414
1414
1414
1414
1414
1414
54
1414
1414
1414
54
1414
1414
54
1414
54
1414
1414
54
1414
1414
1414
54
1414
1414
1414
1414
54
1414
1414
1414
54
1414
1414
54
1414
1414
54
1414
1414
1414
1414
1414
54
1414
1414
1414
1414
1414
1414
1414
1414
1414
1414
1414
1414
1414
1414
1414
1414
1414
1414
1414
1414
1414
1414
1414
1414
54
1414
1414
54
1414
1414
1414
1414
1414
1414
54
1414
1414
54
1414
1414
1414
1414
1414
1414
1414
54
1414
1414
1414
54
1414
1414
1414
54
1414
1414
54
1414
54
1414
1414
54
1414
1414
1414
1414
1414
1414
1414
1414
1414
1414
54
1414
1414
1414
1414
1414
1414
1414
54
1414
1414
1414
54
1414
1414
54
1414
1414
1414
1414
54
1414
1414
1414
54
1414
54
1414
1414
54
1414
1414
54
1414
1414
54
1414
1414
54
1414
1414
54
1414
1414
1414
54
1414
1414
1414
54
1414
1414
1414
1414
1414
1414
1414
1414
54
1414
1414
54
1414
1414
54
1414
1414
54
1414
1414
54
1414
1414
54
1414
1414
54
1414
1414
54
1414
1414
1414
1414
54
1414
1414
54
1414
1414
1414
54
1414
1414
54
1414
54
1414
1414
1414
1414
54
1414
1414
1414
54
1414
1414
54
1414
54
1414
1414
54
1414
1414
54
1414
1414
54
1414
1414
1414
1414
54
1414
1414
54
1414
1414
1414
54
1414
1414
1414
1414
54
1414
1414
54
1414
1414
54
1414
1414
54
1414
1414
54
1414
54
1414
1414
54
1414
1414
54
1414
1414
54
1414
1414
1414
54
1414
1414
54
1414
1414
54
1414
54
1414
1414
1414
1414
54
1414
1414
1414
54
1414
1414
54
1414
1414
1414
1414
54
1414
54
1414
1414
54
1414
1414
1414
54
1414
1414
54
1414
1414
54
1414
1414
54
1414
1414
54
1414
1414
1414
1414
54
1414
54
1414
1414
1414
54
1414
1414
1414
54
1414
1414
1414
54
1414
1414
54
1414
54
1414
1414
54
1414
1414
1414
1414
1414
54
1414
1414
54
1414
1414
54
1414
1414
54
1414
1414
54
1414
1414
54
1414
1414
1414
54
1414
1414
1414
54
1414
1414
1414
54
1414
1414
1414
54
1414
1414
54
1414
1414
1414
54
1414
1414
54
1414
1414
54
1414
1414
1414
54
1414
1414
54
1414
1414
1414
1414
54
1414
1414
54
1414
1414
54
1414
1414
1414
54
1414
1414
54
1414
1414
1414
1414
54
1414
1414
54
1414
1414
1414
54
1414
1414
1414
1414
1414
1414
1414
1414
1414
1414
54
1414
1414
1414
1414
54
1414
1414
54
1414
54
1414
1414
54
1414
1414
1414
54
1414
1414
54
1414
54
1414
1414
54
1414
1414
1414
1414
1414
1414
1414
1414
1414
54
1414
1414
1414
1414
54
1414
1414
1414
54
1414
1414
54
1414
1414
1414
1414
54
1414
1414
1414
54
1414
54
1414
1414
54
1414
1414
54
1414
1414
1414
1414
54
1414
1414
54
1414
1414
1414
54
1414
1414
1414
54
1414
1414
1414
1414
1414
1414
1414
1414
1414
1414
54
1414
1414
1414
1414
54
1414
1414
1414
54
1414
1414
54
1414
1414
54
1414
54
1414
1414
1414
54
1414
1414
54
1414
54
1414
1414
54
1414
1414
54
1414
1414
1414
54
1414
1414
1414
1414
54
1414
54
1414
1414
1414
1414
54
1414
1414
54
1414
1414
1414
54
1414
54
1414
1414
1414
54
1414
1414
54
1414
1414
54
1414
1414
54
1414
1414
54
1414
1414
1414
1414
1414
1414
1414
1414
1414
54
1414
1414
54
1414
1414
54
1414
1414
54
1414
1414
54
1414
1414
54
1414
1414
1414
1414
54
1414
1414
54
1414
1414
54
1414
1414
54
1414
1414
54
1414
1414
54
1414
1414
1414
54
1414
1414
54
1414
1414
54
1414
1414
1414
54
1414
1414
54
1414
1414
54
1414
1414
1414
54
1414
1414
54
1414
54
1414
1414
54
1414
1414
54
1414
1414
54
1414
1414
1414
1414
1414
54
1414
1414
54
1414
1414
54
1414
1414
1414
54
1414
1414
1414
1414
54
1414
1414
1414
54
1414
1414
54
1414
1414
54
1414
1414
54
1414
1414
54
1414
1414
54
1414
1414
54
1414
54
1414
1414
1414
54
1414
1414
1414
54
1414
1414
1414
1414
54
1414
1414
54
1414
1414
1414
1414
54
1414
1414
54
1414
1414
54
1414
1414
54
1414
1414
54
1414
1414
54
1414
1414
54
1414
1414
1414
54
1414
1414
1414
1414
1414
1414
1414
54
1414
1414
1414
54
1414
1414
1414
1414
1414
1414
54
1414
1414
1414
1414
54
1414
1414
54
1414
1414
1414
54
1414
1414
1414
1414
1414
1414
1414
1414
54
1414
1414
1414
54
1414
1414
54
1414
1414
54
1414
1414
1414
54
1414
1414
1414
1414
54
1414
1414
1414
1414
1414
1414
1414
1414
1414
1414
1414
1414
1414
1414
1414
1414
1414
54
1414
1414
1414
1414
54
1414
1414
1414
1414
1414
1414
1414
1414
54
1414
1414
54
1414
54
1414
1414
54
1414
1414
1414
54
1414
1414
1414
1414
54
1414
1414
54
1414
1414
54
1414
1414
1414
54
1414
1414
1414
54
1414
1414
1414
1414
54
1414
1414
54
1414
1414
1414
1414
1414
54
1414
1414
54
1414
1414
54
1414
1414
54
1414
1414
54
1414
1414
1414
54
1414
1414
1414
1414
54
1414
54
1414
1414
1414
1414
54
1414
1414
1414
1414
1414
54
1414
1414
54
1414
1414
1414
54
1414
1414
54
1414
1414
1414
54
1414
1414
1414
1414
1414
54
1414
1414
54
1414
1414
54
1414
1414
54
1414
1414
54
1414
1414
54
1414
1414
54
1414
1414
1414
54
1414
54
1414
1414
54
1414
1414
1414
54
1414
1414
54
1414
1414
54
1414
1414
54
1414
1414
54
1414
1414
54
1414
1414
54
1414
1414
1414
54
1414
1414
1414
1414
54
1414
1414
54
1414
1414
54
1414
1414
54
1414
1414
1414
1414
54
1414
1414
1414
1414
54
1414
1414
54
1414
1414
54
1414
1414
1414
54
1414
1414
54
1414
1414
54
1414
1414
54
1414
1414
1414
54
1414
1414
1414
54
1414
1414
54
1414
1414
54
1414
1414
1414
1414
54
1414
1414
54
1414
1414
54
1414
1414
1414
1414
54
1414
1414
54
1414
1414
54
1414
1414
54
1414
1414
54
1414
1414
54
1414
1414
1414
54
1414
1414
54
1414
1414
1414
1414
1414
1414
54
1414
1414
1414
54
1414
1414
54
1414
1414
54
1414
1414
1414
1414
1414
1414
1414
54
1414
1414
1414
1414
54
1414
1414
1414
54
1414
1414
54
1414
1414
54
1414
1414
1414
54
1414
1414
54
1414
1414
1414
1414
1414
1414
1414
1414
54
1414
1414
1414
54
1414
1414
54
1414
1414
54
1414
1414
54
1414
1414
54
1414
1414
1414
54
1414
1414
1414
1414
1414
1414
1414
1414
1414
1414
54
1414
1414
1414
1414
1414
54
1414
1414
54
1414
1414
54
1414
1414
54
1414
1414
1414
1414
1414
1414
1414
54
1414
1414
1414
54
1414
1414
1414
1414
54
1414
1414
54
1414
1414
1414
1414
54
1414
1414
1414
1414
1414
54
1414
1414
1414
54
1414
1414
54
1414
1414
54
1414
1414
54
1414
1414
1414
1414
54
1414
1414
54
1414
1414
54
1414
1414
1414
54
1414
1414
54
1414
54
1414
1414
54
1414
1414
1414
1414
1414
54
1414
1414
54
1414
1414
54
1414
1414
54
1414
1414
1414
1414
54
1414
1414
54
1414
1414
54
1414
1414
1414
54
1414
1414
1414
1414
54
1414
1414
1414
54
1414
1414
54
1414
1414
54
1414
1414
1414
54
1414
1414
54
1414
1414
1414
1414
54
1414
1414
54
1414
1414
54
1414
1414
54
1414
1414
1414
54
1414
1414
54
1414
1414
54
1414
1414
54
1414
1414
1414
54
1414
1414
54
1414
1414
54
1414
1414
1414
1414
54
1414
1414
54
1414
1414
54
1414
1414
54
1414
1414
1414
1414
54
1414
1414
54
1414
1414
54
1414
1414
1414
54
1414
1414
1414
54
1414
1414
54
1414
1414
54
1414
1414
54
1414
1414
54
1414
1414
54
1414
1414
1414
1414
54
1414
1414
54
1414
1414
54
1414
1414
1414
54
1414
1414
54
1414
1414
54
1414
1414
54
1414
1414
54
1414
1414
54
1414
1414
54
1414
54
1414
1414
54
1414
1414
54
1414
1414
1414
54
1414
1414
54
1414
1414
54
1414
1414
54
1414
54
1414
1414
1414
1414
1414
54
1414
1414
54
1414
1414
54
1414
1414
54
1414
1414
54
1414
1414
1414
1414
1414
1414
1414
1414
1414
54
1414
1414
1414
54
1414
1414
1414
54
1414
1414
1414
1414
1414
1414
1414
1414
1414
1414
1414
1414
1414
1414
1414
1414
1414
1414
54
1414
1414
1414
54
1414
1414
54
1414
1414
54
1414
1414
54
1414
1414
54
1414
54
1414
1414
54
1414
1414
1414
54
1414
1414
54
1414
1414
54
1414
1414
54
1414
1414
54
1414
1414
54
1414
1414
54
1414
1414
54
1414
1414
54
1414
1414
54
1414
1414
1414
1414
1414
1414
1414
1414
54
1414
1414
1414
54
1414
54
1414
1414
54
1414
1414
1414
54
1414
1414
1414
1414
1414
54
1414
1414
1414
54
1414
1414
1414
1414
54
1414
1414
54
1414
1414
54
1414
1414
54
1414
1414
1414
54
1414
1414
54
1414
1414
54
1414
1414
1414
54
1414
1414
1414
54
1414
1414
54
1414
1414
54
1414
1414
1414
54
1414
1414
54
1414
1414
54
1414
1414
54
1414
1414
54
1414
54
1414
1414
1414
54
1414
1414
1414
1414
1414
1414
1414
1414
1414
1414
1414
1414
54
1414
1414
1414
1414
1414
54
1414
1414
54
1414
1414
54
1414
1414
54
1414
1414
1414
1414
54
1414
1414
54
1414
1414
54
1414
1414
1414
54
1414
1414
54
1414
54
1414
1414
1414
54
1414
1414
1414
54
1414
1414
54
1414
1414
54
1414
1414
54
1414
1414
54
1414
1414
54
1414
1414
54
1414
1414
1414
54
1414
1414
54
1414
1414
1414
54
1414
1414
1414
54
1414
1414
54
1414
1414
54
1414
1414
54
1414
1414
54
1414
1414
54
1414
1414
54
1414
1414
54
1414
1414
1414
54
1414
1414
54
1414
1414
54
1414
1414
1414
54
1414
1414
1414
1414
1414
1414
1414
1414
1414
1414
1414
54
1414
1414
54
1414
1414
1414
54
1414
1414
54
1414
54
1414
1414
54
1414
1414
54
1414
1414
1414
54
1414
1414
1414
1414
1414
1414
1414
1414
1414
1414
1414
1414
1414
54
1414
1414
1414
1414
1414
1414
1414
1414
1414
1414
54
1414
1414
54
1414
1414
54
1414
1414
1414
54
1414
1414
54
1414
1414
54
1414
1414
1414
54
1414
1414
54
1414
1414
54
1414
1414
1414
1414
1414
1414
1414
54
1414
1414
1414
54
1414
1414
54
1414
1414
54
1414
1414
1414
54
1414
1414
1414
54
1414
1414
1414
1414
54
1414
1414
54
1414
1414
54
1414
1414
1414
1414
1414
54
1414
1414
1414
54
1414
1414
54
1414
1414
54
1414
1414
54
1414
1414
1414
1414
1414
1414
1414
54
1414
1414
1414
1414
54
1414
1414
54
1414
1414
54
1414
1414
54
1414
54
1414
1414
1414
54
1414
1414
54
1414
1414
409
54
55
66
55
66
55
66
55
66
1291
1414
1414
1414
1414
1414
1414
1414
1414
54
1414
1414
1414
1414
54
1414
1414
54
1414
1414
1414
54
1414
54
1414
1414
54
1414
1414
1414
1414
1414
1414
54
1414
1414
1414
54
1414
1414
1414
54
1414
1414
54
1414
1414
1414
54
1414
1414
54
1414
1414
54
1414
1414
54
1414
1414
1414
1414
1414
54
1414
1414
1414
54
1414
1414
54
1414
54
1414
1414
1414
1414
54
1414
1414
54
1414
1414
1414
54
1414
1414
54
1414
1414
54
1414
1414
54
1414
54
1414
1414
54
1414
1414
54
1414
1414
1414
54
1414
1414
54
1414
1414
54
1414
54
1414
1414
1414
1414
54
1414
1414
54
1414
1414
54
1414
1414
54
1414
1414
54
1414
1414
54
1414
1414
1414
54
1414
54
1414
1414
54
1414
1414
54
1414
1414
54
1414
1414
54
1414
1414
54
1414
1414
1414
54
1414
1414
54
1414
1414
54
1414
54
1414
1414
54
1414
1414
54
1414
1414
54
1414
1414
54
1414
1414
1414
1414
1414
54
1414
1414
54
1414
1414
54
1414
54
1414
1414
54
1414
1414
54
1414
1414
1414
54
1414
1414
54
1414
54
1414
1414
54
1414
1414
54
1414
1414
1414
54
1414
54
1414
1414
1414
1414
1414
54
1414
1414
1414
54
1414
1414
1414
54
1414
1414
54
1414
1414
54
1414
1414
54
1414
54
1414
1414
1414
54
1414
1414
54
1414
1414
1414
54
1414
1414
54
1414
1414
1414
54
1414
54
1414
1414
54
1414
1414
54
1414
1414
54
1414
1414
1414
54
1414
1414
54
1414
54
1414
1414
54
1414
1414
1414
54
1414
1414
1414
1414
1414
1414
1414
1414
1414
1414
54
1414
1414
1414
54
1414
1414
54
1414
54
1414
1414
54
1414
1414
54
1414
1414
1414
1414
54
1414
1414
1414
1414
1414
1414
1414
1414
66
66
66
66
66
1414
1414
1414
74
74
74
1414
844
74
74
1414
66
1414
54
1294
1414
1414
54
1414
1414
54
1414
1414
1414
54
1414
54
1414
1414
54
1414
1414
54
1414
1414
54
1414
1414
54
1414
1414
54
1414
1414
54
1414
1414
54
1414
1414
1414
54
1414
54
1414
1414
1414
54
1414
1414
1414
54
1414
1414
54
1414
1414
54
1414
1414
1414
1414
54
1414
1414
54
1414
1414
54
1414
1414
1414
1414
1414
1414
1414
54
1414
1414
54
1414
54
1414
1414
54
1414
1414
1414
54
1414
1414
54
1414
1414
54
1414
54
1414
1414
1414
54
1414
54
1414
1414
54
1414
1414
54
1414
1414
1414
54
1414
1414
54
1414
54
1414
1414
1414
1414
54
1414
1414
1414
1414
1414
54
1414
1414
1414
54
1414
1414
54
1414
1414
1414
54
1414
1414
54
1414
1414
54
1414
1414
54
1414
1414
54
1414
1414
54
1414
1414
54
1414
54
1414
1414
1414
1414
1414
1414
54
1414
1414
1414
54
1414
1414
54
1414
1414
1414
1414
54
1414
1414
54
1414
1414
54
1414
1414
54
1414
1414
1414
54
1414
1414
54
1414
1414
54
1414
1414
54
1414
1414
54
1414
1414
1414
1414
1414
54
1414
54
1414
1414
54
1414
1414
1414
54
1414
54
1414
1414
54
1414
1414
1414
54
1414
1414
54
1414
1414
1414
1414
1414
1414
54
1414
1414
1414
54
1414
1414
54
1414
1414
54
1414
1414
54
1414
1414
1414
54
1414
1414
1414
54
1414
1414
1414
1414
1414
1414
1414
1414
1414
1414
1414
1414
1414
1414
1414
1414
1414
1414
1414
1414
1414
1414
1414
1414
1414
1414
1414
1414
1414
1414
54
1414
1414
1414
1414
1414
1414
54
1414
1414
1414
54
1414
1414
54
1414
1414
54
1414
1414
54
1414
1414
54
1414
1414
54
1414
1414
54
1414
1414
1414
54
1414
1414
1414
1414
1414
54
1414
1414
54
1414
1414
54
1414
1414
1414
1414
1414
54
1414
1414
1414
54
1414
1414
54
1414
1414
1414
54
1414
1414
1414
1414
54
1414
1414
1414
54
1414
1414
54
1414
1414
54
1414
1414
54
1414
1414
54
1414
1414
54
1414
1414
1414
54
1414
54
1414
1414
54
1414
1414
54
1414
1414
1414
54
1414
54
1414
1414
54
1414
1414
54
1414
1414
54
1414
1414
1414
54
1414
1414
54
1414
1414
54
1414
54
1414
1414
54
1414
1414
1414
54
1414
1414
54
1414
1414
54
1414
1414
1414
1414
54
1414
54
1414
1414
1414
54
1414
1414
54
1414
1414
54
1414
54
1414
1414
1414
54
1414
1414
54
1414
1414
54
1414
1414
54
1414
1414
54
1414
1414
54
1414
1414
54
1414
54
1414
1414
1414
54
1414
1414
54
1414
1414
54
1414
54
1414
1414
1414
54
1414
1414
54
1414
1414
54
1414
1414
54
1414
1414
54
1414
54
1414
1414
1414
54
1414
1414
54
1414
1414
54
1414
54
1414
1414
54
1414
1414
54
1414
1414
54
1414
1414
1414
1414
1414
1414
1414
1414
54
1414
1414
1414
54
1414
1414
54
1414
1414
1414
1414
54
1414
1414
54
1414
1414
54
1414
54
1414
1414
1414
1414
1414
54
1414
1414
1414
1414
1414
1414
1414
1414
54
1414
1414
1414
1414
54
1414
1414
54
1414
54
1414
1414
1414
1414
1414
54
1414
1414
54
1414
1414
54
1414
1414
1414
54
1414
1414
54
1414
1414
1414
54
1414
1414
54
1414
1414
54
1414
54
1414
1414
1414
54
1414
1414
1414
1414
1414
1414
1414
1414
1414
54
1414
1414
54
1414
1414
1414
1414
1414
1414
1414
1414
1414
1414
1414
1414
1414
1414
1414
1414
1414
1414
1414
1414
1414
1414
1414
1414
1414
1414
1414
1414
1414
1414
54
1414
1414
1414
54
1414
54
1414
1414
54
1414
1414
54
1414
1414
1414
54
1414
54
1414
1414
54
1414
1414
54
1414
1414
1414
54
1414
54
1414
1414
1414
1414
54
1414
1414
54
1414
1414
1414
1414
54
1414
1414
54
1414
1414
54
1414
1414
1414
54
1414
54
1414
1414
1414
1414
1414
1414
1414
54
1414
1414
1414
1414
54
1414
1414
54
1414
1414
1414
54
1414
1414
54
1414
1414
1414
1414
1414
1414
54
1414
1414
54
1414
1414
54
1414
1414
1414
1414
1414
54
1414
1414
54
1414
1414
54
1414
54
1414
1414
54
1414
1414
1414
1414
1414
1414
1414
1414
1414
1414
54
1414
1414
1414
1414
54
1414
1414
54
1414
1414
54
1414
1414
1414
54
1414
1414
1414
1414
54
1414
1414
54
1414
54
1414
1414
54
1414
1414
1414
54
1414
1414
54
1414
1414
54
1414
1414
54
1414
1414
54
1414
54
1414
1414
54
1414
1414
1414
54
1414
1414
54
1414
54
1414
1414
54
1414
1414
54
1414
1414
1414
54
1414
54
1414
1414
54
1414
1414
54
1414
1414
1414
54
1414
1414
1414
1414
1414
1414
1414
54
1414
1414
1414
54
1414
1414
54
1414
1414
54
1414
1414
54
1414
1414
1414
54
1414
1414
1414
54
1414
54
1414
1414
54
1414
1414
1414
54
1414
54
1414
1414
1414
1414
54
1414
1414
54
1414
1414
54
1414
1414
54
1414
1414
1414
54
1414
1414
54
1414
1414
54
1414
54
1414
1414
54
1414
1414
54
1414
1414
54
1414
1414
54
1414
1414
1414
54
1414
1414
54
1414
54
1414
1414
1414
1414
1414
1414
54
1414
1414
1414
54
1414
54
1414
1414
54
1414
1414
1414
54
1414
1414
54
1414
1414
54
1414
1414
54
1414
54
1414
1414
1414
1414
54
1414
1414
54
1414
1414
54
1414
1414
54
1414
1414
54
1414
1414
54
1414
1414
54
1414
1414
54
1414
1414
1414
54
1414
1414
54
1414
1414
54
1414
54
1414
1414
54
1414
1414
54
1414
1414
54
1414
1414
1414
1414
1414
1414
54
1414
1414
54
1414
1414
54
1414
1414
1414
1414
1414
54
1414
1414
1414
54
1414
1414
54
1414
1414
54
1414
1414
1414
1414
1414
1414
1414
1414
1414
54
1414
1414
1414
1414
54
1414
1414
54
1414
1414
54
1414
54
1414
1414
54
1414
1414
1414
1414
1414
54
1414
1414
1414
1414
1414
1414
1414
1414
54
1414
1414
54
1414
1414
54
1414
1414
54
1414
1414
54
1414
1414
1414
54
1414
1414
1414
54
1414
54
1414
1414
54
1414
1414
54
1414
1414
54
1414
1414
1414
54
1414
54
1414
1414
54
1414
1414
1414
54
1414
1414
54
1414
1414
54
1414
1414
1414
1414
1414
1414
1414
1414
1414
54
1414
1414
1414
54
1414
1414
54
1414
1414
1414
1414
1414
54
1414
1414
54
1414
1414
54
1414
1414
54
1414
1414
54
1414
1414
54
1414
1414
54
1414
1414
54
1414
1414
54
1414
1414
54
1414
1414
1414
1414
54
1414
1414
54
1414
1414
1414
1414
54
1414
1414
54
1414
1414
54
1414
1414
1414
54
1414
1414
54
1414
1414
54
1414
1414
1414
1414
54
1414
1414
54
1414
54
1414
1414
1414
54
1414
1414
54
1414
1414
1414
54
1414
1414
54
1414
1414
54
1414
1414
54
1414
1414
54
1414
1414
1414
54
1414
1414
54
1414
1414
1414
54
1414
1414
1414
1414
54
1414
1414
54
1414
1414
54
1414
1414
54
1414
1414
54
1414
1414
1414
54
1414
1414
1414
54
1414
1414
1414
54
1414
1414
54
1414
1414
54
1414
1414
54
1414
54
1414
1414
54
1414
1414
1414
1414
1414
1414
54
1414
1414
1414
54
1414
1414
54
1414
1414
1414
54
1414
1414
54
1414
1414
54
1414
1414
54
1414
1414
54
1414
1414
1414
1414
54
1414
1414
54
1414
1414
1414
1414
1414
54
1414
54
1414
1414
54
1414
1414
1414
54
1414
1414
54
1414
1414
54
1414
1414
54
1414
1414
54
1414
54
1414
1414
1414
54
1414
1414
54
1414
1414
54
1414
54
1414
1414
54
1414
1414
54
1414
1414
54
1414
1414
54
1414
1414
54
1414
1414
54
1414
1414
54
1414
1414
1414
1414
54
1414
1414
1414
54
1414
54
1414
1414
1414
54
1414
1414
54
1414
1414
1414
1414
1414
1414
1414
54
1414
1414
1414
54
1414
1414
54
1414
1414
54
1414
54
1414
1414
1414
1414
54
1414
1414
1414
54
1414
54
1414
1414
1414
1414
1414
1414
1414
1414
54
1414
1414
1414
54
1414
1414
1414
1414
1414
1414
54
1414
1414
1414
54
1414
1414
54
1414
1414
54
1414
1414
54
1414
1414
1414
1414
54
1414
1414
54
1414
1414
54
1414
1414
1414
54
1414
1414
54
1414
1414
54
1414
54
1414
1414
1414
1414
1414
1414
1414
54
1414
1414
54
1414
1414
54
1414
54
1414
1414
54
1414
1414
54
1414
1414
54
1414
1414
54
1414
1414
1414
1414
1414
54
1414
1414
54
1414
1414
54
1414
1414
1414
54
1414
1414
54
1414
1414
54
1414
1414
1414
54
1414
1414
1414
1414
1414
1414
54
1414
1414
1414
54
1414
1414
1414
1414
1414
54
1414
1414
54
1414
1414
54
1414
54
1414
1414
1414
1414
54
1414
1414
54
1414
1414
54
1414
1414
54
1414
1414
1414
54
1414
1414
54
1414
1414
1414
54
1414
1414
54
1414
1414
54
1414
1414
54
1414
1414
1414
1414
1414
54
1414
1414
1414
54
1414
1414
54
1414
1414
54
1414
1414
54
1414
1414
1414
1414
54
1414
1414
1414
54
1414
1414
54
1414
1414
54
1414
1414
54
1414
1414
54
1414
1414
1414
54
1414
1414
54
1414
1414
54
1414
1414
1414
54
1414
1414
1414
54
1414
1414
1414
1414
1414
54
1414
1414
54
1414
1414
54
1414
54
1414
1414
1414
1414
1414
54
1414
1414
1414
54
1414
1414
54
1414
1414
1414
1414
1414
54
1414
1414
54
1414
54
1414
1414
54
1414
1414
1414
54
1414
1414
54
1414
1414
54
1414
1414
54
1414
1414
1414
1414
54
1414
54
1414
1414
54
1414
1414
54
1414
1414
1414
1414
1414
54
1414
1414
54
1414
1414
54
1414
54
1414
1414
54
1414
1414
1414
54
1414
1414
1414
54
1414
1414
1414
1414
54
1414
1414
54
1414
1414
1414
54
1414
1414
1414
1414
1414
1414
1414
54
1414
1414
1414
1414
1414
1414
1414
1414
1414
1414
1414
1414
1414
1414
54
1414
1414
1414
1414
54
1414
1414
1414
1414
1414
1414
1414
1414
1414
54
1414
1414
1414
1414
54
1414
1414
54
1414
54
1414
1414
1414
54
1414
1414
54
1414
54
1414
1414
54
1414
1414
54
1414
1414
54
1414
1414
54
1414
1414
1414
54
1414
1414
54
1414
1414
54
1414
54
1414
1414
1414
1414
1414
54
1414
1414
1414
1414
1414
1414
1414
54
1414
1414
1414
1414
1414
54
1414
1414
54
1414
1414
54
1414
1414
54
1414
1414
1414
1414
1414
1414
1414
54
1414
1414
1414
54
1414
54
1414
1414
1414
54
1414
1414
54
1414
1414
54
1414
1414
54
1414
1414
54
1414
54
1414
1137
54
128
54
144
144
54
1291
1414
1414
54
1414
1414
54
1414
1414
1414
54
1414
1414
54
1414
54
1414
1414
54
1414
1414
1414
54
1414
1414
1414
1414
54
1414
1414
54
1414
1414
54
1414
1414
54
1414
1414
54
1414
1414
54
1414
54
1414
1414
54
1414
1414
1414
1414
1414
1414
1414
1414
1414
1414
54
1414
1414
1414
1414
54
1414
1414
1414
1414
54
1414
1414
1414
54
1414
1414
54
1414
54
1414
1414
54
1414
1414
1414
54
1414
54
1414
1414
54
1414
1414
54
1414
1414
1414
1414
1414
54
1414
1414
54
1414
1414
54
1414
1414
54
1414
1414
54
1414
54
1414
1414
54
1414
1414
1414
54
1414
1414
1414
54
1414
1414
54
1414
1414
1414
1414
1414
1414
54
1414
1414
54
1414
1414
54
1414
1414
54
1414
1414
54
1414
1414
54
1414
1414
54
1414
1414
1414
1414
54
1414
1414
1414
1414
54
1414
1414
1414
54
1414
1414
1414
1414
54
1414
1414
1414
54
1414
1414
54
1414
1414
1414
54
1414
1414
1414
54
1414
1414
1414
54
1414
1414
1414
1414
54
1414
1414
54
1414
54
1414
1414
54
1414
1414
1414
1414
54
1414
1414
54
1414
1414
1414
54
1414
1414
1414
54
1414
1414
1414
54
1414
1414
1414
1414
1414
1414
1414
1414
1414
1414
1414
1414
1414
1414
1414
1414
54
1414
1414
54
1414
54
1414
1414
1414
1414
1414
1414
1414
54
1414
1414
1414
54
1414
1414
1414
54
1414
1414
54
1414
54
1414
1414
1414
54
1414
54
1414
1414
54
1414
1414
54
1414
1414
54
1414
1414
54
1414
1414
54
1414
1414
54
1414
1414
54
1414
1414
54
1414
1414
1414
54
1414
1414
54
1414
1414
54
1414
1414
54
1414
54
1414
1414
54
1414
1414
1414
54
1414
54
1414
1414
54
1414
1414
1414
1414
1414
1414
1414
54
1414
1414
1414
1414
54
1414
1414
1414
1414
1414
54
1414
1414
54
1414
1414
54
1414
1414
1414
1414
54
1414
1414
1414
1414
1414
1414
1414
1414
54
1414
1414
1414
1414
1414
1414
1414
1414
54
1283
54
1294
1414
1414
54
1414
1414
54
1414
1414
1414
1414
1414
54
1414
1414
54
1414
1414
1414
54
1414
1414
1414
54
1414
1414
54
1414
54
1414
1414
1414
54
1414
1414
1414
1414
1414
1414
1414
1414
54
1414
1414
1414
1414
54
1414
1414
1414
54
1414
1414
1414
1414
1414
1414
1414
1414
54
1414
1414
1414
1414
54
1414
1414
1414
54
1414
1414
54
1414
1414
1414
1414
54
1414
1414
54
1414
54
1414
1414
1414
1414
54
1414
1414
1414
54
1414
1414
1414
1414
1414
54
1414
1414
54
1414
1414
54
1414
1414
1414
1414
1414
54
1414
54
1414
1414
54
1414
1414
54
1414
1414
1414
1414
1414
54
1414
1414
54
1414
1414
54
1414
1414
54
1414
1414
54
1414
54
1414
1414
1414
54
1414
1414
54
1414
1414
1414
1414
54
1414
1414
1414
54
1414
1414
54
1414
1414
54
1414
1414
54
1414
1414
54
1414
1414
54
1414
1414
54
1414
1414
1414
54
1414
1414
1414
54
1414
1414
54
1414
1414
54
1414
1414
1414
54
1414
1414
1414
54
1414
1414
1414
54
1414
1414
1414
1414
1414
1414
1414
1414
1414
1414
1414
1414
54
1414
1414
1414
1414
1414
1414
1414
1414
1414
1414
54
1414
1414
1414
1414
54
1414
1414
54
1414
54
1414
1414
54
1414
1414
1414
54
1414
1414
54
1414
1414
54
1414
54
1414
1414
54
1414
1414
54
1414
1414
1414
54
1414
54
1414
1414
54
1414
1414
54
1414
1414
54
1414
1414
1414
54
1414
1414
54
1414
1414
54
1414
1414
1414
54
1414
1414
1414
54
1414
54
1414
1414
1414
54
1414
54
1414
1414
54
1414
1414
1414
1414
1414
1414
1414
1414
1414
54
1414
1414
1414
54
1414
1414
54
439
100
1414
1414
54
1414
1414
1414
54
1414
1414
54
1414
54
1414
1414
1414
54
501
1414
1414
1414
1414
1414
1414
1414
1414
1414
54
1414
1414
1414
1414
54
1414
1414
54
1414
1414
54
1414
1414
54
1414
1414
54
1414
1414
54
1414
1414
54
1414
1414
54
1414
1414
54
1414
1414
54
1414
1414
1414
1414
54
1414
1414
54
1414
1414
54
1414
1414
54
1414
1414
1414
1414
54
54
1414
1414
1414
1414
1414
1414
54
1414
1414
1414
1414
54
1414
1414
54
1414
54
1414
54
1414
1414
1414
54
1414
54
1414
1414
54
1414
1414
54
1414
1414
1414
54
1414
1414
54
1414
54
1414
1414
54
1414
1414
1414
54
1414
1414
54
1414
1414
1414
54
1414
1414
1414
1414
54
1414
1414
54
1414
1414
54
1414
1414
54
1414
1414
1414
1414
54
1414
1414
54
1414
1414
54
1414
1414
54
1414
1414
54
1414
1414
54
1414
1414
54
1414
1414
54
1414
1414
54
1414
1414
54
1414
1414
54
1414
1414
1414
1414
1414
1414
1414
1414
1414
1414
54
1414
1414
1414
1414
54
1414
1414
54
1414
1414
54
1414
1414
1414
1414
1414
1414
1414
1414
1414
1414
1414
54
1414
1414
1414
1414
54
1414
1414
54
1414
1414
54
1414
1414
54
1414
1414
54
1414
54
1414
1414
54
1414
1414
1414
54
1414
54
1414
1414
54
1414
1414
1414
54
1414
54
1414
1414
1414
54
1414
54
1414
1414
54
1414
1414
54
1414
1414
54
1414
1414
54
1414
1414
54
1414
1414
1414
54
1414
1414
54
1414
100
54
1414
1414
54
1414
1414
54
1414
1414
1414
1414
1414
1414
1414
54
1414
1414
1414
54
1414
1414
1414
126
138
1414
54
54
100
1414
1414
1414
1414
54
1414
1414
54
1414
1414
54
1414
1414
54
1414
1414
54
1414
1414
54
1414
1414
1414
54
1414
1414
54
1414
54
1414
1414
187
54
100
1414
1414
54
1414
1414
54
1414
1414
54
1414
1414
1414
1414
1414
54
1414
1414
1414
1414
1414
1414
1414
1414
54
1414
1414
1414
54
1414
1414
1414
54
1414
54
1414
54
1414
1414
54
1414
1414
1414
1414
54
1414
1414
54
1414
1414
54
1414
54
1414
1414
1414
1414
1414
1414
1414
1414
54
1414
1414
54
1414
1414
54
1414
1414
54
1414
1414
54
1414
54
1414
54
1414
1414
54
1414
1414
1414
1414
54
1414
1414
54
1414
1414
1414
54
1414
1414
54
1414
54
1414
1414
54
1414
1414
54
1414
1414
1414
54
1414
1414
54
1414
1414
54
1414
1414
54
1414
54
1414
1414
54
1414
1414
54
1414
1414
1414
1414
1414
1414
1414
1414
54
1414
1414
1414
54
1414
1414
1414
1414
54
1414
1414
1414
1414
54
1414
54
1414
1414
1414
54
1414
1414
54
1414
1414
1414
54
1414
1414
1414
66
1414
1414
66
66
1414
1414
66
66
1414
1414
66
66
1414
66
1414
66
1414
1414
66
66
1414
1414
74
74
1414
1414
74
74
1414
1414
74
74
1414
74
1414
74
1414
1414
1414
74
74
74
1414
1414
1414
1414
74
74
74
74
1414
1414
74
74
1414
74
1414
1414
74
74
1414
74
1414
1414
1414
74
74
74
1414
1414
74
74
1414
74
1414
74
1414
1414
74
74
1414
1414
74
74
1414
1414
74
74
1414
1414
74
74
1414
1414
74
74
1414
1414
74
74
1414
1414
74
74
1414
1414
74
74
1414
1414
74
74
1414
74
1414
1414
74
74
1414
1414
74
66
1414
1414
66
66
1414
1414
66
66
1414
1414
66
66
1414
66
1414
1414
1414
54
54
1414
1414
1414
1414
54
1414
1414
54
1414
1414
54
1414
1414
54
1414
1414
54
1414
1414
54
1414
1414
1414
54
1414
1414
54
1414
1414
54
1414
54
1414
1414
54
1414
1414
1414
54
1414
1414
1414
1414
54
1414
1414
1414
54
1414
1414
1414
54
1414
1414
54
1414
54
1414
1414
54
1414
1414
1414
54
1414
54
1414
54
1414
1414
1414
1414
1414
1414
1414
1414
1414
54
1414
54
1414
1414
54
1414
1414
54
1414
1414
1414
54
1414
54
1414
1414
54
1414
1414
54
1414
1414
1414
1414
54
1414
1414
1414
54
1414
1414
54
1414
54
1414
1414
54
1414
1414
54
1414
1414
54
1414
1414
1414
54
1414
54
1414
1414
54
1414
1414
1414
1414
1414
1414
1414
1414
1414
1414
54
1414
1414
1414
1414
54
1414
1414
54
1414
1414
1414
1414
54
1414
1414
1414
54
1414
1414
1414
1414
1414
1414
1414
1414
1414
1414
1414
54
1414
1414
1414
1414
54
1414
1414
1414
54
1414
1414
1414
54
1414
1414
54
1414
1414
54
1414
1414
1414
1414
54
1414
1414
54
1414
1414
1414
54
1414
54
1414
1414
54
1414
1414
1414
54
1414
1414
54
1414
1414
1414
1414
1414
1414
1414
1414
54
1414
1414
1414
1414
54
1414
1414
54
1414
1414
54
1414
1414
54
1414
1414
1414
54
1414
1414
54
1414
54
1414
1414
1414
54
1414
1414
54
1414
1414
54
1414
54
1414
1414
1414
54
1414
54
1414
1414
1414
54
1414
1414
54
1414
1414
54
1414
1414
54
1414
54
1414
1414
1414
54
1414
1414
1414
54
1414
1414
54
1414
1414
54
1414
1414
1414
54
1414
1414
1414
54
1414
1414
54
1414
1414
54
1414
1414
1414
54
1414
54
1414
1414
1414
54
1414
1414
54
1414
54
1414
1414
54
1414
1414
54
1414
1414
54
1414
1414
54
1414
1414
1414
54
1414
54
1414
1414
54
1414
1414
1414
54
1414
1414
54
1414
1414
54
1414
1414
1414
1414
1414
54
1414
1414
54
1414
1414
1414
1414
1414
1414
1414
1414
1414
1414
1414
1414
1414
1414
1414
1414
1414
1414
54
1414
1414
1414
1414
1414
1414
1414
54
1414
1414
1414
54
1414
1414
54
1414
1414
54
1414
1414
54
1414
1414
54
1414
1414
54
1414
1414
54
1414
1414
54
1414
1414
54
1414
1414
54
1414
1414
54
1414
1414
54
1414
1414
54
1414
1414
54
1414
1414
54
1414
1414
1414
54
1414
1414
54
1414
1414
54
1414
1414
54
1414
1414
54
1414
1414
1414
54
1414
1414
54
1414
1414
1414
54
1414
54
1414
1414
54
1414
1414
54
1414
1414
54
1414
1414
1414
54
1414
54
1414
1414
1414
1414
54
1414
1414
1414
54
1414
54
1414
1414
1414
1414
1414
1414
1414
1414
1414
1414
1414
54
1414
1414
1414
1414
1414
1414
1414
1414
1414
1414
54
1414
1414
1414
54
1414
1414
1414
1414
1414
1414
1414
1414
1414
1414
1414
1414
1414
1414
1414
54
1414
1414
1414
1414
1414
1414
54
1414
1414
1414
54
1414
1414
54
1414
1414
54
1414
1414
1414
54
1414
1414
54
1414
54
1414
1414
54
1414
1414
54
1414
1414
1414
54
1414
1414
54
1414
54
1414
1414
1414
1414
1414
1414
1414
1414
1414
54
1414
1414
1414
1414
54
1414
1414
54
1414
1414
54
1414
1414
54
1414
1414
54
1414
1414
54
1414
1414
1414
54
688
54
388
1414
294
54
54
54
55
55
66
55
66
54
54
55
66
55
66
55
66
55
66
55
55
66
66
55
66
55
66
55
66
55
66
55
66
495
100
54
54
100
126
54
138
100
54
54
54
55
66
55
66
55
66
55
66
54
54
117
54
54
54
54
54
117
66
54
117
66
54
54
442
54
210
100
54
66
66
54
571
54
210
105
54
107
104
96
277
54
54
54
54
152
92
54
92
273
54
100
54
388
1414
294
54
128
54
144
144
54
55
66
459
54
1019
475
54
55
66
55
66
478
100
54
54
100
210
54
100
54
55
66
55
66
55
66
55
66
55
55
66
66
55
66
55
66
55
66
55
66
54
54
54
54
54
54
54
54
54
54
54
54
443
100
54
54
100
210
54
100
54
55
66
55
66
55
66
55
66
55
66
477
54
210
100
54
55
66
55
66
388
1414
294
54
87
54
87
54
55
66
128
54
144
144
54
55
66
325
100
54
54
55
66
100
210
54
100
54
55
66
55
66
55
55
66
66
55
66
55
66
55
66
117
54
54
54
54
54
441
100
54
54
477
54
100
126
54
138
100
54
103
138
54
100
54
55
66
55
66
55
66
55
66
55
66
388
1414
294
54
55
66
55
66
475
100
54
54
100
126
54
138
100
54
55
66
55
55
66
55
66
55
66
55
55
66
66
55
66
55
66
55
66
443
54
210
100
54
128
54
144
144
54
117
54
54
54
54
117
54
54
54
54
55
55
66
66
55
66
117
54
54
54
54
117
54
54
54
54
54
54
55
66
117
54
54
54
54
117
54
117
54
54
54
54
54
54
54
54
54
117
54
54
54
54
117
54
54
54
54
117
54
54
54
54
54
55
66
477
100
54
54
100
210
54
100
54
66
66
66
54
571
66
54
256
54
54
430
488
54
54
220
100
54
54
1414
742
54
1414
857
54
210
345
105
107
104
96
349
107
104
96
313
54
54
54
54
54
54
54
54
54
54
126
138
54
100
54
100
103
138
54
100
348
152
54
92
92
245
54
1414
742
1414
54
1414
1414
70
54
1414
1414
54
1414
1414
54
54
1414
742
678
152
100
54
92
100
92
1414
127
1414
742
1414
1414
1414
1414
1414
1414
54
54
100
1414
54
1414
54
54
1414
54
1414
774
54
100
66
66
54
571
54
54
54
214
270
107
104
96
333
54
54
54
54
54
152
92
92
296
54
1414
742
826
1414
54
742
1414
1414
54
1414
54
1414
1414
54
1414
1414
54
1414
1414
325
54
100
54
117
54
54
54
54
117
54
54
54
54
54
54
117
54
54
54
54
54
117
54
54
54
54
388
1414
294
54
55
66
319
54
673
888
888
66
66
66
1414
742
1414
54
875
1414
54
1414
1414
1414
1414
54
305
54
66
54
66
54
278
278
54
54
1414
1414
54
966
1414
345
1414
966
54
345
364
364
482
479
569
270
481
100
465
54
54
1414
430
54
54
54
54
178
100
54
54
1414
742
826
54
1414
54
742
1414
874
54
1327
1329
1414
54
742
824
54
100
1414
742
54
1414
1414
54
1414
1414
54
1414
1414
1414
54
1414
54
1414
1414
54
1414
1414
824
1414
54
1414
54
1414
1414
1414
1414
1414
1414
1414
1414
1414
54
1414
1414
1414
54
1414
1414
1414
54
1414
126
138
1414
54
54
100
742
103
138
824
1414
1414
54
54
54
100
1414
1414
1414
54
1414
1414
1414
54
1414
1414
54
1414
100
54
1414
1414
54
1414
168
54
1414
742
54
1414
742
1414
54
1414
1414
70
54
1414
372
1414
54
742
1414
54
1414
1414
70
1414
1414
1414
1414
1414
1414
54
54
1414
1414
1414
54
1414
1414
1414
1414
54
1414
54
1414
742
54
1414
815
54
1414
1414
1414
54
1414
1414
54
54
1414
1414
54
201
1414
1414
66
66
1414
66
1414
1414
1414
66
66
66
1414
66
1414
1414
1414
66
66
74
1414
1414
74
74
1414
54
1414
74
1414
1414
54
1414
54
1414
1414
1414
1097
74
82
66
66
510
1414
1414
1414
90
90
90
1414
1414
1414
1414
1414
1414
1414
90
90
66
74
74
74
82
1414
1414
1414
82
82
90
1414
90
1414
54
90
1414
90
1414
1414
90
90
1414
1414
1414
1414
742
90
90
90
54
1414
1414
922
1414
1414
82
82
54
1414
82
1414
1414
1414
1414
1414
1414
1414
82
82
82
74
74
74
74
1414
742
1414
1414
922
54
54
1414
1414
1414
74
66
54
1414
1414
74
66
1414
1414
1414
1414
54
54
54
1414
1414
1414
1414
1414
677
1414
1414
54
54
100
1414
1414
54
1414
1414
1414
1414
1414
1414
54
1414
1414
54
1414
1414
1414
568
54
100
1414
1414
54
1414
1414
54
1414
54
1414
1414
54
1414
1414
54
1414
1414
54
1414
1414
54
1414
54
1414
1414
1414
54
1414
1414
1414
54
1414
1414
1414
1414
54
1414
1414
1414
54
1414
1414
1414
1414
54
1414
1414
1414
54
1414
54
1414
1414
54
1414
1414
54
1414
1414
1414
54
1414
54
1414
1414
54
1414
1414
54
1414
1414
54
1414
1414
1414
1414
54
1414
1414
1414
1414
1414
1414
1414
54
1414
54
1414
1414
54
1414
1414
1414
1414
1414
1414
1414
1414
54
563
1414
1414
1414
54
1414
54
1414
1414
54
1414
1414
1414
54
1414
1414
1414
1414
54
1414
54
1414
1414
1414
1414
1414
54
1414
54
1414
1414
1414
54
54
1414
54
1414
1414
1414
54
1414
1414
54
1414
1414
54
1414
1414
54
1414
1414
54
1414
1414
103
138
54
54
100
1414
54
1414
1414
54
1414
1414
1414
54
1414
54
1414
1414
1414
54
1414
1414
54
1414
1414
1414
1414
1414
1414
1414
54
1414
54
1414
1414
1414
54
1414
1414
1414
54
1414
54
1414
1414
54
66
1414
1414
54
1414
1414
54
1414
1414
54
1414
1414
1414
54
1414
54
1414
1414
1414
1414
66
54
54
571
1414
1414
54
1414
1414
54
1414
1414
54
1414
1414
54
1414
1414
54
1414
1414
1414
54
1414
1414
54
1414
1414
54
1414
54
1414
1414
54
1414
1414
54
1414
1414
54
54
1414
1414
1414
54
1414
1414
54
165
1414
54
100
1414
1414
54
1414
1414
54
1414
1414
1414
54
1414
1414
1414
1414
54
1414
1414
1414
54
1414
1414
1414
786
54
1334
560
54
66
187
100
214
54
270
107
104
96
333
54
54
54
54
54
1414
1414
1414
1414
1414
1414
54
1414
1414
1414
1414
54
1414
1414
54
1414
1414
1414
54
1414
1414
54
1414
1414
1414
54
1414
1414
1414
54
1414
54
1414
1414
54
1414
1414
54
1414
1414
54
1414
1414
54
1414
1414
1414
54
1414
1414
54
1414
1414
1414
54
1414
1414
1414
54
1414
1414
1414
54
1414
1414
1414
54
1414
54
54
1414
1414
54
1414
1414
1414
1414
1414
1414
54
1414
1414
54
1414
1414
1414
54
1414
54
1414
1414
1414
54
1414
54
1414
1414
54
1414
1414
54
1414
1414
54
1414
1414
54
1414
1414
54
1414
1414
54
1414
1414
54
1414
1414
1414
54
1414
1414
54
1414
54
1414
1414
54
1414
1414
1414
54
1414
1414
1414
54
1414
1414
54
1414
1414
1414
54
1414
1414
54
1414
1414
54
1414
54
1414
187
1414
54
1414
1414
100
54
1414
1414
1414
1414
54
1414
1414
1414
1414
54
1414
1414
54
1414
1414
54
1414
1414
54
1414
1414
54
1414
1414
54
1414
1414
1414
1414
54
1414
1414
54
54
1414
1414
54
1414
1414
1414
54
1414
1414
54
1414
1414
54
1414
54
1414
1414
152
54
92
1414
1414
54
1414
1414
54
1414
1414
1414
54
1414
92
54
1414
1414
54
1335
1414
1414
1414
1414
1414
1414
1414
1414
54
1414
1414
1414
1414
54
1414
1414
1414
54
1414
54
1414
1414
54
1414
1414
54
1414
1414
54
1414
1414
54
1414
1414
54
317
100
1414
1414
54
54
100
1414
1414
1414
54
1414
1414
1414
54
1414
1414
54
1414
54
1414
1414
54
1414
1414
54
1414
54
1414
1414
54
1414
1414
54
1414
1414
54
1414
1414
1414
54
1414
1414
1414
1414
54
1414
1414
1414
54
54
1414
1414
54
1414
1414
1414
1414
1414
1414
1414
1414
1414
54
54
1414
1414
1414
54
1414
1414
1414
54
1414
1414
54
1414
1414
54
1414
1414
54
1414
54
1414
1414
54
1414
1414
54
1414
1414
54
1414
1414
54
1414
1414
54
1414
1414
1414
1414
1414
54
54
1414
1414
1414
1414
1414
1414
1414
54
54
1414
54
1414
1414
54
1414
1414
66
1414
66
1414
1414
1414
66
66
66
1414
1414
66
66
1414
1414
66
66
1414
489
66
66
1414
1414
66
66
1414
66
1414
1414
66
66
1414
66
1414
1414
66
66
66
54
272
1414
1414
66
66
1414
1414
66
66
1414
1414
66
66
1414
1414
66
66
1414
1414
66
66
1414
1414
1414
1414
1414
1414
1414
66
66
66
66
66
66
66
1414
54
1414
1414
1414
1414
66
54
54
1414
1414
54
1414
1414
54
1414
1414
1414
54
54
1414
54
1414
1414
54
1336
1414
1414
54
1414
1414
1414
54
1414
1414
54
1414
54
1414
1414
54
1414
1414
54
1414
1414
54
1414
1414
54
1414
787
54
1414
1414
54
1414
1414
54
1414
1414
54
1414
1414
1414
54
1414
1414
54
1414
54
1414
1414
54
1414
1414
54
1414
1414
54
1414
1414
54
1414
1414
54
1414
1414
54
1414
1414
54
1414
1414
54
1414
1414
54
1414
1414
1414
54
1414
54
1414
1414
54
1414
1414
54
1414
1414
54
596
1414
1414
1414
54
1414
54
263
1414
1414
54
1414
1414
54
1414
1414
54
1414
1414
54
720
1414
1414
1414
1414
1414
1414
1414
54
1414
54
1414
1414
54
1414
1414
54
1414
1414
54
1414
1414
1414
1414
1414
1414
54
1414
1414
54
1414
1414
1414
54
1414
54
1414
1414
1414
1414
54
1414
1414
54
1414
1414
1414
1414
1414
54
1414
1414
54
1414
1414
54
1414
1414
54
1414
1414
54
1414
1414
1414
1414
54
1414
1414
54
1414
1414
54
1414
54
1414
1414
1414
54
1414
54
1414
1076
54
566
482
653
54
165
54
1339
54
54
103
138
1414
54
100
1414
1414
54
1414
1414
1414
1414
54
1414
1414
54
1414
54
1414
1414
1414
54
1414
54
1414
1414
1414
1414
54
1414
1414
1414
1414
54
1414
1414
1414
1414
54
54
1414
1414
1414
1414
54
1414
1414
54
1414
1414
54
1414
185
1414
54
100
1414
1414
1414
54
1414
1414
54
1414
1414
54
1414
54
1414
1414
54
1414
1414
54
1414
1414
1414
54
1414
1414
54
54
1414
1414
54
1414
70
1414
54
54
1414
1414
54
1414
651
180
1414
1414
1414
1414
1414
1414
1414
1414
54
1414
1414
1414
1414
1414
1414
1414
1414
54
1414
1414
54
1414
1414
1414
103
138
1414
1414
1414
54
54
1414
1414
54
100
1414
54
1414
1414
54
1414
1414
54
1414
1414
54
1414
1414
54
1414
1414
54
1414
1414
1414
1414
1414
1414
1414
1414
1414
54
1414
1414
1414
1414
54
1414
1414
54
1414
54
1414
1414
1414
1414
54
1414
1414
1414
1414
54
1414
1414
54
1414
1414
54
1414
1414
176
1414
742
54
54
1414
54
1414
1414
70
300
1414
1414
54
54
100
1414
1414
54
1414
1414
1414
1414
1414
1414
1414
54
1414
1414
1414
54
1414
1414
54
1414
1414
54
1414
1414
54
1414
1414
1414
1414
54
1414
1414
1414
1414
54
1414
1414
54
54
1414
1414
54
1414
1414
54
1414
1414
54
1414
1414
1414
54
1414
1414
1414
1414
1414
1414
1414
1414
1414
187
54
1414
1414
54
1414
100
1414
54
1414
1414
1414
1414
141
100
1414
1414
1414
1414
1414
187
1414
1414
1414
1414
1414
54
54
1414
1414
54
100
100
1414
1414
1414
54
1414
54
1414
1414
54
1414
1414
54
1414
1414
54
1414
1414
54
1414
1414
54
1414
1414
54
1414
1414
54
1414
1414
54
1414
1414
54
1414
1414
54
1414
1414
54
1414
1414
54
1414
1414
54
1414
1414
54
1414
1414
54
1414
1414
1414
1414
1414
54
1414
1414
1414
1414
1414
54
1414
1414
54
1414
1414
54
1414
1414
54
1414
1414
1414
54
1414
1414
54
1414
1414
1414
1414
1414
1414
1414
1414
1414
1414
1414
1414
1414
1414
1414
1414
1414
1414
54
1414
1414
54
1414
1414
1414
54
1414
1414
1414
54
1414
1414
1414
54
1414
1414
54
1414
1414
1414
54
1414
1414
1414
1414
54
1414
54
1414
1414
54
1414
1414
1414
1414
1414
54
1414
1414
54
1414
54
133
1414
1414
54
135
1414
1414
1414
1414
1414
1414
1414
54
134
1414
1414
1414
1414
54
54
135
1414
1414
1414
1414
1414
1414
1414
54
1414
1414
1414
1414
1414
1414
54
1414
1414
54
1414
54
135
1414
1414
54
1414
54
66
1414
1414
54
134
1414
1414
54
1414
1414
1414
1414
1414
1414
1414
54
1414
54
1414
1414
1414
54
1414
1414
1414
1414
54
54
1414
1414
54
1414
1414
1414
54
1414
54
1414
54
1414
1414
54
1414
1414
54
1414
1414
54
1414
1414
1414
54
1414
54
54
1414
54
1414
1414
96
96
96
96
96
96
1414
1414
1414
1414
1414
1414
1414
1414
1414
1414
1414
1414
1414
1414
1414
1414
1414
1414
1414
1414
1414
1414
1414
1414
1414
1414
1414
332
1414
54
54
54
54
527
524
54
54
1414
742
54
605
168
1414
742
1414
54
100
1414
1414
1414
145
54
100
168
1414
54
104
1414
54
742
1414
1414
1414
54
1414
934
54
100
1414
218
1414
742
54
1414
742
1414
1414
96
169
1414
742
54
54
100
1414
1414
54
1414
70
1414
1010
54
54
54
54
54
54
54
1414
1414
1414
1414
54
54
54
1414
66
997
1414
1414
1414
1414
1414
1414
1414
1414
1414
1414
1414
1414
1414
1414
1414
119
54
54
54
54
54
54
54
54
54
54
54
54
54
54
54
66
