frame.len
91
54
54
91
54
91
54
66
66
66
54
266
54
1414
742
1414
54
742
54
359
345
54
107
104
96
331
54
54
54
54
446
92
92
579
54
1414
742
1082
54
66
66
66
66
66
66
66
66
54
66
54
264
264
54
54
66
54
262
66
54
66
66
262
54
54
262
262
66
54
262
1414
742
1414
54
742
356
54
1414
742
54
1414
742
356
54
180
1414
742
54
1414
742
54
1414
742
54
180
1414
1414
1414
70
54
54
1414
893
54
54
107
104
96
332
162
66
54
54
54
54
54
54
1414
1414
54
1414
70
359
54
345
54
1414
1414
1414
70
360
54
54
54
1414
1414
54
1414
70
359
54
54
1414
1414
1414
70
359
54
345
1414
345
1414
1414
70
361
54
1414
78
54
1414
742
54
1414
742
1414
742
1414
742
54
1414
742
54
1414
1414
1414
734
300
152
54
54
345
1414
78
54
1414
742
1414
1414
1414
702
54
1414
232
54
92
283
54
345
1414
742
1414
742
54
1414
1414
54
1414
70
54
66
54
107
104
1414
96
100
1414
54
92
262
311
146
145
1414
1414
162
54
144
156
1414
100
1414
1414
54
1414
1414
54
1414
1414
54
1414
136
141
1414
54
1414
118
54
54
1414
1405
54
100
300
152
54
54
332
110
96
54
92
332
110
96
54
332
110
96
54
54
332
110
96
54
332
110
96
54
54
92
54
370
54
1390
1390
54
1390
1390
1390
54
1390
1390
54
1390
1390
54
1390
1390
54
54
1414
54
1414
1414
70
361
54
54
345
54
1414
1414
54
1414
334
54
1414
1414
1134
54
1414
1414
214
54
1414
1366
54
1414
1302
54
332
110
96
54
1414
1414
118
54
1414
54
100
1414
1414
54
1350
1414
54
1414
278
54
1414
1414
54
1414
1190
54
1414
1414
54
1414
1414
54
1414
1414
54
1414
1414
54
1414
1414
54
1414
1414
54
1414
1414
54
1414
1414
54
1414
1414
54
1414
1414
54
1414
1414
54
1414
100
1414
100
1414
1414
54
54
1414
1414
1414
54
1414
1414
1414
1414
54
1414
54
1414
1414
54
1414
1414
54
1414
1414
54
1414
1414
54
1414
1414
54
1414
1414
54
1414
1414
1414
1414
54
100
1414
1414
54
1414
1414
54
1414
1414
1414
54
1414
1414
1414
1414
1414
1414
1414
1414
1414
1414
54
1414
1414
1414
1414
1414
54
1414
1414
1414
1414
54
1414
1414
54
1414
1414
54
1414
1414
54
1414
1414
54
1414
1414
54
1414
1414
54
1414
1414
1414
54
1414
54
1414
1414
54
1414
1414
54
1414
1414
1414
1414
54
1414
1414
54
1414
1414
54
1414
1414
54
1414
1414
54
1414
1414
54
1414
1414
54
1414
1414
1414
54
1414
1414
54
1414
1414
54
1414
1414
54
1414
1414
54
1414
1414
54
1414
1414
54
1414
1414
54
1414
1414
54
1414
1366
1414
1414
54
1414
1414
1414
54
1414
1414
1414
54
1414
1414
54
1414
1414
54
1414
1414
54
1414
1414
54
1414
1414
54
1414
102
54
1414
54
1414
1414
54
1414
1414
54
1414
1414
54
1414
1414
54
1414
1414
54
1414
1414
1414
54
1414
1414
54
1414
1414
1414
1414
1414
1414
1414
1414
54
1414
1414
1414
54
1414
1414
1414
54
100
1414
1414
1414
1414
54
1414
1414
54
1414
1414
1414
54
1414
1414
1414
54
1414
1414
54
1414
1414
1414
54
1414
1414
1414
1414
1414
1414
1414
1414
54
1414
54
100
1414
1414
1414
1414
54
1414
1414
54
1414
1414
54
1414
1414
1414
1414
1414
1414
1414
1414
1414
54
1414
1414
1414
1414
1414
54
1414
1414
1414
54
1414
54
1414
1414
1414
1414
54
1414
1414
1414
1414
54
1414
1414
54
1414
1414
1414
1414
1414
1414
54
1414
1414
1414
54
1414
1414
54
1414
1414
54
1414
1414
54
1414
1414
54
1414
1414
54
1414
1414
54
1414
1414
54
1414
1414
1414
54
1414
1414
1414
54
1414
1414
1414
54
1414
1414
1414
54
1414
1414
54
1414
1414
1414
54
1414
1414
1414
54
1414
1414
54
1414
1414
1414
54
1414
1414
54
1414
1414
54
1414
1414
1414
54
1414
1414
1414
54
1414
1414
54
1414
1414
54
1414
1414
1414
1414
1414
54
1414
1414
1414
66
1414
1414
66
66
1414
66
1414
1414
1122
66
66
66
54
1414
54
100
100
66
66
54
275
54
54
66
66
190
66
54
285
66
54
285
187
1414
742
1414
54
1048
54
54
54
1414
1414
938
1414
54
1414
938
54
345
345
345
107
104
96
328
54
364
364
54
54
54
54
467
464
560
270
195
1390
54
1390
1390
1390
1390
54
1390
1390
54
1390
1390
54
1390
1390
54
1390
1414
54
1366
1414
54
1414
1414
54
1318
1414
54
1414
1414
1414
1414
1414
54
1414
1414
1414
1414
54
1414
1414
1414
1414
1414
54
1414
1414
1112
133
54
525
100
54
100
100
348
152
54
92
54
54
92
1346
1348
1414
1414
54
1414
1414
54
1414
1414
54
1414
1414
54
1414
1414
1414
710
340
54
54
100
100
1414
1414
54
822
1414
1414
54
1414
646
54
1414
54
1414
822
1414
1414
1414
646
54
1414
1414
118
54
1414
54
1414
822
1414
582
1414
1414
1414
1414
54
1414
1414
1414
1414
1414
1414
54
1414
1414
1414
1414
54
1414
1414
1414
1414
54
1414
379
54
54
1414
1414
54
1414
1414
1414
1414
1414
54
1414
1414
54
243
1414
1414
54
966
54
1414
1414
54
566
1414
54
1414
1414
54
902
54
1414
54
1414
1414
54
1414
54
1414
54
1414
1414
54
1414
1414
630
1414
54
1414
838
1414
54
1414
1414
54
1414
54
1414
1414
54
1414
1414
54
1414
1414
54
1414
1414
54
1414
1414
54
1414
1414
1414
1414
1414
1414
1414
1414
1414
1414
1414
54
1414
1414
1414
1414
1414
1414
1414
1414
54
1414
1414
1414
1414
1414
1414
1414
54
1414
1414
54
1414
1414
54
1270
1414
1414
1414
134
118
54
1414
1414
54
1414
1414
1414
54
1414
1414
54
1414
54
1414
1414
54
1414
1414
54
1414
1414
54
1414
1414
1414
1414
54
1414
1414
1414
54
1414
1414
54
1414
54
1414
1414
1414
54
1414
1414
54
1414
1414
54
1414
1414
54
1414
1414
54
1414
1414
250
54
66
149
1414
405
54
100
54
66
54
264
54
1414
1414
1414
70
360
54
345
107
104
96
788
332
110
96
54
92
54
92
54
343
92
100
54
100
138
187
1390
54
1027
100
54
100
54
137
54
185
1390
295
100
54
100
136
54
133
844
100
54
100
137
54
133
1229
100
54
100
134
54
147
1390
54
1390
1390
54
1390
1390
54
1390
1390
1390
1414
54
1366
1390
54
1390
1414
54
1366
1414
54
1414
1414
1318
1414
1414
1414
54
1414
1414
1414
54
1091
54
100
150
54
143
54
228
1390
54
1390
1390
1390
1390
54
66
66
1390
1390
1390
54
1390
54
1390
1390
1390
54
1414
1366
1414
1414
1414
1318
1414
1414
1414
1414
54
1414
1414
1414
54
1414
1414
54
1414
1414
54
1414
1414
1414
54
1414
1414
1414
54
1414
1414
1414
54
1414
1414
1414
1414
1414
1414
1414
1414
1414
54
1414
1414
1414
1414
1414
1414
54
1414
1414
1414
54
1414
1414
54
100
1414
66
1414
1414
1414
1414
1414
66
66
66
74
74
1414
1414
1414
74
74
82
1414
1414
1414
82
82
82
1414
1414
90
90
1414
1414
90
90
1414
1414
90
90
1414
1414
90
90
1414
1414
90
90
1414
1414
90
90
1414
1414
90
90
1414
1414
90
90
1414
1414
1414
90
90
90
1414
1414
90
90
1414
1414
1414
1414
1414
1414
1414
1414
1414
1414
90
90
90
90
90
90
90
90
90
90
1414
90
1414
1414
1414
1414
1414
90
90
90
90
90
142
66
54
275
66
54
280
1414
90
1414
90
1414
90
1414
90
1414
90
1414
90
1414
90
1414
1414
90
90
1414
1414
1414
1414
90
90
90
90
1414
1414
90
90
1414
1414
90
90
1414
90
1414
1414
90
90
1414
1414
1414
90
90
90
1414
90
1414
90
1414
90
1414
90
1414
90
1414
1414
1414
1414
1414
1414
1414
1414
1414
1414
90
90
90
90
90
90
90
90
90
90
1414
1414
1414
1414
1414
1414
1414
1414
1414
1414
90
90
90
90
90
90
82
74
74
66
1414
1414
54
66
54
54
1414
1414
54
1414
70
293
54
345
1414
1414
1414
70
163
54
1414
66
592
66
1414
66
1414
66
663
54
345
100
100
107
104
96
364
107
104
96
1282
348
110
96
54
92
348
110
96
54
54
92
54
92
142
148
66
54
66
54
92
54
266
403
92
100
54
100
54
66
66
66
66
54
54
54
120
1390
1390
54
1390
1390
1414
1366
1414
1414
1414
1318
1414
1414
54
1414
1414
1414
1414
1414
1414
1414
1414
967
635
54
1390
1390
1298
100
54
1414
742
1414
742
359
54
54
66
66
66
66
359
66
54
54
54
54
100
100
100
262
262
262
262
345
107
104
96
386
54
66
459
176
54
54
54
54
130
132
154
66
54
54
54
1414
1414
1414
70
360
54
348
152
54
54
54
1414
1414
1414
70
359
54
1414
1414
1414
70
361
54
345
345
345
92
107
104
96
315
137
137
133
54
1414
1414
1414
70
360
92
293
1414
742
1414
54
54
742
1414
1414
105
92
100
333
92
100
66
54
54
54
54
1414
345
100
100
278
1414
54
1414
1414
66
54
54
265
54
1414
1414
1414
54
1414
1414
54
1414
54
1414
1414
54
54
1414
1414
118
54
1414
54
1414
1414
1350
1414
1414
1414
118
54
1414
1414
1350
634
54
100
249
54
160
1390
1390
129
54
100
100
54
243
1390
54
1390
1390
1390
1390
54
1390
1390
1390
54
332
110
96
332
110
96
54
92
182
1414
54
54
54
200
54
100
92
1414
1414
304
54
54
54
54
332
110
96
54
1414
1414
54
1414
70
163
291
54
1390
1390
854
54
100
191
54
1390
1390
54
345
100
1390
438
100
182
54
100
1390
1390
54
1334
100
183
1390
1414
742
54
54
100
1414
641
1390
174
54
54
345
100
66
145
332
110
96
54
54
107
104
96
444
1192
54
54
107
104
96
406
160
1414
742
774
819
54
100
54
54
54
54
1414
1122
54
1414
1414
1414
1318
442
54
1414
54
1414
1414
1082
54
54
1414
1414
386
54
348
110
96
54
92
54
54
66
54
571
348
110
96
54
92
54
54
92
54
54
456
54
1390
1390
54
1389
100
54
100
92
54
1414
1186
54
1414
1414
54
1414
1414
295
54
54
1414
78
1414
54
742
1414
1414
366
54
282
54
100
1414
1414
54
1414
1146
54
1414
1414
322
54
156
54
208
270
54
54
1414
1250
54
1414
1414
54
1414
1414
54
218
1414
54
1414
1414
1414
54
1414
54
1414
1414
54
1414
1414
54
1414
1414
1414
110
96
54
54
1414
1414
1414
1414
54
1414
1414
1414
1414
54
1414
1414
54
209
1414
78
54
1414
742
54
1414
1414
822
1414
1414
1414
1414
1414
70
1414
54
54
1414
1414
1187
1414
1414
54
54
100
1414
1414
1414
1414
54
1414
1414
54
1414
1414
233
54
1414
1414
1414
1414
1235
54
1414
1414
1414
54
1414
1414
54
1414
1414
54
297
1414
54
1414
1414
1414
1171
1414
1414
1414
118
1414
1414
54
1350
1414
54
1414
361
54
1414
54
1414
1414
1414
1414
1414
1107
1414
54
54
1414
1414
54
1414
1414
54
1414
1414
54
1414
425
54
1414
1414
54
1414
1414
406
1390
1414
1366
381
100
1414
1414
54
54
100
1414
1414
1414
1043
1414
1414
1414
1414
54
54
1414
1414
1414
118
54
1414
1244
54
100
1414
1414
54
1414
1414
54
1414
1414
54
1414
1414
54
1414
1414
1414
1414
54
1414
1414
54
1414
1414
54
1414
1414
54
1414
1414
1414
54
1414
1414
1414
54
1414
1414
1414
1414
1414
1414
1414
54
1414
1414
54
1414
1414
1414
54
1414
1414
54
1414
1414
54
1414
1414
54
54
1414
1414
54
1414
1414
619
54
100
398
54
54
54
54
1233
165
100
54
100
54
66
265
357
144
135
54
54
122
54
66
54
265
54
183
1390
54
1390
1390
54
1390
1390
54
1390
1390
1390
1390
1390
1390
1390
54
179
1390
54
54
1390
1390
54
1390
1390
54
1390
1390
54
1390
1390
54
1390
1390
1390
1414
1366
1414
1414
54
1414
334
54
100
1414
382
1414
1366
54
1414
100
1414
1134
1414
1414
1414
1414
1414
54
1414
1414
1414
1414
1414
1414
54
1414
54
1414
1414
54
54
1414
60
1414
1414
220
54
54
180
100
107
104
96
453
177
539
100
54
100
54
1414
426
54
100
54
54
300
110
96
54
92
54
92
54
151
1414
54
742
1414
742
1414
54
1414
1414
70
1414
54
1414
1414
1414
1414
1414
1414
159
1414
1414
54
1414
70
1414
1414
1414
54
1414
1414
1414
54
1414
54
1414
1414
1414
54
54
1414
1414
1414
1414
1414
1414
54
1414
876
54
100
54
54
214
1414
1414
224
1414
1017
599
54
54
54
54
54
54
550
412
100
54
100
66
66
66
66
54
285
66
54
285
292
437
54
54
1414
1414
938
1414
1414
938
54
54
345
345
364
364
1351
1353
1414
1414
1414
1414
1414
1414
1414
1414
1414
1414
54
1414
1414
1414
1414
54
1414
1414
54
1414
1414
54
1414
1414
128
138
66
54
54
54
100
264
1414
1414
1414
1414
1414
1414
54
54
1414
1414
1414
54
1414
1414
1414
1414
1414
1414
1414
1414
1414
1414
54
54
1414
118
1414
1414
54
947
1414
1350
1414
1414
54
54
100
1414
1414
1414
1414
118
54
54
54
171
134
54
100
100
1414
1414
54
1414
1414
1414
1414
54
1414
1414
54
1414
1414
54
1414
1350
1414
1414
1414
1414
1414
54
1414
1414
54
1414
1414
54
1414
1414
1414
54
54
1414
1414
1414
54
1414
1414
54
1414
1414
54
1414
1414
54
1414
54
1414
1414
1414
1414
1414
1414
1414
1414
54
54
1414
1414
1414
1414
1414
1414
1414
1414
1036
1414
54
54
1414
1414
1414
1414
1414
1414
1414
66
74
74
74
74
74
74
1414
1414
74
74
1414
1414
1414
74
74
74
1414
74
1414
1414
74
74
1414
1414
74
74
1414
1414
74
74
1414
1414
1222
1414
74
74
74
74
1414
1414
246
74
74
74
1414
1414
74
74
1414
1414
82
82
1414
1414
82
82
1414
1414
82
82
1414
1414
82
82
1414
1414
1414
1414
82
82
82
82
1414
1414
1414
1414
1414
82
82
82
82
82
1414
1414
1414
82
82
82
1414
1414
1414
1414
1414
1382
1414
82
82
82
82
82
82
82
1414
1414
74
74
1414
1414
54
66
54
1414
1414
54
1414
70
294
54
1414
54
86
1414
1414
1414
1414
1414
54
1414
1414
54
1414
1414
1414
1414
1414
1414
54
1414
1414
1414
1414
1414
54
1414
1414
1414
1414
1318
1414
150
54
1414
1414
54
1414
1414
54
345
1414
1414
54
1414
1414
1414
1414
1414
1414
1414
54
1414
1414
1414
1414
1414
1414
162
430
100
1414
54
54
100
1414
1414
1414
1414
1414
54
1414
1414
1414
1414
1414
1414
54
1414
1414
1414
1414
54
1414
1414
54
1414
1414
1414
1414
1414
1414
1414
54
1414
1414
1414
1414
1414
1414
54
1414
1414
1414
1414
54
1414
1414
1414
1414
1414
54
1414
1414
54
107
104
96
346
1414
1414
1414
54
1414
1414
1414
1414
1414
1414
1414
1414
54
1414
1414
1414
1414
54
1414
1414
54
1414
1414
54
1414
1414
54
1414
1414
54
1414
1414
54
1414
1414
54
1414
1414
1414
1414
54
1414
1414
1414
1414
1414
1414
54
54
54
1414
1414
1414
1414
1414
54
1414
1414
1414
1414
1414
1414
54
1414
1414
1414
1414
1414
1414
54
1414
1414
54
1414
54
1414
1414
54
1414
1414
54
1414
1414
1414
1414
1414
54
1414
1414
1414
54
1414
1414
54
1414
1414
54
1414
1414
54
1414
1414
1414
1414
54
1414
1414
1414
54
1414
1414
1414
1414
54
1414
1414
1414
54
1414
1414
1414
1414
54
1414
1414
54
1414
1414
1414
54
1414
219
54
332
110
96
54
92
1358
54
92
54
340
54
1390
885
100
54
100
1414
1414
1414
1414
1414
54
1414
1414
1414
1414
54
1414
54
1414
1414
1414
1414
1414
1414
1414
1414
54
1414
1414
1414
1414
1414
1414
54
1414
1414
1414
1414
54
1414
1414
1414
1414
1414
1414
1414
54
1414
1414
1414
54
1414
1414
54
1414
1414
1414
1414
1414
1414
1414
1414
1414
54
1414
1414
1414
1414
1414
1414
1414
1414
54
1414
1414
1414
1414
1414
54
1414
1414
1414
1414
1414
54
1414
1414
54
1414
1414
1414
1414
1414
1414
1414
54
1414
1414
1414
1414
1414
1414
1414
54
1414
54
1414
1414
1414
1414
1414
54
1414
1414
1414
1414
1414
1414
54
1414
1414
1414
1414
1414
54
1414
1414
1414
1414
1414
54
1414
54
1414
1414
1414
1414
1414
54
1414
1414
1414
1414
1414
54
1414
1414
1414
1414
1414
1414
1414
54
1414
1414
1414
1414
1414
54
1414
1414
54
1414
1414
1414
1414
1414
1414
1414
1414
54
1414
1414
1414
1414
54
1414
1414
1414
54
1414
1414
1414
1414
54
1414
1414
1414
54
1414
1414
1414
54
1414
54
1414
1414
54
1414
1414
1414
1414
1414
1414
1414
1414
54
1414
1414
1414
54
1414
1414
1414
54
1414
1414
54
1414
1414
1414
1414
1414
1414
1414
54
1414
1414
54
1414
1414
1414
54
1414
1414
1414
1414
54
1414
1414
1414
1414
1414
1414
1414
54
1414
1414
54
1414
1414
1414
1414
54
1414
1414
1414
54
1414
1414
1414
1414
1414
1414
54
1414
1414
1414
1414
54
1414
1414
1414
1414
54
1414
1414
1414
1414
1414
1414
1414
54
1414
1414
1414
54
1414
1414
1414
1414
54
1414
1414
1414
1414
54
1414
1414
1414
54
1414
1414
1414
1414
1414
1414
1414
1414
1414
1414
54
1414
1414
1414
1414
1414
54
1414
1414
1414
1414
1414
1414
1414
1414
1414
54
1414
1414
1414
1414
1414
54
1414
1414
1414
1414
1414
1414
1414
54
1414
1414
54
1414
54
1414
1414
1414
1414
1414
1414
1414
1414
54
1414
1414
1414
1414
1414
1414
54
1414
1414
220
54
66
535
439
215
189
648
355
66
361
54
264
54
54
54
54
54
1359
634
1414
249
1414
1414
54
1414
1414
1414
54
1414
1414
1414
54
1414
1414
1414
54
1414
1414
54
1414
1414
1414
1414
1414
1414
1414
1414
54
1414
1414
1414
1414
1414
1414
54
1414
1414
1414
1414
54
1414
54
1414
1414
1414
1414
54
1414
54
1414
1414
1414
1414
1414
1414
1414
1414
54
1414
1414
1036
54
54
54
54
292
138
148
54
100
438
100
104
92
100
54
54
100
100
216
138
54
100
1414
742
1414
54
742
361
105
134
100
54
105
54
54
134
100
54
54
345
100
100
54
423
140
100
54
147
92
100
112
54
54
138
54
100
100
100
107
104
96
1000
54
582
273
1362
190
54
54
54
54
182
1390
132
1414
1414
1414
1414
54
54
100
1414
1414
1414
54
1414
1414
1414
1414
1414
1414
54
1414
1414
1414
54
1414
1414
1414
1414
1414
1414
54
1414
1414
1414
54
1414
1414
54
1414
1414
1414
54
1414
1414
1414
54
1414
1414
1414
1414
54
1414
1414
1414
1414
54
1414
1414
54
1414
1414
54
1414
1414
54
1414
1414
54
1414
1414
1414
54
1414
1414
1414
1414
1414
1414
1414
54
1414
1414
1414
1414
1414
1414
1414
54
1414
1414
54
1414
1414
1414
54
1414
332
152
1414
1414
1414
54
54
92
1414
1414
1414
1414
1414
54
1414
1414
1414
1414
54
1414
1414
1414
1414
1414
1414
54
1414
1414
1414
1414
54
1414
1414
1414
54
1414
54
1414
1414
54
1414
1414
54
1414
1414
1414
1414
54
1414
1414
1414
1414
1414
54
1414
1414
1414
1414
54
1414
1414
54
1414
1414
1414
54
66
66
54
1414
1414
1414
1414
1414
54
1414
1414
1414
1414
1414
54
1414
1414
1414
1414
54
1414
54
1414
1414
54
1414
1414
1414
1414
54
1414
1414
54
1414
1414
54
1414
1414
54
54
1414
1414
1414
54
1414
92
1414
54
1414
1414
54
1414
54
1414
54
1414
1414
54
1414
186
1390
54
1390
1390
54
1414
1390
1414
54
54
1366
1414
1414
1414
1318
1414
1414
54
54
1414
1414
105
134
100
1414
1414
1414
1414
1414
54
54
54
100
1414
1414
1414
1414
1414
1414
1414
54
54
1414
1414
1414
1414
66
1414
1414
54
1414
1414
54
1414
1414
1414
66
66
1414
1414
1414
1414
1414
1414
66
74
74
82
82
82
1414
1414
1414
1414
1414
1414
82
90
90
90
90
90
1414
1414
134
100
215
138
1414
1414
90
90
66
66
90
90
54
1414
1414
1414
90
90
90
100
1414
1414
1414
1414
102
138
1414
1414
90
90
90
90
90
90
54
100
1414
1414
1414
1414
1414
1414
90
90
90
90
90
90
1414
1414
1414
1414
54
1414
1414
1414
1414
90
90
90
90
90
90
90
90
1414
1414
1414
1414
1414
138
90
90
90
90
90
66
1414
1414
1414
1414
1414
1414
90
90
90
90
82
82
1414
1414
1414
1414
82
74
66
66
1414
66
1414
1414
1414
1414
54
66
54
54
1414
1414
1414
54
1414
54
1414
54
1414
1414
54
1414
1414
54
1414
1414
54
1414
1414
54
1414
1414
54
1414
1414
54
1414
1414
1414
54
1414
1414
1414
54
1414
1414
1414
1414
54
1414
1414
1414
1414
1414
1414
54
1414
1414
1414
1414
1414
1414
54
1414
1414
54
1414
54
1414
66
1414
54
54
267
1414
1414
54
1414
1414
54
1414
66
1414
1414
54
54
267
1414
1414
54
1414
1414
1414
54
1414
1414
54
1414
1414
54
1414
1414
1414
1414
54
1414
1414
1414
1414
54
1414
1414
1414
1414
1414
1414
54
1414
1414
1414
1414
1414
1414
54
1414
1414
54
1414
1414
54
1414
1414
1414
54
1414
1414
54
1414
1414
54
1414
1414
54
1414
1414
54
1414
54
1414
1414
54
1414
1414
54
1414
54
1414
1414
1414
54
1414
1414
54
1414
1414
54
1414
1414
1414
1414
1414
1414
54
1414
1414
1414
1414
54
1414
1414
54
1414
1414
1414
1414
1414
1414
1414
54
1414
1414
1414
1414
54
1414
1414
1414
1414
54
1414
1414
1414
1414
54
1414
1414
1414
1414
54
1414
1414
54
1414
1414
1414
1414
1414
1414
1414
54
1414
1414
1414
1414
54
1414
1414
1414
54
1414
1414
1414
1414
54
1414
1414
54
1414
1414
54
1414
54
1414
1414
105
54
54
100
1414
1414
1414
1414
54
1414
1414
54
1414
1414
1414
1414
1414
1414
1414
1414
54
1414
1414
1414
1414
54
1414
1414
1414
1414
1414
54
1414
1414
1414
1414
54
1414
1414
54
1414
1414
1414
1414
54
1414
1414
54
1414
1414
1414
1414
1414
1414
1414
54
1414
1414
1414
1414
54
1414
1414
1414
1414
1414
1414
54
1414
1414
1414
1414
1414
54
1414
1414
1414
54
1414
1414
1414
54
1414
1414
54
1414
1414
54
1414
1414
54
54
1414
70
1414
1414
54
1414
1414
1169
1414
1414
54
54
1414
1414
401
1414
1414
1414
1414
54
54
1414
1414
1414
1414
1414
1414
1414
54
1414
1414
54
1414
1414
1414
1414
70
1414
54
345
1414
1414
1414
1169
1414
1414
54
54
1414
1414
1414
1414
1414
401
54
54
1414
1414
1414
54
1414
1414
1414
1414
1414
1414
1414
54
1414
1414
1414
1414
1414
54
345
1414
1414
54
1414
1414
1414
1414
1414
54
1414
1414
1414
1414
54
1414
1414
1414
1414
1414
1414
54
1414
1414
1414
1414
1414
1414
1414
54
1414
54
1414
1414
54
1414
1414
54
1414
1414
1414
1414
1414
1414
1414
1414
1414
1414
54
1414
1414
1414
1414
54
1414
1414
1414
1414
1414
1414
1414
1414
1414
1414
54
1414
1414
1414
1414
54
1414
1414
1414
1414
54
107
104
96
368
385
1414
1414
1414
1414
54
1414
1414
1414
54
1414
1414
1414
1414
1414
1414
1414
54
1414
1414
54
1414
1414
54
1414
1414
54
1414
1414
1414
54
1414
1414
1414
54
1414
1414
1414
54
1414
1414
1414
1414
1414
1414
1414
1414
54
1414
1414
1414
1414
54
1414
1414
1414
54
1414
1414
54
1414
1414
1414
54
1414
54
1414
1414
881
54
54
1360
348
110
96
54
92
348
110
96
54
54
92
54
349
92
100
54
100
102
92
100
54
100
54
1414
54
1414
1414
54
1414
1414
54
1414
1414
54
1414
1414
1414
1414
1414
54
1414
1414
1414
54
1414
1414
1414
54
1414
1414
54
1414
54
1414
1414
1414
1414
54
1414
1414
54
1363
1414
1414
1414
1414
1414
1414
54
1414
1414
1414
1414
54
1414
1414
1414
1414
1414
54
1414
1414
54
54
1414
54
1414
1414
1414
1414
1414
1414
1414
1414
1414
1414
54
1414
1414
1414
1414
1414
1414
54
1414
1414
54
1414
1414
1414
1414
1414
1414
54
1414
1414
1414
54
1414
1414
1414
1414
1414
54
1414
1414
54
1414
1414
1414
54
1414
1414
1414
54
1414
1414
1414
1414
1414
1414
1414
1414
1414
54
1414
1414
1414
1414
54
54
1414
1414
54
1414
1414
54
1414
1414
54
1414
1414
54
1414
1414
54
1414
1414
1414
54
54
1414
1414
1414
54
1414
1414
54
1414
1414
1414
1414
1414
1414
1414
1414
1414
66
74
82
82
82
82
90
54
1414
1414
1414
1414
66
66
66
74
1414
1414
1414
90
90
90
1414
1414
90
90
1414
1414
90
90
1414
1414
1414
1414
90
90
90
90
1414
1414
1414
90
90
90
1414
1414
1414
1414
90
90
90
90
1414
1414
1414
1414
1414
1414
1414
90
90
90
90
90
90
90
1414
1414
1414
1414
1414
90
90
90
90
90
1414
1414
1414
1414
90
90
90
90
1414
1414
1414
90
90
90
1414
1414
1414
1414
90
90
90
90
1414
1414
1414
90
90
90
1414
1414
90
90
1414
1414
1414
90
90
90
1414
1414
90
90
1414
1414
90
1414
1414
90
90
1414
90
1414
1414
90
90
1414
1414
90
66
1414
1414
54
90
1414
1414
90
90
1414
1414
90
90
1414
1414
90
90
1414
1414
90
90
1414
1414
90
90
1414
1414
1414
90
90
90
1414
1414
90
90
1414
1414
90
90
1414
1414
90
90
1414
1414
90
90
1414
1414
90
90
1414
1414
1414
1414
90
90
90
90
1414
1414
1206
90
90
54
100
1414
1414
90
90
1414
1414
1414
796
1414
82
74
66
54
54
1414
1414
54
1414
1414
54
1414
1414
54
1414
1414
1414
1414
1414
1414
1414
1414
1414
54
1414
1414
1414
1414
1414
1414
1414
1414
1414
54
1414
1414
1414
1414
1414
1414
1414
54
1414
1414
54
1414
1414
54
1414
1414
54
1414
1414
54
1414
1414
54
1414
54
1414
1414
54
1414
1414
54
1414
1414
54
1414
1414
54
1414
1414
54
1414
1414
54
1414
1414
54
1414
1414
1414
54
1414
54
1414
1414
1414
54
1414
1414
1414
54
1414
1414
54
1414
1414
54
1414
1414
54
1414
1414
54
1414
1414
54
1414
1414
54
1414
1414
54
1414
1414
54
1414
1414
54
1414
1414
1414
1414
1414
1414
1414
1414
1414
1414
54
1414
1414
1414
54
1414
1414
1414
1414
1414
1414
54
1414
1414
1414
1414
54
1414
1414
1414
54
1414
1414
54
1414
1414
54
1414
1414
1414
1414
1414
1414
1414
54
1414
54
1414
1414
1414
1414
1414
1414
1414
1414
54
1414
1414
1414
1414
1414
54
1414
1414
1414
54
1414
1414
54
1414
1414
54
1414
1414
54
1414
1414
54
1414
1414
1414
1414
1414
1414
1414
1414
1414
1414
54
1414
1414
1414
1414
1414
1414
54
1414
1414
1414
54
1414
1414
54
1414
1414
54
1414
1414
54
1414
1414
54
1414
1414
1414
54
1414
1414
1414
1414
1414
1414
54
1414
1414
1414
1414
54
1414
1414
54
1414
1414
54
1414
1414
54
1414
1414
54
1414
1414
1414
54
1414
1414
1414
54
1414
1414
1414
54
1414
1414
54
1414
54
1414
1414
54
1414
1414
1414
54
1414
1414
1414
54
1414
1414
1414
1414
54
1414
1414
1414
54
1414
1414
54
1414
1414
54
1414
1414
54
1414
1414
54
1414
1414
54
1414
1414
54
1414
1414
54
1414
54
1414
1414
54
1414
1414
54
1414
1414
54
1414
1414
54
1414
1414
54
1414
1414
54
1414
1414
54
1414
1414
54
1414
1414
1414
1414
1414
54
1414
1414
1414
54
1414
1414
54
1414
54
1414
1414
1414
54
1414
1414
1414
54
1414
1414
54
1414
1414
1414
1414
1414
1414
54
1414
1414
1414
54
1414
1414
54
1414
1414
1414
54
1414
1414
54
1414
1414
54
1414
1414
54
1414
54
1414
1414
1414
54
1414
1414
1414
54
1414
1414
1414
54
1414
1414
54
1414
1414
54
1414
1414
54
1414
1414
54
1414
1414
54
1414
1414
54
1414
1414
54
1414
1414
1414
54
1414
1414
54
1414
1414
54
1414
1414
54
1414
1414
1414
54
1414
1414
54
1414
1414
1414
1414
1414
1414
1414
1414
1414
1414
54
1414
1414
1414
54
1414
1414
1414
1414
1414
1414
54
1414
1414
1414
1414
1414
1414
1414
54
1414
1414
1414
54
1414
1414
1414
54
1414
1414
1414
1414
1414
1414
1414
54
1414
1414
1414
1414
1414
54
1414
1414
1414
1414
1414
1414
1414
1414
54
1414
1414
1414
1414
54
1414
1414
54
1414
1414
54
1414
1414
1414
1414
1414
1414
54
1414
1414
1414
1414
54
1414
1414
54
1414
1414
1414
54
1414
1414
54
1414
1414
54
1414
1414
54
1414
1414
1414
54
1414
1414
54
1414
1414
54
1414
1414
54
1414
54
1414
1414
54
1414
1414
1414
1414
1414
1414
1414
1414
54
1414
1414
54
1414
1414
1414
1414
54
1414
1414
1414
54
1414
1414
54
1414
1414
54
1414
1414
54
1414
1414
54
1414
1414
54
1414
1414
1414
1414
54
1414
1414
1414
54
1414
1414
54
1414
1414
1414
1414
54
1414
1414
54
1414
1414
1414
54
1414
1414
1414
54
1414
1414
54
1414
1414
54
1414
1414
54
1414
1414
1414
54
1414
1414
1414
54
1414
1414
54
1414
1414
54
1414
1414
54
1414
1414
54
1414
1414
54
1414
1414
54
1414
1414
1414
1414
54
1414
1414
1414
54
1414
1414
54
1414
1414
54
1414
1414
54
1414
1414
54
1414
1414
54
1414
1414
54
1414
1414
54
1414
54
1414
1414
1414
54
1414
1414
54
1414
1414
54
1414
1414
1414
1414
1414
1414
54
1414
1414
1414
54
1414
1414
54
1414
1414
54
1414
1414
1414
66
1414
1414
1414
1414
66
66
66
66
1414
1414
66
66
1414
66
1414
66
1414
1414
1414
1414
66
66
66
66
1414
1414
66
66
1414
1414
66
66
1414
1414
1414
1414
66
66
66
66
1414
1414
1414
1414
1414
66
66
66
66
66
1414
1414
1414
66
66
66
1414
1414
1414
66
66
66
1414
1414
66
66
1414
1414
66
66
1414
1414
66
66
1414
1414
1414
1414
1414
1414
1414
1414
1414
66
66
66
66
66
66
66
66
66
1414
1414
1414
1414
1414
66
66
66
66
66
1414
1414
1414
66
66
66
1414
1414
66
66
1414
1414
66
66
1414
1414
54
1414
1414
54
1414
1414
54
1414
1414
54
1414
1414
54
1414
1414
1414
1414
54
1414
1414
1414
1414
1414
1414
54
1414
1414
1414
1414
1414
1414
1414
54
1414
1414
1414
1414
54
1414
1414
54
1414
1414
54
1414
1414
1414
54
1414
54
1414
1414
1414
1414
1414
1414
54
1414
1414
1414
1414
54
1414
1414
54
1414
1414
54
1414
1414
54
1414
1414
1414
54
1414
54
1414
1414
54
1414
1414
1414
1414
1414
1414
54
1414
1414
1414
54
1414
1414
1414
54
1414
1414
54
1414
1414
54
1414
1414
1414
54
1414
54
1414
1414
1414
1414
1414
54
1414
1414
1414
54
1414
1414
1414
54
1414
1414
54
1414
1414
54
1414
1414
54
1414
1414
1414
54
1414
1414
54
1414
1414
1414
1414
1414
54
1414
1414
1414
1414
54
1414
1414
1414
1414
1414
54
1414
1414
1414
1414
1414
54
1414
1414
1414
1414
54
1414
1414
54
1414
1414
54
1414
1414
1414
54
1414
1414
1414
54
1414
54
1414
1414
1414
1414
54
1414
1414
54
1414
1414
1414
1414
1414
1414
1414
1414
54
1414
1414
1414
1414
54
1414
1414
1414
54
1414
1414
54
1414
1414
54
1414
1414
54
1414
1414
54
1414
1414
54
1414
1414
54
1414
1414
1414
54
1414
1414
54
1414
1414
1414
1414
54
1414
1414
54
1414
1414
1414
1414
54
1414
1414
1414
1414
1414
54
1414
1414
1414
1414
1414
1414
54
1414
1414
54
1414
1414
54
1414
54
1414
1414
1414
1414
1414
1414
54
1414
1414
1414
54
1414
1414
54
1414
1414
54
1414
54
1414
1414
1414
1414
1414
54
1414
1414
1414
1414
1414
1414
1414
1414
1414
1414
54
1414
1414
1414
54
1414
1414
1414
1414
1414
1414
1414
1414
1414
1414
54
1414
1414
1414
54
1414
1414
1414
54
1414
1414
54
1414
1414
54
1414
1414
54
1414
1414
1414
54
1414
1414
54
1414
54
1414
1414
1414
1414
54
1414
1414
54
1414
1414
54
1414
1414
54
1414
1414
1414
54
1414
54
1414
1414
1414
1414
54
1414
1414
1414
1414
1414
54
1414
1414
1414
54
1414
1414
1414
1414
54
1414
1414
1414
1414
1414
54
1414
1414
1414
54
1414
1414
54
1414
1414
54
1414
1414
1414
1414
54
1414
1414
1414
1414
1414
1414
1414
54
1414
1414
1414
1414
1414
1414
1414
1414
54
1414
1414
1414
1414
1414
54
1414
1414
1414
54
1414
1414
54
1414
1414
1414
1414
54
1414
1414
1414
1414
54
1414
1414
54
1414
1414
1414
1414
54
1414
1414
54
1414
1414
1414
1414
54
1414
1414
1414
54
1414
1414
1414
54
1414
1414
54
1414
1414
1414
1414
1414
54
1414
1414
1414
54
1414
1414
54
1414
1414
54
1414
1414
54
1414
1414
54
1414
1414
1414
1414
54
1414
1414
54
1414
1414
1414
1414
54
1414
54
1414
1414
1414
54
1414
1414
54
1414
1414
54
1414
1414
1414
1414
1414
1414
1414
54
1414
1414
1414
1414
54
1414
1414
1414
54
1414
1414
54
1414
1414
54
1414
1414
1414
1414
54
1361
1414
1414
1414
1414
1414
54
1414
1414
54
1414
1414
54
1414
1414
1414
1414
1414
1414
1414
1414
1414
1414
54
1414
1414
1414
1414
1414
54
1414
1414
1414
54
1414
1414
54
1414
1414
54
1414
1414
1414
54
1414
54
1414
1414
54
1414
1414
1414
1414
1414
1414
1414
1414
54
1414
54
1414
1414
1414
1414
1414
1414
1414
54
54
1414
1414
1414
54
1414
54
1414
1414
54
1414
1414
54
1414
1414
54
1414
1414
54
1414
1414
54
1414
1414
54
1414
1414
1414
1414
54
1414
1414
54
54
1414
1414
54
1414
1414
1414
1414
54
1414
1414
54
54
1414
1414
66
1414
1414
66
66
1414
1414
66
66
1414
66
1414
1414
66
66
1414
1414
66
66
1414
1414
74
74
1414
1414
74
74
1414
1414
82
82
1414
1414
82
82
1414
1414
90
90
1414
1414
90
90
1414
1414
90
90
1414
1414
90
90
1414
90
1414
1414
1414
1414
90
90
74
74
1414
1414
1414
74
74
90
1414
1414
90
90
1414
74
1414
74
1414
1414
1414
1414
1414
74
90
82
82
90
1414
1414
1414
1414
90
90
90
90
1414
90
1414
1414
90
90
1414
1414
1414
90
90
90
1414
1414
90
90
1414
1414
90
90
1414
1414
90
90
1414
1414
1414
1414
1414
90
90
90
90
90
1414
1414
1414
90
90
90
1414
1414
1414
90
90
90
1414
1414
90
90
1414
1414
1414
90
90
90
1414
1414
90
90
972
1414
90
90
1414
1414
1414
1414
90
90
90
90
1414
1414
1414
90
90
90
1414
1414
82
90
1414
1414
1414
1414
90
82
74
74
1414
1414
1414
66
74
66
1414
1414
66
66
1414
1414
1414
1414
1414
66
66
66
66
66
1414
1414
1414
1414
66
54
54
1414
1414
54
1414
1414
54
1414
1414
1414
54
1414
1414
54
1414
1414
54
1414
1364
1414
1414
54
1414
1414
54
1414
54
1414
1414
54
1414
1414
1414
54
1414
54
1414
1414
1414
1414
54
1414
1414
1414
54
1414
54
1414
1414
54
1414
1414
1414
1414
1414
54
54
1414
1414
1414
54
1414
1414
1414
1414
54
1414
54
1414
1414
1414
1414
1414
1414
1414
1414
1414
1414
1414
54
54
1414
1414
1414
1414
54
1414
1414
1414
1414
1414
1414
1414
54
54
1414
1414
54
1414
1414
54
1414
1414
1414
1414
1414
1414
1414
54
1414
1414
1414
1414
1414
1414
1414
1414
1414
54
54
1414
1414
1414
1414
54
1414
1414
1414
54
1414
1414
1414
1414
54
1414
1414
54
1414
1414
54
1414
54
1414
1414
1414
1414
1414
54
1414
1414
1414
54
1414
1414
54
1414
1414
54
1414
1414
54
1414
1414
1414
54
54
1414
1414
54
1414
1414
1414
54
1414
1414
54
1414
1414
54
1414
54
1414
1414
1414
54
1414
1414
1414
1414
1414
1414
1414
54
54
1414
1414
1414
1414
54
54
1414
1414
1414
54
1414
1414
54
1414
1414
1414
54
1414
1414
54
1414
1414
54
54
1414
1414
54
1414
1414
1414
1414
54
1414
1414
54
1414
1414
54
1414
1414
54
1414
1414
54
1414
1414
54
1414
54
1414
1414
54
1414
1414
54
1414
1414
54
1414
1414
1414
54
1414
221
1414
54
54
1414
1414
54
1414
1414
54
1414
1414
1414
54
1414
1414
1414
54
1414
1414
54
1414
1414
54
1414
1414
54
1414
54
1414
1414
54
1414
1414
54
1414
1414
54
1414
1414
1414
54
1414
1414
54
1414
54
1414
1414
54
1414
1414
54
1414
1414
54
1414
1414
54
1414
1414
54
1414
1414
1414
54
1414
1414
1414
54
1414
1414
54
1414
1414
1414
54
1414
1414
54
1414
54
1414
1414
1414
54
1414
1414
1414
1414
1414
1414
54
1414
1414
1414
54
1414
1414
1414
54
1414
1414
1414
1414
1414
1414
54
1414
1414
1414
54
1414
1414
54
1414
1414
54
1414
1414
1414
1414
54
1414
1414
1414
1414
1414
1414
1414
1414
1414
1414
54
1414
1414
54
1414
1414
1414
1414
1414
1414
54
1414
1414
1414
54
1414
54
1414
1414
1414
54
1414
1414
54
1414
1414
54
1414
1414
54
1414
1414
54
1414
54
1414
1414
1414
54
1414
1414
1414
54
1414
1414
54
1414
1414
1414
54
1414
54
1414
1414
54
1414
1414
54
1414
1414
54
1414
1414
1414
1414
1414
1414
1414
1414
1414
1414
54
1414
1414
1414
1414
1414
54
1414
1414
1414
1414
1414
1414
1414
1414
54
1414
54
1414
1414
1414
1414
1414
54
1414
1414
54
1414
1414
54
1414
54
1414
1414
1414
54
1414
1414
1414
1414
1414
1414
1414
1414
1414
54
1414
1414
1414
1414
54
1414
1414
1414
1414
54
1414
1414
54
1414
1414
54
1414
1414
1414
54
1414
54
1414
1414
1414
54
1414
54
1414
1414
54
1414
1414
1414
54
1414
54
1414
1414
54
1414
1414
1414
54
1414
54
1414
1414
1414
54
1414
54
1414
1414
1414
54
1414
54
1414
1414
54
1414
1414
54
1414
1414
54
1414
1414
54
1414
1414
54
1414
1414
54
1414
1414
1414
1414
54
1414
1414
1414
54
1414
1414
1414
1414
1414
54
1414
1414
1414
1414
1414
54
1414
54
1414
1414
54
1414
1414
54
1414
1414
54
1414
1414
54
1414
1414
1414
54
1414
1414
54
1414
1414
54
1414
54
1414
1414
54
1414
1414
54
1414
1414
1414
54
1414
1414
54
1414
1414
54
1414
1414
54
1414
1414
1414
54
1414
1414
1414
1414
1414
1414
54
170
439
1414
1414
1414
54
1414
1414
1414
54
1414
1414
54
1414
1414
54
1414
1414
54
1414
1414
54
1414
1414
1414
1414
54
1414
1414
54
1414
1414
1414
54
54
1414
1414
1414
1414
54
54
1414
1414
54
1414
1414
54
1414
1414
1414
1414
1414
54
1414
1414
1414
1414
1414
1414
1414
54
1414
1414
1414
54
1414
1414
54
1414
1414
1414
54
1414
1414
54
1414
1414
54
1414
1414
1414
54
1414
1414
54
1414
1414
1414
1414
1414
1414
1414
54
1414
1414
1414
54
1414
1414
54
1414
1414
54
1414
1414
1414
1414
1414
1414
1414
54
1414
1414
54
1414
1414
54
1414
1414
54
1414
1414
54
1414
54
1414
1414
1414
1414
1414
1414
54
1414
1414
1414
1414
1414
54
1414
1414
1414
1414
1414
1414
1414
54
1414
1414
1414
54
1414
54
1414
1414
54
1414
1414
1414
54
1414
1414
1414
54
1414
1414
54
1414
1414
1414
54
1414
1414
54
1414
1414
1414
1414
54
1414
1414
54
1414
1414
1414
54
1414
1414
54
1414
1414
54
1414
1414
54
1414
1414
54
1414
1414
54
1414
1414
1414
1414
1414
54
1414
1414
1414
54
1414
1414
54
1414
1414
54
1414
1414
54
1414
1414
1414
54
1414
1414
1414
1414
54
1414
1414
54
1414
1414
54
1414
1414
54
1414
1414
54
1414
1414
54
1414
1414
54
1414
1414
1414
54
1414
1414
54
1414
1414
1414
1414
54
1414
1414
54
1414
1414
54
1414
1414
54
1414
1414
1414
54
1414
1414
1414
1414
54
1414
1414
54
1414
1414
1414
1414
1414
54
1414
1414
1414
54
1414
1414
54
1414
1414
54
1414
1414
54
1414
1414
1414
1414
54
1414
1414
1414
54
1414
1414
54
1414
1414
54
1414
1414
1414
54
1414
1414
54
1414
1414
54
1414
54
1414
1414
1414
54
1414
1414
54
1414
1414
54
1414
1414
1414
1414
54
1414
1414
54
1414
1414
54
1414
1414
54
1414
1414
1414
1414
1414
1414
1414
1414
1414
1414
54
1414
1414
1414
1414
1414
54
1414
1414
1414
1414
1414
1414
1414
1414
1414
54
131
1414
742
812
1414
1414
54
54
100
1414
1414
1414
1414
1414
1414
54
1414
54
1414
1414
1414
54
1414
1414
1414
1414
54
1414
1414
54
1414
1414
1414
1414
1414
1414
1414
1414
54
1414
1414
1414
1414
54
54
1414
1414
1414
1414
1414
54
1414
1414
1414
54
1414
1414
1414
54
1414
1414
54
152
1414
1414
1414
1414
54
1414
1414
1414
1414
1414
1414
1414
1414
1414
1414
54
1414
1414
1414
1414
1414
1414
54
1414
1414
1414
1414
54
1414
1414
1414
1414
1414
1414
1414
1414
54
1414
1414
1414
1414
1414
54
1414
1414
1414
1414
1414
54
1414
1414
54
1414
1414
54
1414
1414
1414
54
1414
1414
54
1414
54
1414
1414
1414
54
1414
1414
54
1414
1414
54
1414
1414
54
1414
1414
54
1414
1414
1414
1414
54
1414
1414
1414
1414
54
1414
1414
1414
54
1414
1414
54
1414
1414
54
1414
1414
54
1414
1414
54
1414
1414
54
1414
1414
54
1414
1414
1414
54
1414
54
1414
1414
1414
54
1414
1414
1414
1414
1414
54
1414
1414
1414
54
1414
54
1414
1414
54
1414
1414
1414
1414
54
1414
1414
1414
1414
1414
54
1414
1414
1414
54
1414
1414
54
1414
1414
1414
1414
54
1414
1414
1414
1414
54
1414
1414
1414
54
1414
1414
1414
1414
54
1414
1414
1414
54
1414
1414
54
1414
1414
54
1414
1414
54
1414
1414
54
1414
1414
54
1414
1414
1414
54
1414
1414
1414
54
1414
1414
54
1414
1414
54
1414
1414
1414
1414
54
1414
1414
1414
54
1414
54
1414
1414
54
1414
1414
1414
1414
1414
1414
1414
1414
1414
1414
54
1414
1414
1414
1414
1414
54
1414
54
1414
187
1390
1390
468
1414
1414
1414
1414
1414
54
54
1414
1414
54
1414
1414
1414
54
1414
1414
54
1414
54
1414
1414
54
1414
1414
54
1414
1414
54
1414
1414
1414
1414
54
1414
1414
54
1414
1414
1414
1414
1414
1414
1414
54
1414
54
1414
1414
1414
1414
1414
1414
54
1414
1414
1414
54
1414
1414
1414
54
1414
1414
54
1414
1414
54
1414
1414
54
1414
1414
1414
54
1414
1414
54
1414
54
1414
1414
54
1414
1414
54
1414
1414
1414
1414
1414
54
1414
1414
54
1414
1414
54
1414
1414
54
1414
1414
54
1414
1414
54
1414
1414
1414
54
1414
1414
1414
54
1414
1414
1414
1414
1414
54
1414
1414
54
1414
1414
54
1414
1414
54
1414
1414
54
1414
1414
1414
1414
54
1414
1414
1414
54
1414
1414
54
1414
54
1414
1414
1414
1414
1414
54
1414
1414
1414
54
1414
1414
1414
1414
1414
54
1414
54
1414
1414
54
1414
1414
1414
54
1414
1414
1414
1414
54
1414
1414
54
1414
1414
1414
54
1414
1414
1414
1414
54
1414
1414
1414
54
1414
1414
54
1414
1414
1414
1414
1414
1414
1414
1414
1414
1414
54
1414
100
1414
54
1414
1414
54
100
1414
54
1414
1414
1414
1414
1414
54
1414
1414
54
1414
1414
54
1414
1414
1414
54
1414
1414
1414
54
1414
1414
54
1414
1414
54
1414
1414
54
1414
1414
1414
1414
1414
54
1414
1414
1414
1414
1414
1414
54
1414
1414
1414
54
1414
1414
1414
1414
1414
54
1414
1414
1414
1414
1414
1414
1414
1414
1414
1414
54
1414
1414
1414
1414
54
1414
1414
1414
54
1414
54
1414
1414
1414
54
1414
54
1414
1414
54
1414
1414
1414
1414
1414
1414
1414
1414
54
1414
1414
1414
1414
54
1414
1414
1414
1414
1414
54
1414
1414
1414
54
1414
1414
54
1414
1414
54
1414
1414
54
1414
1414
54
1414
1414
1414
1414
1414
1414
1414
54
1414
1414
54
1414
54
1414
1414
1414
54
1414
1414
1414
1414
54
1414
1414
1414
1414
1414
1414
1414
54
1414
1414
1414
54
1414
1414
1414
54
1414
1414
54
1414
1414
1414
54
1414
1414
54
1414
1414
54
1414
1414
54
1414
1414
54
1414
1414
54
1414
1414
54
1414
1414
54
1414
1414
54
1414
54
1414
1414
54
1414
1414
54
1414
1414
54
1414
1414
54
1414
1414
1414
54
1414
1414
1414
1414
54
1414
1414
1414
54
1414
1414
1414
1414
1414
1414
54
1414
1414
1414
1414
1414
1414
54
1414
1414
1414
1414
54
1414
1414
54
1414
1414
1414
1414
1414
54
1414
1414
54
1414
1414
1414
1414
1414
1414
54
1414
1414
1414
54
1414
1414
54
1414
1414
54
1414
1414
1414
54
1414
1414
54
1414
1414
54
1414
1414
1414
1414
54
1414
1414
54
1414
1414
1414
54
1414
1414
54
1414
1414
1414
1414
1414
54
1414
1414
1414
1414
54
1414
1414
1414
1414
1414
1414
1414
1414
1414
54
1414
1414
1414
1414
1414
54
1414
1414
1414
54
1414
1414
54
1414
1414
54
1414
1414
54
1414
1414
1414
54
1414
54
1414
1414
54
1414
1414
54
54
1414
1414
54
1414
1414
1414
54
1414
1414
1414
1414
54
1414
1414
1414
1414
1414
54
1414
1414
1414
54
1414
1414
1414
54
1414
1414
54
1414
1414
54
1414
1414
54
1414
1414
54
1414
1414
1414
54
1414
1414
1414
1414
1414
1414
1414
1414
1414
1414
54
1414
1414
1414
1414
1414
1414
1414
1414
1414
1414
54
1414
1414
1414
1414
54
1414
1414
1414
1414
1414
54
1414
1414
1414
54
1414
1414
1414
54
1414
1414
1414
1414
1414
1414
1414
54
1414
1414
1414
54
1414
765
1414
1414
54
507
1414
1414
54
413
1414
1414
1414
54
1414
1414
54
1414
1414
1414
1414
1414
54
1414
1414
54
1414
1414
54
1414
1414
54
1414
1414
54
1414
1414
1414
1414
1414
1414
1414
1414
1414
1414
54
1414
1414
54
1414
1414
54
1414
54
1414
54
1414
1414
54
1414
1414
54
1414
1414
54
1414
54
1414
1414
1414
1414
1414
54
1414
54
1414
1414
54
1414
1414
54
1414
1414
1414
1414
1414
1414
1414
1414
54
1414
1414
1414
1414
1414
1414
1414
54
1414
54
1414
1414
1414
1414
1414
1414
54
1414
1414
1414
54
1414
1414
54
1414
1414
54
1414
1414
54
1414
1414
54
1414
1414
54
1414
1414
1414
54
1414
1414
1414
54
1414
54
1414
1414
54
1414
1414
1414
54
1414
1414
54
1414
1414
54
1414
1414
54
1414
54
1414
1414
1414
1414
54
1414
1414
54
1414
1414
1414
54
1414
1414
1414
54
1414
1414
1414
54
1414
1414
1414
1414
54
1414
1414
1414
54
1414
1414
54
1414
1414
54
1414
1414
54
1414
1414
1414
54
1414
1414
1414
1414
1414
1414
1414
1414
1414
1414
54
1414
1414
1414
1414
1414
1414
1414
54
1414
1414
1414
1414
1414
54
1414
1414
54
1414
1414
1414
1414
1414
1414
1414
1414
1414
1414
54
1414
1414
1414
1414
54
1414
1414
1414
54
54
1414
1414
1414
54
1414
1414
1414
1414
1414
54
1414
1414
54
1414
1414
518
100
54
54
100
441
1414
1414
1414
1414
1414
54
1414
1414
54
1414
1414
1414
1414
54
1414
142
134
100
1414
1414
54
54
100
1414
1414
54
1414
1414
54
1414
1414
128
134
100
54
54
1414
1414
54
100
1414
1414
54
1414
1414
1414
54
1414
1414
1414
1414
1414
1414
1414
1414
1414
1414
54
1414
1414
54
1414
1414
1414
1414
1414
54
1414
1414
1414
54
1414
1414
1414
54
1414
1414
54
1414
1414
1414
1414
1414
1414
54
1414
1414
1414
54
1414
1414
1414
1414
54
1414
1414
1414
1414
1414
1414
1414
54
1414
1414
1414
1414
1414
1414
1414
54
1414
1414
54
1414
1414
54
1414
54
1414
1414
54
1414
1414
54
1414
1414
54
1414
1414
1414
1414
54
1414
1414
54
1414
1414
54
1414
1414
54
1414
1414
54
1414
1414
1414
1414
1414
1414
1414
1414
54
1414
1414
1414
1414
1414
1414
54
1414
1414
54
1414
1414
54
1414
1414
1414
54
1414
1414
54
1414
54
1414
1414
1414
1414
1414
1414
54
1414
1414
54
1414
1414
54
1414
1414
54
1414
1414
1414
1414
1414
1414
1414
1414
1414
54
1414
54
1414
1414
1414
1414
1414
1414
1414
54
1414
1414
1414
1414
1414
54
1414
1414
1414
54
1414
1414
1414
1414
1414
1414
1414
1414
1414
54
1414
1414
1414
1414
54
1414
1414
1414
54
1414
1414
1414
1414
1414
1414
1414
54
1414
1414
1414
1414
1414
1414
1414
1414
1414
54
1414
1414
1414
1414
54
1414
1414
1414
54
1414
1414
1414
1414
54
1414
1414
1414
54
1414
1414
54
1414
1414
1414
1414
1414
1414
1414
1414
1414
1414
54
1414
125
92
100
1414
1414
1414
1414
1414
1414
54
54
100
1414
1414
1414
1414
1414
54
1414
1414
1414
1414
1414
1414
1414
1414
54
1414
1414
1414
54
1414
1414
1414
1414
54
1414
1414
1414
1414
54
1414
1414
1414
1414
1414
54
1414
1414
1414
54
1414
1414
1414
54
1414
1414
1414
1414
54
1414
1414
1414
54
1414
1414
54
1414
1414
54
1414
1414
1414
1414
1414
1414
1414
1414
54
1414
1414
1414
54
1414
1414
1414
54
1414
1414
1414
1414
54
1414
1414
1414
54
1414
1414
54
1414
1414
54
1414
54
1414
54
1414
1414
1414
1414
1414
1414
1414
54
1414
1414
54
1414
1414
1414
54
1414
1414
54
1414
1414
54
1414
1414
54
1414
54
1414
1414
54
1414
1414
54
1414
1414
54
1414
1414
1414
1414
54
1414
1414
1414
54
1414
54
1414
1414
1414
1414
1414
1414
54
1414
1414
1414
1414
1414
1414
54
1414
1414
1414
1414
54
1414
1414
1414
1414
1414
54
1414
1414
1414
1414
1414
1414
54
1414
1414
1414
1414
54
1414
1414
54
1414
1414
54
1414
1414
1414
1414
1414
1414
1414
1414
1414
54
1414
1414
1414
1414
1414
54
1414
54
1414
1414
1414
1414
54
1414
1414
1414
1414
1414
1414
1414
54
1414
1414
1414
1414
1414
1414
1414
1414
54
1414
1414
1414
54
1414
1414
54
1414
1414
1414
1414
1414
1414
54
1414
1414
1414
1414
54
1414
1414
1414
1414
1414
1414
1414
54
1414
1414
1414
1414
1414
1414
1414
1414
54
1414
1414
1414
1414
1414
1414
54
1414
1414
1414
1414
1414
1414
1414
54
1414
1414
54
1414
1414
54
1414
1414
54
1414
1414
54
1414
1414
1414
54
1414
1414
54
1414
1414
1414
1414
1414
1414
1414
1414
54
1414
1414
54
1414
1414
1414
54
1414
1414
1414
1414
1414
54
1414
1414
1414
54
1414
1414
1414
1414
1414
54
1414
1414
54
1414
1414
1414
1414
1414
1414
1414
1414
1414
54
1414
1414
1414
1414
1414
54
1414
1414
1414
54
1414
1414
1414
54
1414
1414
1414
1414
1414
1414
1414
54
1414
1414
1414
1414
54
1414
1414
1414
1414
1414
1414
1414
1414
1414
54
1414
1414
1414
1414
1414
54
1414
1414
1414
54
1414
54
1414
1414
1414
54
1414
1414
1414
54
1414
1414
1414
1414
1414
1414
1414
54
1414
1414
1414
1414
1414
1414
54
1414
1414
54
1414
1414
1414
1414
1414
1414
54
1414
1414
1414
54
1414
1414
54
1414
1414
1414
54
1414
1414
1414
1414
1414
54
1414
1414
1414
54
1414
1414
54
1414
1414
54
1414
1414
1414
1414
1414
1414
54
1414
1414
1414
1414
1414
1414
54
1414
1414
1414
1414
1414
1414
54
1414
1414
1414
54
1414
1414
1414
1414
54
1414
1414
54
1414
1414
1414
1414
54
1414
1414
1414
1414
1414
54
1414
1414
54
1414
1414
1414
1414
1414
1414
54
1414
1414
1414
1414
1414
1414
1414
1414
1414
54
1414
1414
1414
1414
1414
1414
54
1414
1414
1414
54
1414
1414
1414
54
1414
1414
1414
1414
1414
54
1414
1414
1414
1414
1414
1414
54
1414
1414
1414
54
1414
1414
54
1414
1414
1414
1414
54
1414
1414
1414
1414
1414
1414
1414
1414
54
1414
1414
54
1414
1414
1414
1414
1414
54
1414
1414
1414
1414
1414
1414
1414
1414
1414
54
1414
1414
1414
1414
54
1414
1414
1414
54
1414
1414
54
1414
1414
54
1414
1414
54
1414
1414
1414
1414
1414
1414
1414
1414
1414
1414
54
1414
1414
1414
54
1414
1414
1414
54
1414
1414
54
1414
1414
1414
1414
1414
1414
54
1414
54
1414
1414
1414
54
1414
1414
1414
54
1414
1414
1414
1414
1414
1414
1414
1414
1414
1414
54
1414
1414
1414
1414
1414
1414
1414
54
1414
54
1414
1414
1414
54
1414
1414
1414
54
1414
1414
54
1414
1414
54
1414
1414
1414
1414
1414
1414
1414
54
1414
1414
1414
1414
1414
1414
1414
1414
1414
1414
54
1414
1414
1414
1414
1414
1414
54
1414
54
1414
1414
1414
1414
1414
1414
1414
1414
1414
1414
54
1414
1414
1414
1414
1414
1414
1414
1414
1414
1414
54
1414
1414
1414
1414
1414
1414
1414
1414
1414
1414
54
1414
1414
1414
1414
1414
1414
1414
54
1414
1414
1414
1414
1414
54
1414
1414
1414
1414
54
1414
1414
1414
1414
1414
1414
1414
54
1414
1414
1414
54
1414
1414
1414
1414
1414
1414
54
1361
1414
1414
1414
1414
1414
54
1414
1414
1414
1414
54
1414
1409
54
1414
1414
54
1414
1414
1414
54
1414
1414
54
1414
1414
54
1414
1414
54
1414
54
1414
1414
54
1414
1414
1414
1414
1414
54
1414
1414
54
1414
1414
1414
54
1414
1414
1414
1414
1414
54
1414
1414
1414
1414
1414
1414
1414
54
1414
1414
54
1414
1414
1414
54
1414
1414
1414
1414
1414
54
1414
1414
54
1414
1414
1414
1414
54
1414
1414
1414
54
1414
1414
1414
1414
1414
1414
54
1414
1414
1414
1414
1414
54
1414
1414
1414
54
54
1414
1414
54
1414
54
1414
1414
1414
1414
54
1414
1414
54
1414
1414
1414
1414
1414
1414
1414
1414
1414
1414
54
1414
1414
1414
1414
54
1414
1414
1414
1414
54
1414
1414
1414
1414
1414
54
1414
1414
54
1414
1414
54
1414
1414
1414
54
1414
1414
1414
1414
54
1414
1414
1414
1414
54
54
54
54
1414
1414
1414
1414
54
1414
1414
1414
1414
1414
1414
1414
54
1414
1414
1414
1414
54
1414
1414
1414
1414
1414
54
1414
1414
1414
1414
54
1414
1414
1414
1414
54
1414
1414
1414
1414
54
1414
1414
54
1414
1414
1414
1414
54
1414
1414
1414
1414
54
1414
1414
1414
1414
54
1414
1414
1414
1414
54
1414
1414
1414
1414
54
1414
1414
1414
1414
1414
54
1414
1414
1414
1414
54
1414
1414
1414
1414
1414
54
1414
1414
1414
54
1414
1414
1414
54
1414
1414
1414
1414
1414
1414
54
1414
1414
1414
1414
54
1414
1414
1414
1414
54
1414
1414
1414
1414
54
1414
1414
1414
54
1414
1414
1414
1414
54
1414
1414
1414
1414
54
1414
1414
1414
1414
1414
54
54
1414
1414
1015
54
54
55
66
460
54
129
92
100
54
100
100
54
66
1365
1414
1414
1414
1414
1414
1414
1414
54
1414
1414
1414
1414
1414
54
1414
1414
1414
1414
1414
1414
1414
1414
1414
1414
54
1414
1414
54
1414
1414
1414
54
1414
54
1414
1414
1414
1414
54
1414
1414
1414
1414
1414
1414
54
1414
1414
54
1414
1414
54
1414
1414
1414
1414
54
1414
1414
1414
54
1414
1414
1414
1414
54
1414
1414
1414
54
1414
1414
1414
54
1414
1414
54
1414
54
1414
1414
54
1414
1414
54
1414
1414
54
1414
1414
54
1414
1414
1414
54
1414
1414
54
1414
1414
1414
54
1414
1414
54
1414
1414
54
1414
1414
54
1414
1414
1414
1414
54
1414
1414
54
1414
1414
54
1414
1414
54
1414
1414
1414
1414
1414
54
1414
1414
1414
54
1414
1414
1414
1414
54
1414
1414
1414
1414
1414
1414
54
1414
1414
54
1414
1414
54
1414
1414
54
1414
1414
54
1414
1414
1414
54
1414
1414
54
1414
1414
54
1414
1414
1414
54
1414
1414
54
1414
1414
1414
54
1414
1414
54
1414
1414
54
1414
1414
54
1414
1414
54
1414
1414
54
1414
1414
54
1414
54
1414
1414
54
1414
1414
54
1414
1414
54
1414
1414
54
1414
1414
1414
1414
1414
54
1414
1414
1414
54
1414
1414
54
1414
1414
54
1414
1414
54
1414
1414
54
1414
1414
54
1414
1414
54
1414
1414
54
1414
1414
54
1414
1414
1414
1414
54
1414
1414
1414
1414
54
1414
1414
1414
54
1414
1414
54
1414
1414
54
1414
54
1414
1414
54
1414
1414
54
1414
1414
1414
54
1414
1414
1414
1414
1414
54
1414
1414
1414
1414
1414
1414
1414
54
1414
54
1414
1414
1414
1414
1414
1414
1414
1414
1414
1414
54
1414
1414
1414
54
1414
54
1414
1414
1414
1414
1414
1414
1414
1414
1414
54
1414
1414
1414
1414
54
1414
1414
1414
54
1414
1414
54
1414
1414
54
1414
1414
1414
1414
1414
54
1414
1414
1414
54
1414
1414
54
1414
1414
1414
1414
1414
1414
1414
54
1414
1414
1414
1414
54
1414
1414
54
1414
1414
54
1414
1414
54
1414
1414
54
1414
1414
54
1414
54
1414
1414
54
1414
1414
54
1414
1414
54
1414
1414
1414
1414
1414
54
1414
1414
1414
1414
1414
1414
1414
1414
54
1414
54
1414
1414
1414
54
1414
1414
54
1414
1414
54
1414
1414
54
1414
1414
54
1414
1414
54
1414
1414
54
1414
1414
54
1414
1414
54
1414
54
1414
1414
54
1414
1414
1414
54
1414
1414
54
1414
1414
54
1414
1414
54
1414
1414
54
1414
1414
54
1414
1414
54
1414
1414
1414
54
1414
1414
1414
54
1414
1414
54
1414
1414
54
1414
1414
54
1414
54
1414
1414
54
1414
1414
54
1414
1414
1414
54
1414
54
1414
1414
54
1414
1414
54
1414
1414
1414
1414
54
1414
1414
1414
54
1414
1414
54
1414
1414
1414
1414
1414
1414
54
1414
54
1414
1414
1414
54
1414
1414
54
1414
1414
1414
54
1414
1414
54
1414
1414
54
1414
1414
54
1414
1414
1414
54
1414
1414
54
1414
1414
54
1414
1414
54
1414
1414
1414
1414
54
1414
1414
54
1414
1414
1414
1414
54
1414
1414
1414
1414
54
1414
1414
54
1414
1414
54
1414
1414
1414
1414
1414
54
1414
1414
1414
54
1414
1414
54
1414
1414
54
1414
1414
54
1414
1414
54
1414
1414
54
1414
54
1414
1414
1414
1414
1414
1414
1414
1414
1414
1414
54
1414
1414
1414
1414
1414
54
1414
1414
1414
1414
54
1414
1414
1414
54
1414
1414
54
1414
1414
54
1414
1414
54
1414
1414
54
1414
1414
54
1414
1414
54
1414
1414
54
1414
1414
1414
1414
1414
1414
54
1414
1414
1414
1414
54
1414
1414
1414
1414
1414
54
1414
1414
1414
1414
1414
1414
1414
1414
54
1414
1414
54
1414
1414
54
1414
1414
1414
1414
1414
1414
1414
1414
54
1414
1414
1414
1414
54
1414
1414
1414
54
1414
1414
54
1414
1414
54
1414
1414
1414
54
1414
1414
54
1414
1414
54
1414
1414
54
1414
1414
1414
1414
54
1414
1414
1414
54
1414
1414
54
1414
1414
54
1414
1414
54
1414
1414
54
1414
1414
54
1414
1414
54
1414
1414
54
1414
1414
54
1414
1414
54
1414
1414
54
1414
1414
1414
54
1414
1414
54
1414
1414
54
1414
1414
54
1414
1414
54
1414
54
1414
1414
54
1414
1414
1414
1414
1414
54
1414
1414
1414
1414
54
1414
1414
54
1414
1414
54
1414
1414
54
1414
1414
54
1414
54
1414
1414
1414
54
1414
1414
1414
54
1414
1414
1414
1414
1414
1414
54
1414
1414
1414
54
1414
1414
1414
54
1414
1414
54
1414
1414
54
1414
1414
1414
54
1414
1414
54
1414
1414
54
1414
54
1414
54
1414
1414
1414
1414
1414
1414
1414
1414
1414
54
1414
1414
1414
1414
1414
1414
1414
1414
1414
1414
54
1414
1414
1414
1414
1414
54
1414
1414
1414
1414
1414
1414
1414
54
1414
1414
1414
1414
54
1414
1414
1414
54
1414
1414
54
1414
1414
54
1414
1414
54
1414
1414
54
1414
1414
54
1414
1414
54
1414
1414
1414
1414
1414
1414
54
1414
1414
54
1414
1414
1414
1414
1414
54
1414
54
1414
1414
54
1414
1414
1414
1414
54
1414
1414
1414
54
1414
54
1414
1414
1414
54
1414
1414
54
1414
54
1414
1414
54
1414
1414
54
1414
1414
54
1414
1414
1414
54
1414
1414
1414
1414
54
1414
1414
54
1414
54
1414
1414
54
1414
1414
54
1414
1414
54
1414
1414
1414
54
1414
1414
54
1414
1414
1414
1414
1414
54
1414
1414
1414
54
1414
1414
1414
54
1414
1414
54
1414
1414
54
1414
1414
54
1414
1414
1414
54
1414
1414
1414
1414
54
1414
1414
1414
54
1414
1414
1414
54
1414
54
1414
1414
1414
1414
1414
54
1414
1414
54
1414
1414
1414
54
1414
1414
54
1414
1414
54
1414
1414
54
1414
1414
54
1414
1414
1414
1414
1414
54
1414
54
1414
1414
1414
54
1414
1414
1414
54
1414
1414
1414
1414
54
1414
1414
1414
1414
54
1414
1414
54
1414
1414
1414
1414
54
1414
1414
1414
1414
1414
54
1414
1414
1414
1414
1414
1414
1414
1414
1414
1414
54
1414
1414
1414
1414
1414
1414
54
1414
54
1414
1414
1414
1414
1414
1414
1414
1414
1414
1414
54
1414
1414
1414
1414
54
1414
1414
1414
1414
1414
1414
1414
54
1414
1414
1414
54
1414
1414
54
1414
1414
54
1414
1414
1414
1414
54
1414
1414
1414
54
1414
1414
54
1414
1414
54
1414
54
1414
1414
1414
1414
1414
1414
1414
1414
1414
1414
54
1414
1414
1414
1414
1414
1414
1414
1414
1414
54
1414
1414
1414
1414
1414
1414
1414
1414
1414
54
1414
1414
1414
1414
1414
1414
1414
54
1414
54
1414
1414
54
1414
1414
54
1414
1414
1414
54
1414
1414
1414
54
1414
1414
54
1414
1414
1414
1414
54
1414
1414
1414
54
1414
1414
54
1414
1414
54
1414
1414
54
1414
1414
1414
1414
1414
1414
1414
1414
1414
54
1414
1414
1414
1414
54
1414
1414
1414
54
1414
1414
1414
54
1414
1414
54
1414
1414
1414
54
1414
1414
54
1414
1414
54
1414
54
1414
1414
1414
1414
54
1414
1414
1414
54
1414
1414
54
1414
1414
1414
1414
1414
1414
1414
1414
54
1414
1414
54
1414
1414
1414
54
1414
1414
54
1414
1414
1414
1414
1414
1414
1414
54
1414
54
1414
1414
54
1414
1414
54
1414
1414
1414
1414
54
1414
1414
1414
54
1414
1414
54
1414
1414
54
1414
1414
54
1414
54
1414
1414
54
1414
1414
1414
54
1414
1414
1414
1414
54
1414
1414
1414
1414
1414
1414
1414
1414
54
1414
1414
1414
1414
1414
54
1414
1414
1414
54
1414
1414
54
1414
1414
54
1414
54
1414
1414
1414
1414
54
1414
1414
54
1414
1414
1414
1414
1414
54
1414
1414
1414
1414
1414
1414
1414
1414
54
1414
1414
54
1414
54
1414
1414
1414
1414
1414
1414
1414
1414
1414
1414
54
1414
1414
1414
1414
1414
54
1414
1414
1414
54
1414
1414
54
1414
1414
1414
1414
1414
54
1414
1414
1414
54
1414
1414
1414
1414
1414
1414
54
1414
1414
1414
1414
54
1414
1414
1414
54
1414
54
1414
1414
1414
54
1414
1414
54
1414
1414
1414
54
1414
1414
54
1414
1414
54
1414
1414
54
1414
1414
54
1414
1414
54
1414
1414
1414
54
1414
1414
54
1414
1414
54
1414
1414
54
1414
1414
1414
1414
54
1414
1414
54
1414
1414
1414
54
1414
1414
54
1414
1414
54
1414
1414
1414
54
1414
1414
1414
54
1414
1414
1414
1414
1414
1414
1414
54
1414
1414
1414
54
1414
1414
54
1414
1414
1414
1414
1414
1414
1414
1414
54
1414
1414
1414
1414
54
1414
1414
1414
1414
54
1414
1414
1414
54
1414
1414
1414
1414
1414
1414
1414
1414
54
1414
1414
1414
1414
54
1414
1414
1414
1414
1414
1414
54
1414
1414
1414
1414
54
1414
1414
1414
1414
1414
54
1414
1414
1414
1414
1414
54
1414
1414
1414
1414
54
1414
1414
54
1414
1414
54
1414
1414
1414
1414
1414
1414
1414
1414
1414
1414
54
1414
1414
1414
1414
1414
1414
1414
1414
1414
54
1414
1414
1414
1414
1414
1414
1414
54
1414
1414
1414
1414
1414
54
1414
1414
1414
54
1414
1414
54
1414
54
1414
1414
54
1414
1414
54
1414
1414
1414
1414
1414
1414
1414
1414
1414
1414
54
1414
1414
1414
54
1414
1414
54
1414
1414
1414
54
1414
1414
1414
54
1414
1414
54
1414
1414
1414
1414
1414
1414
1414
1414
54
1414
1414
1414
1414
1414
1414
1414
1414
54
1414
1414
1414
1414
1414
1414
1414
54
1414
1414
1414
54
1414
1414
54
1414
1414
1414
54
1414
1414
1414
1414
1414
54
1414
1414
1414
54
1414
1414
54
1414
1414
54
1414
1414
1414
1414
1414
1414
1414
1414
1414
54
1414
1414
1414
1414
54
1414
1414
1414
1414
54
1414
1414
1414
1414
1414
1414
1414
54
54
1414
1414
54
1414
1414
1414
1414
1414
1414
54
1414
1414
1414
1414
54
1414
1414
1414
54
1414
1414
1414
1414
54
1414
1414
54
1414
1414
1414
54
1414
1414
1414
1414
1414
54
1414
1414
1414
54
1414
1414
1414
54
1414
1414
54
1414
1414
54
1414
1414
54
1414
1414
54
1414
1414
54
1414
1414
54
1414
1414
1414
54
1414
1414
1414
54
1414
1414
54
1414
1414
1414
54
1414
1414
54
1414
1414
1414
54
1414
1414
54
1414
1414
54
1414
1414
54
1414
1414
1414
1414
1414
1414
1414
1414
1414
1414
54
1414
54
1414
1414
1414
54
1414
1414
1414
54
1414
1414
54
1414
1414
1414
54
1414
54
1414
1414
1414
1414
1414
1414
54
1414
1414
1414
1414
54
1414
1414
1414
1414
54
1414
1414
1414
1414
1414
1414
1414
1414
54
1414
1414
1414
54
1414
54
1414
1414
1414
54
1414
1414
1414
1414
1414
1414
1414
1414
54
1414
1414
1414
1414
1414
1414
54
1414
1414
1414
1414
1414
54
1414
1414
1414
1414
1414
54
1414
1414
54
1414
54
1414
1414
54
1414
1414
54
1414
1414
1414
1414
1414
1414
1414
54
1414
1414
1414
1414
54
1414
1414
1414
1414
54
1414
1414
1414
54
1414
1414
54
1414
1414
54
1414
1414
1414
54
1414
54
1414
1414
1414
1414
1414
1414
1414
1414
54
1414
1414
1414
1414
1414
1414
1414
1414
54
1414
1414
1414
1414
54
1414
1414
1414
1414
54
1414
1414
1414
1414
1414
54
1414
1414
1414
1414
54
1414
1414
54
1414
1414
1414
1414
54
1414
1414
1414
1414
1414
1414
54
1414
1414
1414
1414
1414
1414
54
1414
1414
54
1414
1414
54
1414
1414
1414
1414
54
1414
1414
1414
54
1414
1414
1414
1414
1414
54
1414
1414
54
1414
1414
1414
1414
1414
54
1414
1414
54
1414
1414
54
1414
1414
1414
54
1414
1414
1414
1414
1414
1414
1414
54
1414
1414
1414
1414
1414
1414
1414
1414
1414
1414
1414
54
1414
54
1414
1414
1414
1414
1414
54
1414
1414
1414
1414
54
1414
54
1414
1414
54
1414
1414
54
1414
1414
54
1414
1414
1414
54
1414
1414
1414
1414
1414
54
1414
1414
54
1414
1414
54
1414
1414
54
1414
1414
54
1414
1414
54
1414
1414
1414
54
1414
1414
1414
1414
54
1414
54
1414
1414
54
1414
1414
1414
1414
1414
54
1414
1414
54
1414
1414
1414
54
1414
1414
54
1414
1414
54
1414
1414
54
1414
1414
1414
1414
54
1414
1414
1414
1414
54
1414
1414
54
1414
1414
54
1414
1414
54
1414
1414
54
1414
1414
54
1414
1414
1414
54
1414
1414
54
1414
1414
54
1414
1414
1414
1414
54
1414
1414
1414
1414
1414
1414
1414
1414
54
1414
1414
1414
1414
1414
1414
1414
1414
54
1414
1414
54
1414
1414
1414
1414
1414
1414
54
1414
1414
1414
54
1414
1414
1414
54
1414
1414
54
1414
1414
1414
1414
1414
1414
54
1414
1414
1414
1414
54
1414
1414
54
1414
1414
1414
54
1414
1414
1414
1414
54
1414
1414
1414
1414
54
1414
1414
1414
1414
1414
1414
1414
1414
1414
1414
54
1414
1414
1414
1414
1414
1414
1414
1414
1414
1414
54
1414
1414
54
1414
1414
1414
54
1414
1414
54
1414
1414
54
1414
1414
54
1414
54
1414
1414
1414
1414
1414
54
1414
1414
1414
1414
1414
1414
1414
54
1414
1414
1414
1414
1414
1414
54
1414
1414
1414
54
1414
1414
54
1414
1414
1414
54
1414
1414
1414
1414
1414
1414
1414
1414
1414
1414
54
1414
1414
1414
54
1414
1414
54
1414
1414
54
427
1414
1414
1414
1414
1414
1414
54
1414
54
1414
1414
1414
1414
54
1414
1414
1414
1414
54
1414
1414
54
1414
1414
54
1414
1414
54
1414
1414
1414
54
1414
54
1414
1414
54
1414
1414
54
1414
1414
54
1414
1414
54
1414
1414
54
1414
1414
54
1414
1414
54
1414
1414
54
1414
1414
1414
1414
1414
1414
54
1414
1414
1414
1414
1414
1414
54
1414
1414
1414
1414
1414
1414
1414
54
1414
1414
54
1414
1414
1414
1414
54
1414
1414
1414
54
1414
1414
54
1414
1414
1414
1414
54
1414
1414
1414
1414
1414
54
1414
1414
54
1414
1414
1414
54
1414
1414
1414
1414
1414
54
1414
1414
54
1414
1414
54
1414
1414
54
1414
1414
1414
1414
1414
1414
1414
1414
1414
1414
54
1414
1414
1414
1414
1414
1414
1414
1414
54
1414
1414
54
1414
1414
1414
1414
1414
54
1414
1414
1414
1414
54
1414
1414
1414
1414
1414
1414
54
1414
1414
1414
1414
1414
1414
1414
54
1414
1414
1414
1414
1414
1414
1414
1414
54
1414
1414
1414
1414
1414
1414
1414
1414
1414
1414
54
1414
54
1414
1414
1414
1414
1414
1414
1414
1414
54
1414
1414
1414
1414
54
1414
1414
54
1414
1414
1414
1414
1414
54
1414
54
1414
1414
1414
54
1414
1414
1414
1414
1414
1414
1414
1414
54
1414
1414
1414
1414
1414
54
1414
1414
1414
54
1414
1414
54
1414
1414
1414
1414
54
1414
1414
54
1414
1414
54
1414
1414
54
1414
1414
1414
54
1414
128
134
100
1414
54
54
100
1414
1414
1414
1414
54
1414
1414
1414
1414
54
1414
1414
54
1414
1414
1414
54
1414
1414
54
1414
1414
54
1414
1414
54
1414
1414
1414
1414
54
1414
1414
1414
54
1414
1414
54
1414
1414
1414
54
1414
1414
1414
54
1414
1414
54
1414
1414
1414
54
1414
1414
1414
1414
54
1414
1414
54
1414
1414
1414
1414
1414
1414
1414
1414
1414
54
1414
1414
1414
1414
1414
54
1414
1414
1414
1414
1414
1414
1414
1414
54
1414
1414
1414
1414
1414
1414
1414
1414
1414
1414
54
1414
1414
1414
1414
1414
1414
1414
1414
1414
1414
54
1414
1414
1414
1414
54
1414
1414
54
1414
1414
54
1414
54
1414
1414
54
1414
1414
54
1414
1414
1414
54
1414
1414
54
1414
1414
54
1414
1414
54
1414
1414
54
1414
1414
54
1414
1414
1414
1414
1414
1414
1414
1414
1414
1414
54
1414
1414
1414
1414
1414
1414
1414
1414
1414
54
1414
1414
1414
1414
1414
54
1414
1414
1414
54
1414
1414
1414
54
1414
1414
54
1414
1414
54
1414
1414
54
1414
1414
1414
1414
1414
1414
1414
54
1414
1414
1414
1414
1414
1414
1414
1414
54
1414
1414
1414
1414
1414
54
1414
1414
1414
1414
54
1414
1414
54
1414
1414
54
1414
1414
54
1414
54
1414
1414
1414
1414
1414
1414
1414
1414
54
1414
1414
1414
1414
1414
54
1414
1414
1414
1414
1414
1414
54
1414
1414
1414
1414
54
1414
1414
1414
54
1414
1414
54
1414
1414
1414
1414
1414
1414
1414
54
1414
1414
1414
1414
54
1414
1414
54
1414
1414
54
1414
1414
1414
54
1414
1414
1414
1414
54
1414
1414
1414
54
1414
1414
1414
1414
1414
54
1414
1414
1414
1414
1414
1414
54
1414
1414
54
1414
1414
1414
1414
1414
54
1414
1414
1414
1414
54
1414
1414
54
1414
1414
54
1414
1414
1414
1414
1414
54
1414
1414
1414
54
1414
1414
1414
1414
54
1414
1414
1414
1414
54
1414
1414
1414
1414
1414
1414
54
54
1414
1414
1414
54
1414
1414
1414
1414
1414
1414
54
1414
1414
1414
1414
54
1414
1414
54
1414
1414
54
1414
1414
54
1414
1414
54
1414
1414
54
1414
1414
1414
1414
54
1414
1414
54
1414
1414
1414
1414
1414
1414
54
1414
1414
1414
1414
54
1414
1414
1414
54
1414
1414
1414
54
1414
1414
1414
54
1414
1414
1414
1414
1414
54
1414
1414
1414
54
1414
1414
1414
54
1414
1414
54
1414
1414
1414
1414
1414
54
1414
1414
54
1414
1414
1414
1414
54
1414
1414
1414
54
1414
1414
54
1414
1414
1414
1414
1414
1414
1414
1414
1414
54
1414
1414
54
1414
1414
1414
1414
54
1414
1414
54
1414
1414
54
1414
1414
54
1414
1414
54
1414
1414
54
1414
1414
54
1414
54
1414
1414
1414
1414
54
1414
1414
54
1414
1414
1414
1414
54
1414
1414
54
1414
1414
54
1414
1414
54
1414
1414
54
1414
1414
54
1414
1414
1414
54
1414
1414
54
1414
1414
54
1414
1414
54
1414
54
1414
1414
1414
1414
54
1414
1414
54
1414
1414
1414
54
1414
1414
1414
1414
1414
1414
1414
1414
54
1414
1414
1414
1414
54
1414
1414
1414
1414
1414
54
1414
1414
1414
1414
1414
1414
54
1414
1414
54
1414
1414
54
1414
1414
1414
54
1414
1414
1414
1414
1414
1414
1414
1414
54
1414
1414
1414
1414
54
1414
1414
1414
54
1414
1414
1414
1414
1414
54
1414
1414
1414
1414
1414
66
66
66
66
1414
66
1414
66
1414
1414
1414
1414
1414
66
66
66
66
66
1414
1414
1414
66
66
66
1414
1414
1414
66
66
66
1414
1414
66
66
1414
66
1414
1414
1414
1414
66
66
66
66
1414
66
1414
1414
66
66
1414
1414
66
66
1414
1414
66
66
1414
1414
66
66
1414
1414
1414
1414
1414
66
66
66
66
66
1414
1414
1414
1414
1414
1414
1414
66
66
66
66
66
66
66
1414
1414
66
66
1414
1414
66
66
1414
1414
66
66
1414
1414
1414
66
66
66
1414
66
1414
1414
66
66
1414
1414
66
54
1414
1414
1414
54
1414
1414
54
1414
1414
1414
54
1414
1414
54
1414
1414
54
1414
1414
54
1414
1414
1414
1414
1414
54
1414
1414
54
1414
1414
54
1414
1414
54
1414
1414
1414
1414
1414
1414
1414
1414
54
1414
1414
54
1414
54
1414
1414
54
1414
1414
54
1414
1414
54
1414
1414
54
1414
1414
54
1414
1414
1414
1414
1414
54
1414
1414
54
1414
1414
54
1414
1414
54
1414
1414
1414
54
1414
1414
1414
54
1414
1414
54
1414
1414
54
1414
1414
1414
54
1414
1414
1414
1414
1414
1414
1414
1414
1414
54
1414
1414
1414
1414
1414
54
1414
1414
54
1414
1414
1414
54
1414
1414
54
1414
54
1414
1414
1414
1414
54
1414
1414
1414
1414
1414
1414
54
1414
1414
54
1414
1414
1414
54
1414
1414
54
1414
1414
54
1414
1414
54
1414
54
1414
1414
54
1414
1414
54
1414
1414
1414
54
1414
1414
54
1414
54
1414
1414
54
1414
1414
1414
1414
1414
1414
1414
1414
1414
1414
54
1414
1414
1414
1414
1414
1414
54
1414
1414
1414
54
1414
1414
54
1414
1414
1414
54
1414
1414
1414
1414
1414
54
1414
1414
1414
1414
54
1414
1414
1414
1414
1414
1414
1414
1414
1414
1414
54
1414
54
1414
1414
1414
1414
1414
54
1414
1414
1414
54
1414
1414
1414
1414
54
1414
1414
1414
54
1414
1414
1414
54
1414
1414
1414
1414
1414
1414
54
1414
1414
1414
54
1414
1414
54
1414
1414
1414
54
1414
1414
54
1414
1414
1414
1414
54
1414
1414
1414
54
1414
1414
1414
54
1414
1115
54
54
54
54
546
54
128
92
54
100
100
55
66
54
1362
1414
1414
1414
54
1414
1414
1414
1414
1414
1414
1414
1414
1414
54
1414
1414
1414
1414
1414
1414
1414
1414
54
1414
1414
1414
54
1414
1414
1414
54
1414
1414
54
1414
1414
1414
1414
1414
1414
1414
1414
1414
1414
54
1414
1414
54
1414
1414
1414
54
1414
1414
54
1414
1414
1414
1414
1414
1414
1414
1414
1414
1414
54
1414
1414
1414
1414
1414
1414
1414
1414
1414
1414
54
1414
1414
1414
1414
1414
1414
1414
1414
1414
1414
54
1414
1414
54
1414
1414
54
1414
1414
1414
1414
54
1414
1414
1414
1414
1414
54
1414
54
1414
1414
54
1414
1414
54
1414
1414
1414
54
1414
1414
1414
1414
1414
1414
1414
1414
1414
1414
54
739
425
192
1414
1414
1414
1414
1414
1414
1414
1414
1414
1414
54
1414
1414
1414
1414
1414
1414
1414
1414
1414
1414
54
1414
1414
1414
1414
1414
1414
1414
1414
1414
1414
54
1414
1414
1414
54
1414
1414
54
1414
1414
1414
1414
1414
54
1414
1414
1414
1414
54
1414
1414
54
1414
1414
54
1414
1414
54
54
54
1414
1414
54
1414
1414
54
1414
1414
1414
1414
1414
1414
1414
54
1414
1414
1414
1414
1414
1414
54
1414
1414
1414
1414
54
1414
1414
1414
54
1414
1414
1414
1414
1414
54
1414
1414
1414
54
1414
1414
1414
54
1414
1414
1414
1414
54
1414
1414
1414
1414
54
1414
1414
1414
1414
1414
1414
1414
54
1414
1414
1414
54
1414
1414
1414
54
1414
54
1414
1414
54
1414
912
54
138
156
1346
54
361
131
356
54
54
54
54
491
138
54
237
138
54
100
100
128
1354
134
100
54
54
54
100
453
220
1414
1414
54
1414
1414
1414
1414
1414
54
1414
1414
1414
1414
54
1414
1414
1414
1414
54
1414
1414
1414
1414
1414
1414
1414
54
1414
1414
54
1414
1414
1414
54
1414
1414
1414
1414
54
1414
1414
1414
1414
1414
54
1414
1414
1414
1414
54
1414
1414
54
1414
1414
1414
1414
54
66
1414
1414
1414
456
54
54
54
1356
66
54
571
1414
1414
54
1414
1414
1414
1414
54
1414
1414
1414
54
1414
1414
1414
1414
1414
1414
1414
1414
54
1414
1414
1414
1414
54
1414
1414
1414
1414
54
1414
1414
1414
54
1414
1414
54
1414
1414
1414
54
199
1414
54
1414
1414
1414
54
1414
1414
270
54
1414
1414
54
1414
1414
54
154
1414
1414
1414
1414
54
121
1414
1414
54
1414
1414
1414
1414
1414
1414
1414
66
66
66
66
66
1414
74
1414
1414
74
74
1414
1414
1414
1414
74
82
82
82
1414
1414
1414
1414
90
90
90
90
1414
1414
1414
1414
90
90
90
90
1414
1414
1302
294
90
90
90
90
1390
1390
1390
1390
1390
66
66
66
66
66
1390
1390
1390
1414
1414
1414
74
74
74
90
90
90
1414
1414
1414
90
90
90
1414
1414
1414
1414
1414
1390
1366
1414
1414
1414
90
90
90
90
90
82
90
90
90
90
1318
1414
1414
1414
1414
1414
1414
90
90
90
90
90
90
90
1414
54
1414
1414
1414
1414
90
90
90
90
90
1414
90
1414
54
1414
90
90
1414
134
1414
86
1414
92
100
1414
102
92
90
90
90
90
90
66
66
90
66
66
100
1414
1414
1414
66
90
90
90
1414
1414
1414
90
90
90
1414
1414
1414
1414
1414
1414
1414
1414
90
90
90
90
90
90
90
90
1286
1414
54
1414
90
90
90
1414
90
1414
90
1414
1414
90
90
1414
1414
90
90
1414
1414
90
90
1414
1414
1222
1414
90
90
90
90
1414
1414
1414
90
90
90
1414
1414
90
82
66
1414
134
1414
82
74
74
1414
1414
74
66
393
1414
1414
1414
1414
54
66
66
598
66
66
267
336
1414
1414
66
66
1414
1414
1414
1414
1414
1414
66
66
54
54
54
1414
1414
54
54
54
1414
54
1414
1414
1414
54
1414
1414
54
1414
1414
54
1414
1414
54
1414
54
1414
1414
54
1414
1414
54
1414
1414
1414
54
1414
1414
1414
54
1414
1414
1414
54
1414
1414
54
1414
1414
1414
1414
1414
1414
1414
1414
54
1414
1414
1414
1414
54
1414
1414
1414
54
54
1414
1414
1414
1414
1414
54
1414
1414
1414
54
1414
1414
1414
54
1414
199
1414
742
54
54
774
975
341
54
100
100
100
1414
1414
54
1414
1414
1414
1414
1414
1414
1414
66
66
66
1414
284
1414
66
66
100
1414
1414
1414
74
74
74
1414
1414
74
82
1414
1414
82
90
1414
1414
1414
1414
90
90
90
90
1414
1414
1414
90
90
90
1414
1414
1414
90
90
90
1414
90
1414
1414
1414
90
90
90
1414
1414
1414
1414
90
90
90
90
1414
1414
163
100
1414
90
90
66
90
1414
1414
90
90
1414
1414
90
66
1414
1414
1414
183
1390
54
90
90
90
90
90
1390
1390
54
1414
1414
1414
1414
1414
1414
1414
90
90
90
90
90
82
74
90
90
1414
1414
1414
1414
1414
1414
1414
1414
1414
1414
90
66
66
90
90
90
90
90
90
90
1414
1414
1414
125
1414
66
54
90
54
90
1414
1414
90
90
100
100
1414
1414
90
90
1414
1414
90
90
1414
1414
1414
1414
66
90
90
90
90
54
273
1414
1414
1414
1414
1414
1414
1414
90
90
90
90
90
90
90
1414
1414
1414
1414
90
82
74
74
1414
66
1414
107
604
54
54
54
129
92
100
105
66
54
134
100
66
66
100
186
66
163
100
54
100
452
54
100
100
54
54
1357
660
446
100
54
1035
1414
1414
54
1414
70
182
54
345
427
54
100
100
181
618
107
104
96
347
54
54
54
54
54
105
92
100
54
100
54
348
110
96
54
92
54
92
317
121
100
54
100
54
1414
1414
54
1414
1414
54
1414
1414
54
1414
1414
54
1414
1414
54
1414
1414
1414
54
1414
1414
54
1414
1414
54
1414
54
1414
1414
1414
1414
54
1414
1414
1414
54
1414
1414
54
1414
1414
54
1414
1414
54
1414
1414
54
1414
54
1414
1414
54
1414
1414
1414
1414
54
1414
1414
54
1414
1414
54
1414
1414
54
1414
1414
54
186
1414
1414
1414
54
100
1414
1414
1414
54
1414
1414
54
1414
1414
54
1414
1414
1414
1414
54
1414
1414
54
1414
1414
54
1414
1414
54
1414
1414
54
1414
1414
54
1414
1414
54
1414
1414
54
1414
1414
54
1414
1414
1414
1414
66
66
66
1414
1414
74
74
1414
1414
1414
1414
74
74
74
74
1414
1414
82
90
1414
1414
1414
90
90
90
1414
1414
90
90
1414
1414
90
90
1414
1414
1414
1414
90
90
90
90
1414
1414
90
90
1414
1414
1414
90
90
90
1414
1414
1414
90
90
90
1414
1414
90
90
1414
1414
1414
90
90
90
1414
1414
90
90
1414
1414
1414
90
90
90
1414
1414
90
90
1414
1414
1414
90
90
90
1414
1414
90
90
1414
1414
90
90
1414
1414
1414
1414
90
90
90
90
1414
1414
1414
90
90
90
1414
1414
1414
1414
1414
1414
90
90
90
90
90
90
1414
90
1414
1414
90
90
1414
1414
90
90
1414
1414
1414
90
90
90
1414
54
1414
90
90
1414
1414
90
90
1414
90
1414
1414
1414
1414
1414
90
90
90
90
90
1414
1414
1414
1414
90
90
90
90
1414
1414
82
82
1414
1414
82
82
1414
1414
82
82
1414
1414
82
74
1414
1414
1414
74
74
74
1414
1414
1414
1414
1414
1414
1414
74
74
66
66
66
66
66
1414
1414
1414
66
66
54
1414
1414
1414
54
1414
1414
54
1414
1414
1414
1414
54
1414
1414
1414
1414
1414
1414
54
1414
1414
1414
1414
54
54
1414
1414
54
1414
1414
1414
1414
1414
1414
54
1414
1414
1414
1414
54
1414
1414
1414
54
1414
1414
54
1414
1414
54
1414
54
1414
1414
54
54
1414
1414
1414
1414
54
1414
1414
54
1414
1414
1414
1414
1414
1414
1414
1414
1414
1414
54
1414
1414
1414
1414
1414
1414
1414
54
1414
1414
1414
1414
54
1414
1414
54
1414
1414
54
1414
1414
54
1414
1414
54
1414
1414
1414
54
1414
1414
1414
54
1414
1414
54
1414
54
1414
1414
1414
1414
54
1414
1414
54
1414
1414
54
1414
1414
54
1414
1414
54
1414
1414
1414
1414
54
1414
1414
1414
1414
1414
1414
54
1414
1414
54
1414
1414
54
1414
1414
54
1414
1414
54
1414
1414
54
1414
1414
54
1414
1414
54
1414
1414
54
1414
1414
54
1414
1414
1414
1414
1414
54
1414
1414
1414
54
1414
1414
54
1414
1414
1414
1414
54
1414
1414
1414
54
1414
1414
54
1414
1414
54
1414
1414
54
1414
1414
54
1414
1414
54
1414
1414
54
1414
54
1414
1414
54
1414
1414
54
1414
1414
54
1414
1414
54
1414
1414
54
1414
1414
1414
54
1414
1414
54
1414
1414
54
1414
1414
54
1414
1414
54
1414
1414
1414
54
1414
1414
54
1414
1414
54
1414
1414
1414
54
1414
1414
54
1414
1414
54
1414
1414
54
1414
1414
54
1414
1414
54
1414
1414
54
1414
1414
54
1414
1414
54
1414
1414
54
1414
1414
1414
54
1414
1414
54
1414
1414
66
66
1414
1414
66
66
1414
1414
66
66
1414
1414
1414
66
66
66
1414
1414
66
66
1414
1414
1414
66
66
66
1414
1414
66
66
1414
1414
1414
1414
1414
66
66
66
66
66
1414
1414
66
66
1414
1414
66
66
1414
1414
1414
1414
1414
1414
1414
1414
1414
66
66
66
66
66
66
66
66
66
1414
1414
1414
66
66
66
1414
1414
1414
66
66
66
1414
1414
1414
1414
1414
1414
1414
1414
66
66
66
66
66
66
66
66
1414
1414
1414
1414
1414
66
66
66
66
66
1414
1414
1414
1414
66
66
66
66
1414
1414
1414
1414
1414
1414
1414
1414
54
54
1414
1414
1414
1414
1414
54
1414
1414
1414
54
1414
1414
1414
54
1414
1414
54
1414
1414
54
1414
1414
54
1414
1414
54
1414
1414
54
1414
1414
1414
1414
1414
1414
1414
54
1414
1414
1414
54
1414
1414
1414
54
1414
1414
54
1414
1414
54
1414
1414
54
1414
1414
1414
54
1414
1414
54
1414
1414
1414
1414
1414
1414
54
1414
1414
1414
54
1414
1414
54
1414
1414
1414
54
1414
1414
1414
1414
1414
1414
54
1414
1414
1414
54
1414
1414
54
1414
54
1414
1414
1414
54
1414
1414
1414
1414
1414
54
1414
1414
54
1414
1414
1414
54
1414
1414
1414
1414
1414
54
1414
1414
54
1414
1414
54
1414
1414
54
1414
1414
54
1414
1414
54
1414
1414
1414
1414
1414
54
1414
1414
1414
54
1414
1414
54
1414
1414
54
1414
1414
54
1414
1414
54
1414
1414
54
1414
1414
54
1414
1414
1414
1414
1414
54
1414
1414
1414
1414
54
1414
1414
54
1414
1414
54
1414
1414
54
1414
1414
54
1414
54
1414
1414
1414
54
1414
1414
54
1414
1414
54
1414
1414
54
1414
1414
54
1414
1414
1414
1414
54
1414
1414
1414
54
1414
1414
54
1414
1414
1414
1414
54
1414
1414
1414
54
1414
1414
1414
54
1414
1414
54
1414
1414
54
1414
1414
54
1414
1414
54
1414
1414
1414
54
1414
1414
1414
1414
54
1414
1414
54
1414
1414
54
1414
1414
54
1414
1414
54
1414
1414
1414
1414
1414
1414
54
1414
1414
1414
1414
54
1414
1414
1414
54
1414
1414
54
1414
1414
1414
54
1414
1414
1414
1414
1414
1414
1414
1414
54
1414
1414
1414
1414
1414
1414
54
1414
1414
1414
1414
1414
1414
1414
54
1414
1414
1414
54
1414
1414
1414
54
1414
1414
1414
1414
1414
1414
1414
1414
1414
1414
54
1414
1414
1414
1414
1414
1414
54
1414
1414
1414
1414
54
1414
1414
1414
1414
54
1414
1414
54
1414
1414
54
1414
1414
54
1414
1414
1414
1414
1414
1414
1414
1414
54
1414
1414
1414
1414
1414
1414
1414
54
1414
54
1414
1414
1414
1414
1414
1414
1414
1414
1414
54
1414
1414
1414
1414
1414
1414
1414
1414
1414
1414
54
1414
1414
1414
1414
54
1414
1414
1414
1414
1414
1414
1414
1414
54
1414
1414
54
1414
54
1414
1414
1414
54
1414
1414
54
1414
54
1414
1414
1414
54
1414
1414
54
1414
54
1414
1414
54
1414
1414
1414
54
1414
1414
54
1414
54
1414
1414
54
1414
1414
1414
54
1414
54
1414
1414
1414
54
1414
1414
54
1414
1414
54
1414
1414
54
1414
1414
1414
1414
54
1414
1414
1414
54
1414
1414
54
1414
1414
1414
54
1414
1414
54
1414
1414
54
1414
1414
54
1414
1414
54
1414
54
1414
1414
1414
1414
1414
54
1414
1414
54
1414
1414
54
1414
1414
54
1414
1414
54
1414
1414
54
1414
54
1414
1414
1414
1414
1414
1414
1414
1414
1414
1414
1414
54
1414
1414
1414
1414
1414
54
1414
1414
54
1414
1414
54
1414
1414
1414
1414
54
1414
1414
1414
54
1414
1414
54
1414
1414
54
1414
1414
54
1414
1414
1414
1414
1414
1414
1414
1414
1414
1414
54
1414
54
1414
1414
1414
1414
1414
54
1414
1414
1414
1414
54
1414
1414
1414
54
1414
1414
54
1414
1414
1414
54
1414
1414
54
1414
1414
1414
1414
1414
1414
54
1414
1414
1414
1414
54
1414
1414
54
1414
1414
54
1414
1414
54
1414
1414
1414
1414
54
1414
1414
54
1414
1414
54
1414
1414
54
1414
1414
54
1414
1414
54
1414
1414
54
1414
1414
54
1414
1414
1414
1414
1414
54
1414
1414
1414
54
1414
1414
54
1414
1414
54
1414
1414
54
1414
1414
54
1414
1414
54
1414
54
1414
1414
54
1414
1414
54
1414
1414
54
1414
1414
54
1414
1414
1414
1414
54
1414
1414
54
1414
1414
54
1414
1414
1414
54
1414
1414
54
1414
54
1414
1414
54
1414
1414
54
1414
1414
54
1414
1414
54
1414
1414
54
1414
1414
54
1414
1414
1414
54
1414
1414
54
1414
1414
54
1414
1414
54
1414
1414
54
1414
1414
54
1414
54
1414
1414
1414
1414
54
1414
1414
1414
631
54
1355
54
1414
1414
1414
1414
54
1414
1414
1414
1414
1414
1414
54
1414
1414
1414
54
1414
1414
1414
1414
1414
1414
54
1414
1414
1414
1414
54
1414
1414
54
1414
1414
54
1414
1414
1414
1414
54
1414
1414
1414
54
1414
1414
54
1414
1414
54
1414
1414
54
1414
1414
54
1414
1414
54
1414
1414
1414
1414
1414
54
1414
1414
1414
54
1414
1414
54
1414
1414
54
1414
1414
54
1414
1414
54
1414
1414
54
1414
1414
54
1414
1414
54
1414
1414
1414
54
1414
1414
54
1414
1414
54
1414
1414
54
1414
1414
1414
1414
54
1414
1414
1414
54
1414
1414
1414
54
1414
1414
54
1414
1243
54
1356
54
1414
1414
54
1414
1414
54
1414
1414
54
1414
1414
1414
1414
1414
1414
54
1414
1414
1414
1414
54
1414
1414
54
1414
1414
54
1414
1414
1414
54
1414
1414
54
1414
1414
1414
1414
54
1414
1414
1414
54
1414
1414
54
1414
1414
54
1414
1414
1414
1414
1414
1414
1414
1414
54
1414
1414
1414
1414
1414
54
1414
1414
1414
54
1414
1414
54
1414
1414
54
1414
1414
54
1414
1414
54
1414
1414
54
1414
1414
54
1414
1414
1414
1414
1414
1414
1414
54
1414
1414
1414
1414
54
1414
1414
1414
54
1414
1414
1414
54
1414
1414
54
1414
1414
1414
1414
1414
54
1414
1414
1414
54
1414
1414
1414
54
1414
1414
1414
54
1414
1414
54
1414
1414
1414
54
1414
1414
54
1414
1414
54
1414
1414
54
1414
1414
54
1414
1414
54
1414
1414
1414
54
1414
54
1414
1414
54
1414
1414
54
1414
1414
54
1414
1414
1414
1414
1414
1414
1414
54
1414
1414
1414
1414
54
1414
1414
54
1414
1414
1414
54
1414
1414
54
1414
1414
54
1414
1414
1414
54
1414
1414
1414
54
1414
1414
54
1359
1414
1414
54
1414
1414
54
1414
1414
54
1414
1414
1414
54
1414
1414
54
1414
1414
54
1414
54
1414
1414
54
1414
471
54
1414
1414
54
1414
1414
1414
54
1414
1414
54
1414
1414
1414
1414
1414
1414
54
1414
1414
54
1414
1414
54
1414
1414
54
1414
1414
54
1414
1414
54
1414
1414
54
1414
1414
54
1414
54
1414
1414
54
1414
1414
54
1414
1414
54
1414
1414
54
1414
1414
54
1414
1414
1414
54
1414
1414
54
1414
1414
1414
1414
54
1414
1414
1414
1042
66
1414
54
1414
1414
54
1414
1414
1414
1414
1414
1414
54
1414
1414
1414
1414
54
1414
1414
1414
1414
1414
1414
1414
54
1414
1414
1414
1414
54
1414
1414
1414
54
1414
1414
1414
54
1414
1414
54
1414
1414
54
1414
1414
54
1414
1414
54
1414
1414
1414
54
1414
1414
1414
1414
1414
1414
1414
54
1414
1414
1414
54
1414
1414
1414
54
1414
1414
54
1414
1414
54
1414
1414
54
1414
1414
54
1414
1414
54
1414
1414
1414
54
1414
1414
1414
54
1414
1414
54
1414
54
1414
1414
54
1414
1414
54
1414
1414
54
1414
1414
54
1414
1414
54
1414
1414
1414
54
1414
1414
54
1414
1414
54
1414
1414
54
1414
1414
1414
54
1414
1414
1414
1414
54
1414
1414
1414
54
1414
1414
54
1414
1414
54
1414
1414
54
1414
1414
1414
54
1414
1414
1414
54
1414
1414
54
1414
1414
54
1414
1414
1414
1414
54
1414
1414
54
1414
1414
54
1414
1414
1414
1414
1414
54
1414
1414
1414
54
1414
1414
54
1414
1414
54
1414
1414
54
1414
1414
54
1414
1414
54
1414
1414
54
1414
1414
1414
54
1414
1414
1414
1414
54
1414
1414
1414
54
1414
1414
54
1414
1414
1414
1414
54
1414
1414
1414
54
1414
1414
54
1414
1414
54
1414
1414
54
1414
1414
54
1414
1414
54
1414
1414
54
1414
1414
54
1414
1414
54
1414
1414
1414
54
1414
54
1414
1414
54
1414
1414
1414
1414
54
1414
1414
1414
54
1414
1414
54
1414
1414
54
1414
1414
54
1414
1414
54
1414
54
1414
1414
54
1414
1414
54
1414
1414
54
1414
1414
54
1414
1414
1414
1414
54
1414
1414
1414
54
1414
1414
1414
54
1414
1414
1414
1414
1414
54
1414
1414
1414
54
1414
1414
1414
1414
1414
1414
1414
1414
54
1414
1414
1414
1414
54
1414
1414
54
1414
1414
54
1414
1414
54
1414
1414
54
1414
1414
54
1414
1414
54
1414
1414
1414
1414
54
1414
1414
1414
1414
1414
1414
1414
1414
54
1414
1414
1414
1414
54
1414
1414
1414
54
1414
1414
1414
54
1414
1414
1414
54
1414
1414
54
1414
1414
1414
54
1414
1414
54
1414
1414
54
1414
1414
1414
1414
1414
54
1414
1414
1414
1414
1414
1414
54
1414
1414
1414
1414
54
1414
1414
1414
54
1414
1414
1414
1414
1414
54
1414
1414
1414
54
1414
1414
1414
1414
54
1414
1414
1414
54
1414
1414
54
1414
1414
54
1414
54
1414
1414
54
1414
1414
54
1414
1414
54
1414
1414
54
1414
1414
1414
54
1414
1414
54
1414
1414
54
1414
1414
54
1414
1414
54
1414
54
1414
1414
1414
54
1414
1414
1414
54
1414
1414
54
1414
1414
1414
54
1414
1414
54
1414
54
1414
1414
54
1414
1414
54
1414
1414
54
1414
1414
54
1414
1414
1414
1414
54
1414
1414
1414
54
1414
1414
54
1414
1414
54
1414
1414
54
1414
1414
54
1414
1414
54
1414
1414
54
1414
1414
1414
1414
1414
54
1414
1414
1414
1414
54
1414
1414
54
1414
1414
54
1414
1414
54
1414
1414
1414
54
1414
1414
54
1414
1414
54
1414
1414
1414
1414
1414
54
1414
1414
1414
54
1414
1414
54
1414
1414
1414
54
1414
1414
54
1414
1414
1414
54
1414
1414
54
1414
1414
54
1414
1414
54
1414
1414
54
1414
1414
54
1414
1414
54
1414
1414
54
1414
1414
54
1414
54
1414
1414
54
1414
1414
1414
1414
54
1414
1414
1414
54
1414
1414
54
1414
1414
1414
54
1414
1414
1414
54
1414
1414
54
1414
54
1414
1414
54
1414
1414
54
1414
1414
54
1414
1414
54
1414
1414
1414
1414
1414
54
1414
54
1414
1414
1414
1414
54
1414
1414
1414
1414
1414
1414
1414
1414
1414
54
1414
1414
1414
1414
54
1414
1414
1414
54
1414
1414
54
1414
1414
1414
54
1414
1414
54
1414
1414
1414
1414
1414
1414
1414
1414
1414
1414
54
1414
1414
1414
54
1414
1414
1414
1414
1414
1414
54
1414
1414
1414
1414
54
1414
1414
54
1414
1414
54
1414
1414
1414
1414
1414
1414
1414
1414
54
1414
1414
1414
1414
54
1414
1414
1414
1414
1414
54
1414
1414
54
1414
1414
1414
1414
1414
1414
1414
1414
54
1414
1414
54
1414
1414
1414
1414
54
1414
1414
1414
1414
54
1414
1414
1414
1414
1414
1414
1414
54
1414
1414
54
1414
1414
54
1414
1414
1414
54
1414
1414
54
1414
1414
1414
54
1414
1414
1414
54
1414
1414
54
1414
1414
54
1414
1414
54
1414
1414
54
1414
1414
54
1414
1414
54
1414
1414
54
1414
54
1414
1414
1414
1414
54
1414
1414
1414
54
1414
54
1414
1414
1414
1414
1414
1414
1414
1414
1414
1414
1414
54
1414
54
1414
1414
1414
1414
1414
1414
54
1414
1414
1414
1414
1414
1414
1414
54
1414
1414
54
1414
1414
1414
54
1414
1414
54
1414
1414
1414
1414
1414
1414
1414
54
1414
1414
54
1414
1414
1414
1414
1414
1414
1414
54
1414
1414
1414
1414
54
1414
1414
1414
54
1414
1414
54
1414
1414
54
1414
1414
1414
1414
1414
1414
1414
54
1414
1414
1414
54
1414
54
1414
1414
54
1414
1414
54
1414
1414
54
1414
1414
1414
1414
1414
54
55
1414
1414
1414
1414
54
1414
1414
54
1414
1414
54
1414
54
1414
1414
1414
1414
1414
1414
1414
54
1414
1414
1414
54
1414
1414
1414
1414
54
1414
1414
1414
54
1414
1414
54
1414
1414
1414
1414
1414
1414
1414
66
1414
1414
54
1414
1414
1414
54
1414
1414
54
1414
1414
1414
54
1414
1414
54
1414
1414
54
1414
1414
54
1414
1414
54
1414
1414
54
1414
1414
1414
1414
1414
1414
1414
1414
1414
54
1414
1414
1414
1414
1414
54
1414
1414
1414
1414
54
1414
1414
54
1414
1414
54
1414
1414
1414
54
1414
1414
54
1414
1414
54
1414
1414
54
1414
1414
1414
1414
1414
1414
1414
54
1414
1414
1414
54
1414
1414
1414
54
1414
1414
54
1414
1414
54
1414
1414
54
1414
1414
54
1414
1414
1414
54
1414
1414
54
1414
1414
54
1414
1414
54
1414
1414
1414
1414
54
1414
1414
1414
54
1414
1414
54
1414
1414
54
1414
1414
54
1414
1414
1414
1414
54
1414
1414
1414
1414
54
1414
1414
54
1414
1414
1414
1414
54
1414
1414
54
1414
1414
54
1414
1414
1414
54
1414
1414
1414
54
1414
1414
1414
54
1414
1414
54
1414
54
1414
1414
54
1414
1414
54
1414
1414
54
1414
1414
54
1414
1414
54
1414
1414
1414
54
1414
1414
54
1414
1414
54
1414
1414
54
1414
1414
1414
54
1414
1414
54
1414
1414
54
1414
1414
54
1414
1414
1414
54
1414
1414
54
1414
54
1414
1414
54
1414
1414
54
1414
1414
1414
54
1414
54
1414
1414
1414
1414
1414
54
1414
1414
1414
54
1414
1414
54
1414
1414
54
1414
1414
54
1414
1414
1414
54
1414
1414
1414
54
1414
1414
1414
1414
54
1414
1414
1414
66
66
66
1414
1414
66
66
1414
66
1414
1414
66
66
1414
1414
1414
66
66
66
1414
66
1414
1414
66
66
1414
1414
74
74
1414
1414
1414
74
74
74
1414
1414
74
74
1414
1414
74
74
1414
1414
1414
74
74
74
1414
1414
74
74
1414
1414
1414
74
74
74
1414
1414
74
74
1414
1414
74
82
1414
1414
82
82
1414
82
1414
1414
82
82
1414
1414
82
82
1414
1414
82
82
1414
1414
82
82
1414
1414
1414
1414
1414
1414
1414
1414
82
82
82
82
82
82
82
82
1414
1414
1414
1414
82
82
82
74
1414
1414
1414
74
74
74
1414
1414
74
74
1414
1414
1414
74
74
74
1414
1414
74
66
1414
1414
1414
1414
66
66
66
66
1414
1414
1414
66
66
66
1414
1414
66
66
1414
1414
66
66
1414
1414
1414
1414
1414
1414
66
66
54
54
1414
1414
1414
1414
54
1414
1414
54
1414
1414
54
1414
1414
1414
1414
54
1414
1414
54
1414
1414
1414
1414
54
1414
1414
1414
1414
54
1414
1414
1414
1414
1414
1414
1414
54
1414
1414
1414
1414
54
1414
1414
1414
54
1414
1414
54
1414
1414
54
1414
1414
54
1414
1414
1414
1414
54
1414
1414
54
1414
54
1414
1414
1414
54
1414
1414
1414
1414
1414
1414
54
1414
1414
1414
1414
1414
1414
1414
54
1414
1414
1414
54
1414
1414
1414
1414
1414
54
1414
1414
54
1414
1414
1414
1414
54
1414
1414
1414
54
1414
1414
54
1414
54
1414
1414
1414
1414
1414
54
1414
1414
1414
54
1414
1414
1414
1414
54
1414
1414
1414
1414
1414
1414
54
1414
1414
1414
54
1414
1414
1414
54
1414
1414
1414
54
1414
1414
54
1414
1414
54
1414
1414
54
1414
1414
1414
54
1414
1414
54
1414
1414
1414
54
1414
1414
1414
54
1414
1414
1414
54
1414
1414
1414
1414
54
1414
1414
54
1414
1414
54
1414
1414
54
1414
1414
54
1414
1414
54
1414
1414
54
1414
1414
54
1414
1414
54
1414
1414
54
1414
1414
54
1414
1414
1414
1414
54
1414
1414
1414
54
1414
1414
1414
1414
54
1414
1414
54
1414
1414
1414
1414
54
1414
1414
54
1414
1414
54
1414
1414
54
1414
1414
54
1414
1414
54
1414
1414
1414
1414
54
1414
1414
1414
1414
1414
1414
54
1414
1414
54
1414
1414
1414
54
1414
54
1414
1414
1414
1414
1414
1414
1414
1414
1414
1414
54
1414
1414
1414
1414
1414
1414
1414
54
1414
1414
1414
1414
1414
1414
1414
1414
1414
1414
54
1414
1414
1414
1414
1414
54
1414
1414
1414
1414
1414
1414
1414
1414
54
1414
1414
54
379
1344
1414
1414
1414
54
1414
1414
1414
1414
1414
1414
1414
1414
1414
54
1414
1414
1414
1414
1414
54
1414
1414
1414
1414
54
1414
1414
1414
54
1414
1414
1414
1414
54
1414
1414
1414
1414
1414
54
1414
1414
1414
1414
1414
1414
1414
1414
1414
1414
54
1414
1414
1414
1414
1414
1414
1414
1414
1414
1414
54
1414
1414
1414
1414
1414
1414
1414
1414
1414
1414
54
1414
1414
1414
1414
1414
1414
1414
1414
1414
1414
54
1414
1414
1414
54
1414
1414
54
1414
1414
54
1414
1414
54
1414
1414
54
1414
1414
54
1414
1414
1414
54
1414
1414
54
1414
1414
54
1414
1414
1414
54
1414
1414
54
1414
1414
54
1414
1414
1414
54
1414
1414
1414
1414
54
1414
1414
1414
54
1414
1414
1414
54
1414
1414
54
1414
1414
1414
54
1414
1414
1414
54
1414
1414
1414
54
1414
1414
1414
1414
1414
1414
54
1414
1414
1414
1414
54
576
1414
1414
1414
1414
1414
1414
54
1414
1414
1414
54
1414
1414
1414
1414
1414
1414
1414
54
1414
1414
1414
1414
1414
1414
1414
1414
1414
54
1414
1414
1414
1414
54
1414
1414
1414
54
1414
1414
1414
1414
1414
1414
1414
54
1414
1414
1414
1414
1414
1414
54
1414
1414
1414
1414
1414
1414
1414
1414
1414
1414
54
1414
1414
1414
1414
1414
1414
1414
1414
54
1414
1414
1414
1414
1414
54
1414
1414
1414
1414
54
1414
1414
1414
54
1414
1414
1414
1414
1414
1414
1414
1414
54
1414
1414
1414
1414
1414
1414
54
1414
1414
1414
1414
1414
1414
1414
1414
54
1414
1414
1414
1414
1414
1414
54
1414
1414
1414
1414
1414
1414
1414
1414
54
1414
1414
1414
1414
1414
1414
54
1414
1414
1414
1414
1414
54
1414
1414
1414
1414
54
1414
1414
54
1414
1414
1414
54
1414
1414
1414
54
1414
1414
1414
54
1414
1414
1414
54
1414
1414
1414
1414
54
1414
1414
1414
1414
54
1414
1414
1414
54
1414
1414
1414
54
1414
1414
1414
54
1414
1414
1414
54
1414
1414
1414
54
1414
1414
1414
54
1414
1414
1414
1414
1414
54
1414
1414
54
1414
1414
1414
54
1414
1414
54
1414
1414
1414
54
1414
1414
1414
54
1414
1414
54
1414
1414
1414
54
1414
1414
1414
1414
54
1414
1414
1414
1414
54
1414
1414
1414
54
1414
1414
1414
54
1414
1414
1414
54
1414
1414
1414
1414
1414
54
1414
1414
1414
1414
1414
1414
54
1414
1414
1414
1414
54
1414
1414
1414
1414
54
1414
1414
1414
54
54
1414
1414
1414
128
92
100
54
54
100
1414
1414
1414
54
1414
1414
1414
1414
1414
1414
54
1414
1414
1414
54
1414
1414
1414
54
1414
1414
1414
54
1414
1414
54
1414
1414
1414
54
1414
1414
1414
54
1414
1414
1414
54
1414
1414
1414
54
1414
1414
1414
1414
1414
1414
1414
1414
1414
1414
54
1414
1414
1414
1414
1414
1414
1414
54
1414
1414
1414
1414
1414
1414
1414
1414
1414
1414
54
1414
1414
1414
1414
1414
1414
1414
1414
1414
1414
54
1414
1414
1414
54
1414
1414
54
1414
1414
1414
1414
1414
1414
54
1414
1414
1414
1414
1414
1414
54
1414
1414
1414
1414
1414
1414
1414
1414
1414
54
1414
1414
1414
1414
1414
1414
1414
1414
1414
1414
54
1414
1414
1414
1414
1414
1414
1414
1414
1414
1414
1414
54
1414
1414
1414
54
1414
1414
1414
1414
1414
1414
1414
54
54
1414
54
1414
1414
1414
54
1414
1414
54
1414
1414
54
1414
54
1414
1414
54
1414
1414
54
1414
1414
54
1414
1414
1414
54
1414
1414
1414
54
1414
1414
54
1414
1414
1414
54
1414
1414
1414
54
1414
1414
1414
54
1414
1414
1414
54
1414
1414
1414
54
1414
1414
1414
1414
54
1414
1414
1414
1414
54
1414
1414
1414
54
1414
1414
1414
1414
1414
54
1414
1414
1414
54
1414
1414
1414
1414
54
1414
1414
1414
1414
1414
1414
1414
1414
1414
1414
54
1414
1414
1414
1414
1414
1414
1414
1414
1414
1414
54
1414
1414
54
1414
1414
1414
1414
1414
1414
1414
1414
1414
1414
54
1414
1414
1414
1414
1414
1414
1414
1414
1414
1414
54
54
1414
1414
54
1414
1359
1414
54
1414
1414
1414
54
1414
1414
54
1414
54
1414
1414
54
1414
1414
54
1414
1414
54
1414
1414
54
1414
1414
54
1414
1414
54
1414
1414
54
1414
1414
1414
54
1414
1414
54
1414
1414
1414
1414
54
1414
54
1414
1414
1414
1414
54
1414
1414
1414
54
1414
1414
54
1414
1414
54
1414
1414
54
1414
1414
54
1414
1414
1414
1414
54
1414
1414
54
1414
1414
1414
54
1414
1414
54
1414
1414
1414
1414
1414
54
54
1414
1414
1414
1414
1414
1414
1414
1414
54
54
1414
1414
1414
1414
1414
54
54
1414
1414
1414
54
1414
1414
1414
1414
54
54
1414
1414
1414
54
1414
1414
1414
54
1414
1414
54
1414
1414
54
1414
1414
66
66
1414
1414
1414
66
1414
1414
1414
1414
66
66
66
66
1414
1414
1414
74
74
66
1414
1414
66
66
1414
1414
66
82
1414
1414
1414
82
66
66
1414
1414
1414
66
90
90
1414
1414
90
74
1414
74
1414
82
1414
1414
82
90
1414
1414
90
90
1414
1414
90
90
1414
1414
90
90
1414
90
1414
90
1414
1414
1414
1414
90
90
90
90
1414
90
1414
90
1414
1414
1414
1414
1414
1414
1414
90
90
90
90
90
90
90
1414
90
1414
1414
1414
1414
1414
90
90
90
90
90
1414
1414
90
90
1414
1414
1414
1414
1414
1414
1414
1414
1414
1414
90
90
90
90
90
90
90
90
90
90
1414
1414
1414
1414
1414
1414
90
90
90
90
90
90
1414
1414
1414
1414
1414
1414
90
90
90
90
90
90
1414
1414
1414
1414
90
90
90
90
1414
1414
1414
1414
1414
1414
1414
1414
1414
90
90
90
90
90
90
90
90
90
1414
1414
1414
1414
1414
90
90
90
90
90
1414
1414
90
90
1414
1414
1414
1414
1414
1414
1414
1414
1414
90
90
90
90
90
82
82
90
90
1414
90
1414
1414
1414
1414
1414
1414
1414
1414
1414
1414
90
82
82
74
82
82
74
74
82
82
1414
74
1414
1414
1414
1414
1414
1414
1414
74
74
74
74
74
74
74
1414
1414
1414
1414
568
1414
74
74
66
74
66
54
1414
1414
1414
1414
1414
1414
1414
1414
66
66
66
66
66
54
54
1414
1414
1414
1414
1414
1414
54
1414
1414
1414
1414
1414
54
1414
1414
54
1414
54
1414
1414
1414
1414
54
1414
1414
1414
54
1414
1414
1414
54
1414
1414
1414
54
1414
1414
54
1414
1414
54
1414
54
1414
1414
54
1414
1414
1414
54
1414
1414
1414
1414
54
1414
1414
1414
54
1414
1414
1414
54
1414
1414
1414
54
1414
1414
54
1414
1414
54
1414
1414
1414
54
1414
1414
54
1414
1414
54
1414
1414
54
1414
1414
54
1414
1414
54
1414
1414
54
1414
1414
54
1414
1414
54
1414
1414
54
1414
1414
54
1414
1414
1414
54
1414
1414
54
1414
1414
1414
1414
1414
54
1414
1414
54
1414
1414
54
1414
1414
1414
1414
54
1414
1414
54
1414
1414
54
1414
1414
54
1414
1414
1414
54
1414
1414
1414
1414
1414
1414
1414
54
1414
1414
1414
1414
1414
1414
54
1414
54
1414
1414
1414
1414
54
1414
1414
54
1414
1414
54
1414
1414
54
1414
1414
1414
54
1414
1414
54
1414
1414
54
1414
1414
1414
1414
54
1414
1414
54
1414
1414
1414
54
1414
1414
1414
1414
1414
1414
1414
1414
1414
54
1414
1414
1414
1414
1414
1414
54
1414
1414
1414
54
1414
1414
1414
54
1414
54
1414
1414
54
1414
1414
54
1414
1414
54
1414
1414
54
1414
1414
54
1414
1414
1414
54
1414
1414
1414
1414
1414
54
1414
1414
1414
1414
54
1414
1414
1414
1414
1414
54
1414
1414
1414
1414
54
1414
1414
1414
1414
1414
1414
54
1414
1414
1414
1414
1414
54
1414
1414
54
1414
1414
54
1414
1414
54
1414
1414
1414
54
1414
1414
1414
1414
1414
54
1414
1414
1414
1414
1414
1414
54
1414
1414
1414
1414
54
1414
1414
1414
54
1414
1414
54
1414
1414
1414
1414
54
1414
1414
54
1414
54
1414
1414
1414
54
1414
1414
54
1414
1414
54
1414
1414
1414
54
1414
1414
1414
54
1414
54
1414
1414
1414
1414
54
1414
1414
1414
1414
1414
1414
54
1414
1414
1414
1414
1414
54
1414
1414
1414
1414
1414
1414
1414
54
1414
1414
1414
1414
54
1414
1414
1414
54
1414
1414
1414
54
1414
1414
54
1414
1414
1414
54
1414
1414
1414
54
1414
1414
54
1414
1414
54
1414
1414
1414
54
1414
1414
1414
54
1414
1414
1414
1414
1414
54
1414
1414
1414
1414
54
1414
1414
1414
54
1414
1414
1414
1414
1414
1414
54
1414
1414
1414
1414
54
1414
1414
54
1414
1414
1414
1414
1414
54
1414
1414
1414
54
1414
1414
1414
54
1414
1414
54
1414
1414
1414
1414
1414
1414
1414
1414
54
1414
1414
1414
1414
1414
1414
1414
1414
1414
1414
54
1414
1414
1414
54
1414
1414
1414
1414
1414
1414
1414
1414
54
1414
1414
54
1414
1414
1414
1414
1414
54
1414
1414
1414
1414
1414
1414
1414
1414
54
1414
1414
1414
1414
1414
54
1414
1414
1414
1414
54
1414
1414
1414
54
1414
1414
1414
54
1414
1414
54
1414
1414
1414
1414
1414
1414
54
1414
1414
54
1414
1414
1414
54
1414
1414
1414
54
1414
1414
1414
54
1414
1414
1414
1414
1414
1414
54
1414
1414
1414
54
1414
1414
1414
54
1414
1414
54
1414
1414
1414
54
1414
1414
1414
1414
1414
1414
1414
54
1414
1414
1414
1414
1414
54
1414
1414
1414
1414
54
1414
1414
1414
54
1414
1414
54
1414
1414
1414
54
1414
1414
54
1414
1414
1414
1414
1414
54
1414
1414
1414
1414
1414
54
1414
1414
1414
54
1414
1414
1414
1414
1414
1414
54
1414
1414
1414
1414
54
1414
1414
1414
1414
54
1414
1414
1414
1414
54
1414
1414
1414
54
1414
1414
1414
1414
54
1414
1414
1414
54
1414
54
1414
1414
1414
54
1414
1414
1414
1414
54
1414
1414
1414
1414
54
1414
1414
1414
54
1414
1414
1414
54
1414
1414
1414
54
1414
1414
54
1414
1414
1414
54
1414
1414
54
1414
1414
54
1414
1414
1414
1414
54
1414
1414
1414
1414
54
1414
1414
54
1414
1414
1414
54
1414
1414
54
1414
1414
54
1414
1414
1414
1414
54
1414
1414
1414
54
1414
1414
1414
54
1414
1414
54
1414
1414
54
1414
1414
54
1414
1414
1414
54
1414
1414
54
1414
1414
1414
1414
54
1414
1414
1414
54
1414
1414
1414
1414
1414
1414
1414
1414
1414
1414
54
1414
1414
1414
1414
1414
1414
1414
54
1414
1414
1414
1414
1414
54
1414
1414
1414
1414
54
1414
1414
54
1414
1414
1414
54
1414
1414
1414
1414
54
1414
1414
1414
1414
54
1414
54
1414
1414
1414
1414
54
1414
1414
1414
1414
1414
1414
1414
1414
1414
1414
54
1414
1414
1414
1414
1414
1414
1414
1414
1414
1414
54
1414
1414
54
1414
1414
1414
1414
1414
1414
1414
1414
54
1414
1414
1414
1414
54
1414
1414
54
1414
1414
54
1414
1414
1414
54
1414
1414
1414
54
1414
1414
1414
54
1414
1414
1414
54
1414
1414
54
1414
1414
54
1414
1414
54
1414
1414
54
1414
1414
1414
1414
1414
54
1414
1414
1414
1414
1414
54
1414
1414
1414
1414
1414
54
1414
1414
1414
54
1414
1414
1414
54
1414
1414
54
1414
1414
54
1414
1414
1414
54
1414
1414
1414
54
1414
1414
54
1414
1414
1414
54
1414
1414
1414
54
1414
1414
1414
1414
1414
54
1414
1414
1414
54
1414
1414
1414
1414
1414
54
1414
1414
1414
1414
1414
1414
54
1414
1414
1414
1414
1414
54
1414
1414
1414
54
1414
1414
1414
54
1414
1414
1414
54
1414
1414
1414
1414
54
1414
1414
1414
1414
54
1414
1414
54
1414
1414
54
1414
1414
54
1414
1414
1414
1414
1414
1414
1414
1414
1414
1414
54
1414
1414
1414
1414
54
1414
1414
1414
1414
1414
1414
1414
1414
1414
54
1414
1414
1414
54
1414
1414
1414
1414
1414
1414
1414
54
1414
1414
1414
54
1414
1414
54
1414
1414
54
1414
1414
54
1414
1414
1414
1414
54
1414
1414
54
1414
1414
1414
1414
54
1414
1414
1414
1414
1414
1414
1414
1414
1414
1414
54
1414
1414
1414
1414
54
1414
1414
1414
54
1414
1414
1414
1414
54
1414
1414
1414
1414
1414
1414
1414
54
1414
1414
1414
1414
1414
1414
54
1414
1414
1414
54
1414
1414
54
1414
1414
1414
1414
1414
54
1414
1414
1414
1414
1414
1414
1414
54
1414
1414
1414
1414
54
1414
1414
1414
1414
54
1414
1414
1414
1414
54
1414
1414
1414
1414
1414
1414
54
1414
1414
1414
1414
1414
1414
1414
1414
1414
1414
54
1414
1414
54
1414
1414
1414
1414
1414
1414
54
1414
1414
1414
1414
1414
1414
1414
54
1414
1414
1414
1414
54
1414
1414
1414
54
1414
1414
54
1414
1414
54
1414
1414
54
1414
1414
1414
54
1414
1414
1414
1414
1414
1414
54
1414
1414
1414
1414
1414
1414
1414
54
1414
1414
1414
1414
1414
1414
1414
1414
1414
1414
54
1414
54
1414
1414
1414
1414
1414
1414
1414
1414
1414
1414
54
1414
1414
54
1414
1414
1414
1414
1414
1414
1414
1414
1414
54
1414
1414
1414
1414
1414
1414
54
1414
54
1414
1414
1414
54
1414
1414
54
1414
1414
1414
1414
54
1414
1414
54
1414
1414
1414
1414
1414
1414
1414
54
1414
1414
1414
1414
1414
1414
1414
54
1414
1414
1414
1414
1414
1414
54
1414
1414
1414
1414
1414
1414
54
1414
1414
1414
1414
1414
1414
1414
1414
1414
54
1414
1414
1414
1414
1414
1414
1414
1414
54
1414
1414
1414
54
1414
1414
1414
54
1414
1414
1414
1414
1414
1414
1414
1414
54
1414
1414
1414
1414
1414
1414
1414
54
1414
1414
1414
1414
1414
1414
1414
54
1414
1414
1414
1414
1414
1414
1414
54
1414
1414
1414
1414
1414
1414
54
1414
1414
1414
1414
1414
54
1414
1414
1414
1414
1414
1414
1414
1414
54
1414
1414
1414
54
1414
1414
54
1414
1414
1414
1414
1414
54
1414
1414
1414
1414
1414
54
1414
1414
1414
1414
54
1414
1414
1414
1414
1414
54
1414
1414
1414
1414
1414
54
1414
1414
1414
1414
1414
54
1414
1414
1414
1414
1414
1414
54
1414
1414
1414
1414
1414
54
1414
1414
1414
1414
1414
54
1414
1414
1414
1414
1414
54
1414
1414
1414
1414
1414
54
1414
1414
1414
1414
1414
54
1414
1414
1414
1414
1414
54
1414
1414
1414
1414
1414
1414
1414
54
1414
1414
1414
1414
1414
1414
1414
54
1414
1414
1414
1414
1414
1414
54
1414
1414
1414
1414
1414
1414
1414
54
1414
1414
1414
1414
1414
1414
1414
1414
1414
1414
54
1414
54
1414
1414
1414
1414
1414
1414
1414
1414
1414
1414
54
1414
1414
1414
1414
1414
1414
1414
1414
1414
1414
1414
54
1414
54
1414
1414
1414
54
1414
1414
1414
1414
54
1414
1414
1414
1414
1414
1414
1414
1414
1414
1414
54
1414
54
1414
1414
1414
1414
1414
1414
1414
1414
1414
54
1414
1414
1414
1414
1414
1414
1414
54
1414
1414
1414
1414
1414
1414
54
1414
1414
1414
1414
1414
1414
1414
1414
54
1414
1414
1414
1414
1414
1414
1414
54
1414
1414
1414
1414
1414
1414
54
1414
1414
1414
1414
1414
1414
1414
1414
1414
1414
54
1414
1414
1414
1414
1414
1414
1414
1414
54
1414
1414
1414
1414
1414
54
1414
1414
1414
1414
1414
54
1414
1414
1414
1414
1414
54
1414
1414
1414
1414
1414
1414
54
1414
1414
1414
1414
1414
1414
1414
1414
54
1414
1414
1414
1414
1414
1414
1414
1414
54
1414
1414
1414
1414
1414
1414
1414
1414
54
1414
1414
1414
1414
1414
1414
54
1414
1414
1414
1414
1414
1414
54
1414
1414
1414
1414
1414
1414
54
1414
1414
1414
1414
1414
1414
54
1414
1414
1414
1414
1414
1414
1414
1414
54
1414
1414
1414
1414
54
1414
1414
1414
1414
1414
1414
54
1414
1414
1414
1414
1414
1414
1414
54
1414
1414
1414
1414
1414
1414
1414
1414
54
1414
1414
1414
1414
1414
1414
54
1414
1414
1414
1414
1414
1414
54
1414
1414
1414
1414
1414
1414
1414
54
1414
1414
1414
1414
1414
1414
54
54
1414
1414
1414
1414
1414
1414
1414
54
1414
1414
1414
1414
1414
54
1414
1414
1414
1414
1414
1414
54
1414
1414
1414
1414
1414
1414
54
66
1414
1414
1414
1414
1414
1414
1414
1414
1414
1414
54
1414
1414
1414
1414
1414
1414
1414
1414
1414
1414
54
1414
1414
1414
1414
1414
1414
1414
1414
1414
1414
54
1414
1414
1414
1414
54
1414
1414
1414
54
1414
1414
1414
1414
66
1414
1414
54
54
1414
1414
1414
1414
1414
244
1414
54
1414
1414
1414
1414
1414
1414
54
1414
1414
1414
1414
1414
1414
54
1414
1414
1414
1414
1414
1414
54
1414
1414
1414
1414
1414
1414
1414
1414
1414
1414
54
1414
1414
1414
1414
54
1414
1414
1414
70
1414
54
54
1414
1414
1414
1414
1414
1414
1414
1414
54
1414
1414
1414
1414
1414
1414
1414
54
1414
1414
1414
1414
1414
1414
54
1414
1414
1414
1414
1414
1414
1414
54
1414
1414
1414
1414
1414
1414
54
1414
1414
1414
1414
1414
1414
54
1414
1414
1414
1005
1414
1414
54
1414
1414
1414
1414
1414
1414
54
1414
1414
1414
1414
1414
1414
54
1414
1414
1414
1414
1414
1414
54
1414
1414
1414
1414
1414
1414
54
1414
1414
1414
1414
1414
1414
54
1414
1414
1414
1414
1414
54
1414
1414
1414
1414
1414
1414
54
372
1414
1414
1414
1414
1414
1414
54
1414
1414
1414
1414
1414
1414
54
1414
1414
1414
1414
1414
1414
54
1414
1414
1414
1414
1414
54
1414
1414
1414
1414
1414
1414
54
1414
1414
1414
1414
1414
54
1414
1414
1414
1414
1414
54
1414
1414
1414
1414
1414
54
1414
1414
1414
1414
1414
54
1414
1414
1414
1414
312
1414
1414
1414
1414
1414
54
1414
1414
1414
1414
1414
1414
1414
1414
1414
54
255
1414
1414
1414
1414
1414
1414
1414
1414
54
1414
1414
1414
1414
1414
1414
54
1414
1414
1414
1414
1414
1414
1414
1414
1414
1414
54
1414
54
1414
1414
1414
54
1414
1414
1414
1414
1414
1414
54
1414
1414
54
1414
1414
1414
1414
1414
1414
373
1414
1414
1414
54
1414
1414
1414
54
257
1414
1414
54
1414
1414
1414
1414
1414
1414
1414
1414
1414
1414
54
1414
1414
1414
1414
1414
1414
1414
1414
1414
1414
54
1414
54
1414
1414
1414
1414
1414
1414
54
1414
1414
1414
1414
1414
1414
1414
54
1414
1414
1414
1414
1414
1414
54
1414
1414
1414
1414
1414
1414
54
729
54
1414
1414
1414
1414
1414
1414
1414
1414
1414
1414
54
1414
1414
1414
1414
1414
1414
54
1414
1414
1414
1414
1414
1414
54
1414
1414
1414
1414
1414
1414
1414
1414
1414
1414
54
1414
54
1414
1414
54
1414
1414
1414
54
1414
1414
54
1414
1414
54
1414
1414
1414
54
1414
1414
1414
54
1414
1414
1414
1414
54
1414
1414
1414
54
1414
1414
1414
1414
1414
1414
1414
1414
54
1414
1414
1414
1414
1414
1414
1414
54
1414
1414
1414
1414
1414
1414
1414
54
1414
1414
1414
1414
1414
1414
1414
54
1414
1414
1414
1414
1414
1414
1414
1414
1414
54
1414
1414
1414
1414
1414
1414
1414
54
1414
1414
1414
1414
1414
1414
1414
54
1414
1414
1414
1414
1414
1414
1414
54
55
1414
1414
1414
1414
1414
1414
54
1414
1414
1414
1414
1414
1414
54
1414
54
1414
1414
1414
1414
1414
1414
1414
1414
1414
1414
54
1414
1414
1414
1414
1414
1414
1414
1414
1414
1414
54
1414
1414
1414
1414
1414
1414
1414
1414
1414
54
1414
1414
66
1414
1414
1414
1414
1414
1414
1414
54
1414
1414
1414
54
1414
1414
1414
1414
1414
1414
1414
1414
1414
54
1414
1414
1414
1414
1414
1414
1414
1414
54
1414
1414
1414
1414
1414
1414
1414
1414
1414
1414
54
1414
1414
1414
1414
1414
1414
1414
1414
1414
1414
1414
54
1414
1414
54
1414
54
1414
1414
1414
1414
1414
1414
54
1414
1414
1414
1414
1414
1414
1414
1414
1414
54
1414
1414
1414
1414
1414
1414
1414
1414
54
1414
1414
1414
1414
1414
54
1414
1414
1414
54
1414
1414
1414
1414
54
1414
1414
1414
1414
54
1414
1414
1414
1414
54
1414
1414
1414
1414
54
1414
1414
1414
1414
1414
54
1356
1414
1414
1414
1414
1414
54
1414
1414
1414
1414
1414
1078
54
1414
1414
1414
1414
1414
1414
54
1414
1414
1414
54
1414
1414
1414
1414
54
1414
1414
1414
54
1414
1414
1414
1414
54
1414
1414
1414
1414
54
1414
1414
1414
1414
1414
54
1414
1414
1414
54
1414
1414
1414
1414
1414
54
1414
1414
1414
1414
54
1414
1414
1414
54
1414
1414
1414
1414
54
1414
1414
1414
54
1414
1414
1414
54
1414
1414
1414
1414
1414
1414
1414
54
1414
1414
1414
1414
1414
1414
54
1414
1414
1414
1414
1414
1414
54
1414
1414
1414
1414
1414
1414
54
1414
1414
1414
1414
1414
1414
1414
1414
1414
54
1414
1414
1414
1414
1414
1414
1414
1414
1414
1414
54
1414
1414
54
1414
1414
1414
1414
1414
1414
54
1414
1414
1414
1414
1414
1414
54
1414
1414
1414
1414
1414
1414
1414
1414
54
1414
1414
1414
1414
1414
1414
54
1414
1414
1414
1414
1414
1414
54
1414
1414
1414
1414
1414
1414
54
1414
1414
1414
1414
1414
1414
54
1414
1414
1414
1414
1414
1414
1414
1414
1414
1414
54
1414
1414
1414
1414
1414
1414
1414
54
1414
1414
1414
1414
1414
1414
54
1414
1414
1414
1414
1414
54
1414
1414
54
1414
1414
54
1414
1414
1414
1414
54
1414
1414
1414
1414
54
1414
1414
1414
1414
54
1414
1414
1414
1414
1414
1414
1414
54
1414
1414
1414
1414
1414
54
1414
1414
1414
1414
1414
1414
54
1414
1414
1414
1414
1414
54
1414
1414
1414
1414
1414
1414
54
1414
1414
1414
1414
1414
54
1414
1414
1414
1414
1414
1414
54
1414
1414
1414
1414
1414
1414
811
54
1360
1414
1414
54
1414
1414
54
1414
1414
1414
54
1414
1414
1414
54
1414
1414
1414
1414
1414
1414
1414
1414
54
1414
1414
1414
1414
1414
1414
1414
54
1414
1414
1414
1414
1414
1414
1414
54
1414
1414
1414
1414
1414
1414
54
1414
1414
1414
1414
1414
1414
54
1414
1414
1414
1414
1414
1414
1414
54
1414
54
1414
1414
1414
1414
1414
1414
1414
1414
54
1414
1414
1414
1414
1414
1414
1414
1414
54
1414
1414
1414
1414
1414
1414
1414
54
1414
1414
1414
1414
1414
1414
1414
54
1414
1414
1414
1414
1414
1414
1414
54
1414
1414
1414
1414
1414
1414
54
1414
1414
1414
1414
1414
1414
54
1414
1414
1414
1414
1414
54
1414
1414
1414
1414
1414
54
1414
1414
1414
1414
1414
1414
54
1414
1414
1414
1414
1414
54
1414
1414
1414
1414
1414
54
1414
1414
1414
1414
1414
54
1414
1414
1414
1414
1414
54
1414
1414
1414
1414
1414
54
1414
1414
1414
1414
54
1414
1414
1414
1414
1414
54
1414
1414
1414
1414
1414
54
1414
1414
1414
1414
1414
54
1414
1414
1414
1414
1414
54
1414
1414
1414
1414
1414
54
1414
1414
1414
1414
1414
54
1414
1414
1414
1414
1414
54
1414
1414
1414
1414
1414
54
1414
1414
1414
1414
1414
54
1414
1414
1414
1414
1414
54
1414
1414
1414
1414
1414
54
1414
1414
1414
1414
1414
1414
1414
1414
1414
1414
54
1414
54
1414
1414
1414
1414
1414
1414
54
1414
1414
1414
1414
1414
1414
1414
1414
1414
1414
54
1414
1414
1414
1414
54
1414
1414
1414
1414
1414
1414
1414
1414
1414
1414
54
1414
1414
1414
1414
1414
1414
1414
1414
1414
54
1414
1414
1414
1414
1414
1414
1414
1414
1414
1414
54
1414
54
1414
1414
1414
1414
1414
1414
1414
1414
1414
54
1414
1414
1414
1414
1414
1414
1414
54
1414
1414
1414
1414
1414
54
1414
1414
1414
1414
54
1414
1414
1414
1414
1414
54
1414
1414
1414
1414
1414
54
1414
1414
1414
1414
54
1414
1414
1414
1414
1414
1414
1414
1414
54
1414
1414
1414
1414
1414
1414
1414
54
1414
1414
1414
1414
1414
1414
1414
54
1414
1414
1414
1414
1414
1414
1414
1414
54
1414
1414
1414
1414
1414
1414
1414
1414
54
1414
1414
1414
1414
1414
1414
1414
54
1414
1414
1414
1414
1414
1414
1414
54
1414
1414
1414
1414
1414
1414
1414
54
1414
1414
1414
1414
1414
1414
54
1414
1414
1414
1414
1414
1414
54
1414
1414
1414
1414
1414
1414
1414
1414
1414
1414
54
1414
1414
1414
1414
1414
1414
1414
1414
1414
1414
1414
54
1414
54
1414
1414
1414
1414
1414
1414
1414
1414
1414
1414
54
1414
1414
1414
1414
1414
54
1414
1414
1414
1414
1414
54
1414
1414
1414
1414
1414
54
1414
1414
1414
1414
54
1414
1414
1414
1414
1414
1414
1414
1414
54
1414
1414
1414
1414
1414
1414
1414
54
1414
1414
1414
1414
1414
1414
1414
54
1414
1414
1414
1414
1414
1414
1414
54
1414
1414
1414
1414
1414
1414
1414
54
1414
1414
1414
1414
54
1414
54
1414
1414
1414
1414
1414
1414
1414
54
1414
1414
1414
1414
1414
54
1414
1414
1414
1414
1414
1414
1414
1414
1414
1414
54
1414
1414
1414
1414
1414
1414
1414
1414
1414
54
1414
1414
1414
1414
1414
1414
1414
54
1414
1414
1414
1414
1414
54
1414
1414
1414
1414
1414
54
1414
1414
1414
1414
1414
1414
1414
1414
1414
54
1414
54
1414
1414
1414
1414
1414
54
1414
1414
1414
1414
1414
1414
54
1414
1414
1414
1414
1414
54
1414
1414
1414
1414
1414
54
1414
1414
1414
1414
1414
1414
1414
1414
1414
1414
54
1414
1414
1414
1414
1414
1414
1414
1414
1414
1414
54
1414
1414
1414
1414
1414
1414
1414
1414
1414
54
1414
1414
1414
1414
1414
1414
1414
1414
1414
1414
54
1414
1414
54
1414
1414
54
1414
1414
1414
1414
1414
1414
54
1414
1414
1414
1414
1414
1414
54
1414
1414
1414
1414
1414
1414
1414
54
1414
1414
1414
1414
1414
1414
1414
1414
1414
1414
54
1414
1414
1414
1414
1414
1414
54
1414
1414
1414
1414
1414
1414
1414
1414
54
1414
1414
1414
1414
1414
1414
54
1414
1414
1414
1414
1414
1414
1414
54
1414
1414
1414
1414
1414
1414
1414
1414
1414
1414
54
1414
1414
1414
1414
1414
1414
1414
1414
1414
54
1414
1414
1414
1414
1414
1414
1414
1414
1414
1414
54
1414
1414
1414
54
1414
1414
1414
1414
1414
1414
54
1414
1414
1414
1414
1414
1414
1414
1414
1414
54
1414
1414
1414
1414
1414
1414
1414
1414
54
1414
1414
1414
1414
1414
1414
1414
54
1414
1414
1414
1414
1414
1414
1414
1414
1414
1414
54
1414
1414
1414
1414
1414
1414
1414
1414
1414
1414
54
1414
1414
1414
1414
1414
1414
1414
1414
54
1414
1414
1414
1414
1414
1414
54
1414
1414
1414
1414
1414
1414
1414
1414
1414
1414
54
1414
1414
1414
1414
1414
1414
54
1414
1414
1414
1414
1414
1414
54
1414
1414
1414
1414
1414
1414
1414
1414
54
1414
1414
1414
1414
1414
1414
1414
54
1414
1414
1414
1414
1414
1414
1414
54
1414
1414
54
1414
1414
54
1414
1414
54
1414
1414
1414
54
1414
1414
1414
1414
54
1414
1414
1414
1414
54
1414
1414
1414
1414
1414
1414
54
1414
1414
1414
1414
1414
1414
54
1414
1414
1414
1414
1414
54
1414
1414
1414
1414
1414
54
1414
1414
1414
1414
54
1414
1414
54
1414
1414
1414
1414
1414
1414
54
1414
54
1414
1414
1414
1414
1414
1414
1414
54
1414
1414
1414
1414
1414
1414
54
1414
1414
1414
1414
1414
1414
1414
1414
54
1414
1414
1414
1414
1414
1414
54
1414
1414
1414
1414
54
1414
1414
1414
54
1414
1414
1414
1414
1414
1414
54
1414
1414
1414
1414
1414
1414
1414
1414
1414
1414
54
1414
1414
54
1414
1414
1414
1414
1414
1414
54
1414
1414
1414
1414
1414
54
1414
1414
1414
1414
1414
1414
1414
54
1414
1414
1414
1414
1414
54
1414
1414
1414
1414
54
1414
1414
1414
54
1414
1414
1414
54
1414
1414
1414
54
1414
1414
54
1414
1414
54
1414
1414
1414
1414
1414
54
1414
1414
1414
1414
1414
54
54
1414
1414
1414
1414
1414
54
1414
1414
1414
1414
1414
1414
54
1414
1414
1414
1414
1414
54
1414
1414
1414
1414
1414
1414
1414
1414
1414
54
1414
1414
1414
1414
1414
1414
1414
1414
1414
1414
54
1414
1414
1414
1414
1414
1414
54
1414
1414
1414
1414
1414
1414
54
1414
1414
1414
54
1414
1414
1414
1414
1414
1414
1414
54
1414
1414
1414
1414
1414
1414
54
1414
1414
1414
1414
54
1414
1414
1414
1414
1414
54
1414
1414
1414
1414
1414
1414
1414
54
1414
1414
1414
1414
1414
1414
1414
1414
1414
54
1414
1414
54
1414
1414
1414
54
1414
1414
1414
54
1414
1414
1414
54
1414
1414
1414
1414
1414
1414
1414
54
1414
1414
1414
1414
54
1414
1414
1414
1414
54
1414
1414
1414
1414
1414
1414
1414
1414
1414
54
1414
1414
1414
1414
1414
1414
1414
1414
1414
54
1414
1414
1414
1414
1414
1414
1414
54
1414
1414
1414
1414
1414
1414
54
1414
1414
1414
1414
1414
1414
1414
1414
1414
1414
54
1414
1414
54
1414
1414
1414
1414
1414
1414
54
1414
1414
1414
1414
1414
1414
1414
1414
1414
1414
54
1414
1414
1414
1414
1414
1414
54
1414
1414
1414
1414
1414
1414
1414
1414
54
1414
1414
1414
1414
1414
1414
1414
1414
1414
54
1414
1414
1414
1414
54
1414
1414
1414
1414
54
1414
1414
1414
1414
54
1414
1414
1414
1414
54
1414
1414
1414
1414
54
1414
1414
1414
1414
54
1414
1414
1414
1414
54
1414
1414
1414
1414
54
1414
1414
1414
1414
1414
54
1414
1414
1414
1414
1414
54
1414
1414
1414
1414
54
1414
1414
1414
1414
1414
1414
54
1414
1414
1414
1414
1414
1414
54
1414
1414
1414
1414
1414
1414
54
1414
1414
1414
1414
1414
54
1414
1414
1414
1414
1414
1414
1414
1414
54
1414
54
1414
1414
1414
1414
1414
1414
54
1414
1414
1414
1414
1414
1414
1414
54
1414
1414
1414
1414
1414
1414
1414
1414
1414
1414
54
1414
54
1414
1414
54
1414
1414
1414
1414
1414
1414
54
1414
1414
1414
1414
1414
1414
1414
1414
1414
1414
54
1414
1414
54
1414
1414
1414
1414
1414
1414
1414
1414
1414
1414
54
1414
1414
1414
1414
1414
1414
1414
1414
1414
54
1414
1414
1414
1414
1414
1414
1414
1414
54
1414
1414
1414
1414
1414
1414
54
1414
1414
1414
1414
1414
1414
1414
1414
1414
1414
54
1414
1414
1414
1414
1414
54
1414
1414
1414
1414
1414
1414
54
1414
1414
1414
1414
1414
1414
1414
1414
1414
1414
54
1414
1414
1414
1414
1414
1414
1414
1414
54
1414
1414
1414
1414
1414
1414
54
1414
1414
1414
1414
1414
1414
1414
1414
1414
1414
54
1414
1414
1414
1414
1414
54
1414
1414
1414
1414
1414
1414
54
1414
1414
1414
1414
1414
1414
1414
1414
54
1414
1414
1414
1414
1414
1414
54
1414
1414
1414
1414
1414
1414
1414
1414
1414
1414
54
1414
54
1414
1414
1414
1414
1414
1414
1414
1414
1414
1414
54
1414
1414
1414
1414
1414
1414
1414
1414
54
1414
1414
1414
1414
1414
1414
1414
54
1414
1414
1414
1414
1414
1414
54
1414
1414
1414
1414
1414
1414
54
1414
1414
1414
1414
1414
1414
54
1414
1414
1414
1414
1414
54
1414
1414
1414
1414
1414
1414
1414
1414
1414
1414
54
1414
1414
1414
1414
1414
1414
1414
1414
1414
1414
54
1414
1414
1414
1414
1414
1414
1414
1414
54
1414
1414
1414
1414
1414
1414
1414
54
1414
1414
1414
1414
1414
1414
1414
54
1414
1414
1414
1414
1414
1414
1414
54
1414
1414
1414
1414
1414
1414
54
1414
1414
1414
1414
1414
1414
54
1414
1414
1414
1414
1414
1414
54
1414
1414
1414
1414
1414
54
1414
1414
1414
1414
1414
54
1414
1414
1414
1414
1414
54
1414
1414
1414
1414
1414
54
1414
1414
1414
1414
1414
54
1414
1414
1414
1414
1414
54
1414
1414
1414
1414
1414
1414
54
1414
1414
1414
1414
1414
1414
1414
1414
1414
54
1414
1414
1414
1414
1414
1414
1414
54
1414
1414
1414
1414
1414
54
1414
1414
1414
1414
1414
1414
1414
1414
1414
1414
1414
54
1414
1414
1414
1414
1414
54
1414
1414
54
1414
1414
1414
1414
1414
1414
54
1414
1414
1414
1414
1414
1414
1414
1414
54
1414
1414
1414
1414
1414
54
1414
1414
54
1414
1414
1414
1414
1414
1414
1414
1414
1414
1414
54
1414
1414
1414
1414
1414
1414
1414
1414
1414
54
1414
1414
1414
1414
1414
1414
54
1414
1414
1414
1414
1414
1414
1414
54
1414
1414
1414
1414
1414
1414
1414
1414
1414
1414
54
1414
1414
54
1414
1414
54
1414
1414
1414
1414
1414
1414
1414
1414
1414
54
1414
1414
1414
1414
1414
1414
1414
1414
54
1414
1414
1414
1414
1414
1414
1414
54
1414
1414
1414
1414
1414
1414
1414
1414
1414
1414
54
1414
54
1414
1414
1414
1414
1414
1414
1414
1414
1414
1414
1414
54
1414
1414
54
1414
1414
1414
1414
1414
1414
1414
1414
1414
1414
54
1414
1414
54
1414
1414
1414
1414
1414
1414
1414
1414
1414
1414
54
1414
1414
1414
1414
1414
1414
1414
54
1414
1414
1414
1414
1414
1414
1414
54
1414
1414
1414
1414
1414
1414
54
1414
1414
1414
1414
1414
1414
54
1414
1414
1414
1414
1414
1414
1414
1414
1414
1414
54
1414
1414
1414
1414
1414
1414
54
1414
1414
1414
1414
1414
1414
54
1414
1414
1414
1414
1414
1414
1414
1414
1414
1414
54
1414
1414
1414
1414
1414
1414
1414
54
1414
1414
1414
1414
1414
1414
54
1414
1414
1414
1414
1414
1414
1414
1414
54
1414
1414
1414
1414
1414
1414
54
1414
1414
1414
1414
1414
1414
1414
1414
1414
1414
54
1414
1414
1414
1414
1414
1414
1414
54
1414
1414
1414
1414
1414
1414
1414
1414
54
1414
1414
1414
1414
1414
1414
54
1414
1414
1414
1414
1414
1414
1414
1414
54
1414
1414
1414
1414
1414
1414
54
1414
1414
1414
54
1414
1414
1414
1414
1414
1414
54
1414
1414
1414
1414
1414
1414
1414
1414
54
1414
1414
1414
1414
1414
54
1414
54
1414
1414
1414
1414
1414
1414
1414
54
1414
1414
1414
1414
1414
1414
1414
1414
54
1414
1414
1414
1414
1414
1414
54
1414
1414
1414
1414
1414
1414
1414
54
1414
1414
1414
1414
1414
1414
1414
1414
1414
1414
54
1414
1414
1414
1414
54
1414
1414
54
1414
1414
1414
1414
54
1414
1414
1414
1414
1414
1414
1414
1414
54
1414
1414
1414
1414
1414
1414
1414
1414
54
1414
1414
1414
1414
1414
1414
54
54
1414
1414
1414
1414
1414
1414
54
1414
1414
1414
1414
1414
1414
54
1414
1414
1414
1414
54
1414
1414
1414
1414
1414
1414
54
1414
1414
1414
1414
1414
54
1414
1414
1414
1414
1414
54
1414
1414
1414
1414
54
1414
1414
1414
1414
1414
54
1414
1414
1414
1414
1414
54
1414
1414
1414
1414
1414
54
1414
1414
1414
1414
1414
1414
1414
1414
1414
54
54
1414
1414
1414
1414
1414
1414
1414
1414
1414
54
1414
1414
1414
1414
1414
1414
1414
1414
54
1414
1414
1414
1414
1414
1414
1414
54
1414
1414
1414
1414
1414
1414
1414
1414
1414
1414
54
1414
1414
1414
1414
1414
1414
1414
1414
1414
1414
54
1414
1414
1414
1414
1414
1414
1414
1414
54
1414
1414
1414
1414
1414
1414
1414
1414
1414
1414
54
1414
1414
54
1414
1414
1414
1414
1414
1414
1414
1414
1414
1414
54
1414
1414
1414
1414
1414
1414
54
1414
1414
1414
1414
1414
1414
1414
54
1414
1414
1414
1414
1414
54
1414
1414
1414
1414
1414
1414
54
1414
1414
1414
1414
1414
1414
1414
1414
54
1414
1414
1414
1414
1414
1414
1414
1414
1414
1414
54
1414
1414
1414
54
1414
1414
1414
1414
1414
1414
1414
1414
1414
1414
54
1414
1414
1414
1414
1414
1414
1414
1414
1414
54
1414
1414
1414
1414
1414
1414
1414
1414
1414
1414
54
1414
1414
1414
1414
1414
1414
1414
1414
54
1414
1414
1414
1414
1414
1414
1414
54
1414
1414
1414
1414
1414
1414
1414
54
1414
1414
1414
1414
1414
1414
1414
54
1414
1414
1414
1414
1414
1414
62
54
601
1027
54
54
322
100
54
100
54
464
54
129
92
100
54
100
54
1361
1414
1414
54
1414
1414
1414
54
1414
1414
54
1414
54
1414
1414
1414
1414
1414
1414
1414
1414
1414
1414
54
1414
1414
1414
1414
1414
1414
1414
1414
1414
54
1414
1414
1414
1414
1414
1414
54
1414
1414
1414
1414
54
1414
1414
1414
1414
54
1414
54
1414
1414
1414
1414
1414
1414
1414
54
1414
1414
1414
1414
1414
1414
54
1414
1414
1414
1414
54
1414
1414
1414
54
1414
1414
1414
54
1414
1414
1414
54
1414
1414
1414
54
1414
1414
54
1414
1414
1414
54
1414
1414
1414
54
1414
1414
54
1414
54
1414
1414
1414
1414
1414
1414
1414
1414
1414
1414
54
1414
1414
54
1414
1414
1414
1414
1414
1414
1414
1414
1414
1414
54
1414
1414
1414
1414
1414
1414
1414
1414
1414
1414
54
1414
1414
1414
1414
1414
1414
1414
1414
1414
54
1414
1414
1414
1414
1414
1414
1414
1414
1414
1414
54
1414
1414
1414
1414
1414
1414
1414
54
1414
1414
1414
1414
1414
1414
1414
1414
54
1414
1414
1414
1414
1414
1414
1414
1414
54
1414
1414
1414
1414
54
1414
1414
1414
54
1414
54
1414
1414
1414
1414
54
1414
1414
1414
1414
54
1414
1414
1414
1414
1414
1414
1414
54
1414
1414
1414
54
1414
1414
1414
1414
1414
1414
54
1414
1414
54
1414
1414
1414
1414
54
1414
1414
1414
54
1414
1414
1414
1414
1414
1414
1414
1414
1414
1414
54
1414
54
1414
1414
1414
1414
1414
54
1414
1414
1414
54
1414
1414
1414
54
1414
1414
1414
54
1414
1414
1414
54
1414
1414
1414
54
1414
1414
1414
54
1414
1414
54
1414
1414
1414
54
1414
1414
1414
54
1414
1414
54
1414
1414
54
1414
1414
1414
54
1414
1414
1414
54
1414
1414
54
1414
1414
1414
54
1414
1414
1414
54
1414
1414
54
1414
1414
1414
1414
1414
54
1414
1414
1414
1414
54
1414
1414
1414
54
1414
1414
54
1414
1414
1414
54
1414
1414
1414
54
1414
1414
54
1414
1414
1414
54
1414
1414
1414
54
1414
1414
1414
54
1414
1414
54
1414
1414
1414
54
1414
1414
1414
54
1414
1414
1414
54
1414
54
1414
1414
1414
54
1414
1414
1414
54
1414
1414
1414
1414
1414
1414
1414
54
1414
1414
1414
1414
1414
1414
1414
1414
1414
54
1414
1414
1414
1414
66
1414
1414
1414
66
66
66
1414
1414
1414
66
74
74
1414
1414
1414
74
74
74
1414
1414
1414
1414
74
82
82
82
1414
1414
1414
1414
90
90
90
90
1414
1414
1414
90
90
90
1414
1414
1414
90
90
90
1414
1414
1414
90
90
90
1414
1414
1414
90
90
90
1414
1414
1414
90
90
90
1414
1414
1414
1414
90
90
90
90
1414
90
1414
1414
1414
1414
90
90
90
90
1414
90
1414
1414
1414
1414
1414
1414
90
90
90
90
90
90
1414
1414
1414
1414
1414
90
90
90
90
90
1414
1414
1414
1414
1414
1414
1414
1414
1414
1414
90
90
90
90
90
90
82
82
82
82
1414
1414
82
82
1414
1414
1414
1414
1414
74
74
66
66
66
1414
1414
66
66
1414
1414
1414
66
66
66
1414
1414
1414
1414
1414
66
66
54
54
1414
1414
1414
54
1414
1414
1414
54
1414
1414
54
1414
1414
54
1414
1414
54
1414
1414
54
1414
1414
54
1414
1414
54
1414
1414
54
1414
1414
54
1414
1414
54
1414
1414
54
1414
54
1414
1414
54
1414
1414
54
1414
1414
54
1414
1414
1414
1414
1414
1414
1414
1414
1414
1414
54
1414
1414
1414
1414
54
1414
1414
54
1414
1414
1414
1414
54
1414
1414
1414
54
1414
1414
54
1414
1414
54
1414
1414
1414
54
1414
1414
54
1414
1414
1414
54
1414
1414
54
1414
1414
54
1414
1414
54
1414
1414
54
1414
54
1414
1414
54
1414
1414
54
1414
1414
54
1414
1414
54
1414
1414
54
1414
1414
54
1414
1414
54
1414
1414
54
1414
1414
54
1414
1414
1414
1414
1414
54
1414
1414
1414
54
1414
1414
1414
1414
1414
54
1414
1414
54
1414
1414
54
1414
1414
54
1414
1414
54
1414
1414
54
1414
1414
54
1414
1414
54
1414
1414
54
1414
1414
54
1414
1414
54
1414
1414
54
1414
1414
54
1414
1414
1414
1414
1414
1414
54
1414
1414
1414
54
1414
1414
1414
54
1414
1414
54
1414
1414
54
1414
1414
54
1414
1414
54
1414
1414
54
1414
1414
54
1414
1414
54
1414
1414
54
1414
1414
54
1414
54
1414
1414
54
1414
1414
54
1414
1414
54
1414
1414
1414
54
1414
1414
54
1414
1414
54
1414
1414
54
1414
1414
1414
54
1414
1414
1414
54
1414
1414
54
1414
1414
54
1414
1414
54
1414
1414
54
1414
1414
54
1414
1414
54
1414
1414
54
1414
1414
1414
1414
54
1414
1414
54
1414
1414
54
1414
1414
54
1414
1414
54
1414
1414
54
1414
1414
54
1414
1414
54
1414
1414
1414
1414
1414
1414
1414
54
1414
1414
1414
1414
54
1414
1414
1414
54
1414
1414
1414
54
1414
1414
1414
54
1414
1414
54
1414
1414
1414
1414
54
1414
1414
1414
54
1414
1414
1414
54
1414
1414
1414
1414
1414
54
1414
1414
1414
1414
1414
1414
1414
54
1414
1414
1414
1414
54
1414
1414
1414
54
1414
1414
1414
1414
1414
54
1414
1414
1414
54
1414
1414
1414
1414
1414
1414
1414
54
1414
54
1414
1414
1414
54
1414
1414
1414
1414
1414
54
1414
1414
1414
54
1414
1414
1414
54
1414
1414
54
1414
1414
54
1414
1414
54
1414
1414
54
1414
1414
1414
54
1414
1414
54
1414
1414
54
1414
1414
1414
1414
54
1414
1414
1414
54
1414
1414
1414
1414
1414
54
1414
1414
1414
54
1414
1414
54
1414
1414
54
1414
1414
54
1414
1414
54
1414
1414
54
1414
1414
54
1414
1414
54
1414
1414
54
1414
1414
1414
54
1414
1414
54
1414
1414
54
1414
1414
54
1414
1414
54
1414
1414
54
1414
1414
54
1414
54
1414
1414
54
1414
1414
54
1414
1414
54
1414
1414
1414
1414
1414
1414
1414
1414
1414
54
1414
1414
1414
1414
1414
1414
54
1414
1414
54
1414
1414
54
1414
1414
1414
54
1414
1414
54
1414
1414
54
1414
1414
1414
54
1414
1414
54
1414
1414
1414
54
1414
1414
54
1414
1414
54
1414
1414
1414
54
1414
1414
1414
54
1414
1414
1414
1414
54
1414
1414
1414
54
1414
1414
54
1414
1414
54
1414
1414
54
1414
1414
1414
1414
54
1414
1414
1414
54
1414
1414
54
1414
1414
54
1414
1414
1414
1414
1414
54
1414
1414
1414
54
1414
1414
54
1414
1414
1414
54
1414
1414
54
1414
1414
1414
54
1414
1414
54
1414
1414
54
1414
1414
54
1414
1414
54
1414
1414
1414
1414
1414
1414
1414
1414
1414
54
1414
1414
1414
1414
1414
54
1414
1414
1414
54
1414
1414
54
1414
1414
54
1414
54
1414
1414
54
1414
1414
54
1414
1414
1414
54
1414
54
1414
1414
54
1414
1414
54
1414
1414
1414
1414
1414
1414
1414
1414
1414
1414
54
1414
1414
54
1414
1414
54
1414
1414
54
1414
1414
54
1414
1414
1414
54
1414
1414
1414
1414
54
1414
1414
1414
1414
1414
1414
1414
1414
1414
1414
54
1414
1414
1414
1414
1414
54
1414
1414
1414
54
1414
1414
1414
1414
1414
54
1414
1414
1414
54
1414
1414
1414
1414
1414
1414
1414
54
1414
1414
54
1414
1414
54
1414
1414
54
1414
1414
1414
54
1414
1414
54
1414
1414
54
1414
1414
1414
1414
1414
1414
54
1414
1414
1414
54
1414
1414
1414
54
1414
1414
54
1414
1414
54
1414
1414
1414
54
1414
1414
1414
54
1414
1414
54
1414
1414
54
1414
1414
54
1414
54
1414
1414
1414
1414
1414
1414
1414
1414
1414
1414
1414
54
1414
54
1414
1414
1414
1414
1414
1414
54
1414
1414
1414
54
1414
1414
1414
54
1414
1414
54
1414
1414
1414
1414
54
1414
1414
1414
54
1414
1414
54
1414
54
1414
1414
54
1414
1414
54
1414
1414
54
1414
1414
54
1414
1414
1414
54
1414
54
1414
1414
1414
54
1414
54
1414
1414
1414
1414
54
1414
1414
1414
1414
1414
1414
54
1414
1414
54
1414
1414
1414
1414
1414
1414
54
1414
1414
54
1414
1414
1414
54
1414
1414
54
1414
1414
1414
1414
1414
54
1414
1414
1414
54
1414
1414
54
1414
1414
54
1414
1414
54
1414
1414
54
1414
1414
54
1414
1414
1414
54
1414
1414
1414
1414
54
1414
1414
1414
1414
1414
1414
54
1414
1414
1414
1414
54
1414
1414
1414
54
1414
1414
54
1414
1414
1414
54
1414
1414
1414
1414
54
1414
1414
54
1414
1414
1414
1414
1414
1414
1414
1414
1414
54
1414
1414
1414
1414
54
1414
1414
1414
54
1414
1414
1414
54
1414
1414
54
1414
1414
54
1414
1414
54
1414
54
1414
1414
54
1414
1414
54
1414
1414
1414
1414
1414
54
1414
1414
1414
1414
1414
54
1414
1414
1414
54
1414
1414
1414
54
1414
1414
54
1414
1414
54
1414
1414
54
1414
1414
54
1414
1414
1414
1414
54
1414
1414
1414
54
1414
1414
54
1414
1414
54
1414
1414
54
1414
1414
54
1414
54
1414
1414
54
1414
1414
54
1414
1414
54
1414
1414
54
1414
1414
54
1414
1414
54
1414
1414
54
1414
1414
1414
54
1414
1414
54
1414
1414
54
1414
1414
54
1414
54
1414
1414
1414
54
1414
1414
1414
1414
1414
1414
1414
1414
1414
1414
54
1414
1414
54
1414
1414
54
1414
1414
54
1414
1414
1414
54
1414
1414
1414
54
1414
1414
54
1414
1414
54
1414
1414
54
1414
1414
54
1414
1414
54
1414
54
1414
1414
1414
1414
1414
1414
1414
1414
1414
1414
1414
54
1414
1414
1414
1414
1414
1414
54
1414
1414
1414
1414
1414
1414
1414
54
1414
1414
1414
1414
54
1414
1414
1414
54
1414
1414
54
1414
1414
54
1414
1414
1414
1414
1414
1414
1414
1414
1414
1414
54
1414
1414
1414
1414
1414
54
1414
1414
1414
1414
1414
1414
1414
1414
54
1414
1414
1414
1414
1414
1414
1414
1414
1414
1414
54
1414
1414
54
1414
1414
1414
54
1414
1414
54
1414
1414
54
1414
1414
54
1414
1414
1414
1414
54
1414
1414
1414
54
1414
1414
1414
1414
1414
1414
1414
54
1414
1414
1414
1414
1414
1414
1414
1414
1414
1414
54
1414
1414
54
1414
1414
1414
1414
54
1414
1414
1414
1414
54
1414
1414
1414
54
1414
1414
1414
1414
1414
1414
1414
54
1414
1414
1414
1414
54
1414
54
1414
1414
1414
54
1414
1414
54
1414
1414
54
1414
1414
54
1414
54
1414
1414
54
1414
1414
54
1414
1414
54
1414
1414
54
1414
1414
54
1414
1414
54
1414
1414
1414
54
1414
1414
1414
1414
54
1414
1414
54
1414
1414
1414
1414
1414
1414
54
1414
1414
1414
1414
54
1414
1414
54
1414
1414
1414
1414
54
1414
1414
54
1414
1414
1414
1414
54
1414
1414
1414
54
1414
1414
54
1414
1414
54
1414
1414
1414
1414
54
1414
1414
1414
1414
1414
54
1414
1414
1414
54
1414
1414
54
1414
1414
54
1414
1414
54
1414
1414
54
1414
1414
54
1414
1414
54
1414
1414
1414
1414
54
1414
1414
54
1414
1414
54
1414
1414
54
1414
1414
1414
54
1414
1414
54
1414
1414
1414
1414
1414
1414
1414
1414
1414
54
1414
1414
54
1414
1414
54
1414
1414
54
1414
1414
54
1414
1414
54
1414
1414
1414
54
1414
1414
1414
54
1414
1414
1414
54
1414
1414
54
1414
54
1414
1414
54
1414
1414
54
1414
1414
54
1414
1414
54
1414
1414
1414
54
1414
54
1414
1414
54
1414
1414
54
1414
1414
54
1414
1414
54
1414
1414
54
1414
1414
1414
54
1414
1414
54
1414
1414
54
1414
1414
1414
1414
1414
54
1414
1414
54
1414
1414
54
1414
1414
1414
54
1414
1414
1414
54
1414
1414
1414
54
1414
1414
54
1414
1414
54
1414
1414
1414
1414
1414
1414
1414
1414
1414
1414
54
1414
1414
1414
1414
54
1414
1414
54
1414
1414
54
1414
1414
54
1414
54
1414
1414
54
1414
1414
54
1414
1414
54
1414
1414
54
1414
1414
1414
1414
1414
1414
1414
1414
1414
1414
54
1414
1414
1414
1414
1414
54
1414
1414
1414
54
1414
1414
54
1414
1414
54
1414
1414
1414
54
1414
1414
54
1414
1414
1414
1414
54
1414
1414
1414
54
1414
1414
54
1414
1414
1414
1414
1414
1414
1414
1414
54
1414
1414
1414
1414
1414
1414
1414
1414
1414
54
1414
1414
1414
1414
1414
54
1414
1414
1414
54
1414
1414
1414
1414
54
1414
1414
1414
54
1414
1414
1414
1414
54
1414
1414
54
1414
1414
54
1414
1414
54
1414
1414
1414
54
1414
1414
54
1414
54
1414
1414
1414
1414
54
1414
1414
1414
54
1414
1414
54
1414
1414
54
1414
1414
54
1414
1414
54
1414
1414
1414
1414
54
1414
54
1414
1414
1414
1414
54
1414
1414
1414
54
1414
1414
1414
54
1414
1414
54
1414
1414
54
1414
1414
1414
54
1414
1414
54
1414
1414
54
1414
1414
1414
54
1414
1414
54
1414
1414
1414
54
1414
1414
54
1414
1414
54
1414
1414
1414
54
1414
1414
54
1414
1414
54
1414
1414
54
1414
1414
54
1414
1414
1414
1414
1414
1414
1414
1414
1414
1414
54
1414
1414
54
1414
1414
1414
1414
1414
1414
1414
1414
1414
54
1414
1414
54
1414
1414
54
1414
1414
54
1414
1414
54
1414
1414
1414
1414
54
1414
1414
1414
1414
54
1414
1414
1414
1414
54
1414
54
1414
1414
1414
1414
54
1414
1414
54
1414
1414
54
1414
1414
54
1414
1414
54
1414
1414
1414
1414
1414
54
1414
1414
1414
1414
1414
54
1414
1414
54
1414
1414
1414
54
1414
1414
54
1414
1414
1414
1414
1414
1414
1414
1414
1414
1414
54
1414
54
1414
1414
1414
54
1414
54
1414
1414
54
1414
1414
54
1414
1414
54
1414
1414
54
1414
1414
54
1414
1414
54
1414
1414
1414
54
1414
1414
1414
1414
1414
1414
1414
1414
1414
1414
54
1414
1414
54
1414
1414
1414
54
1414
1414
1414
1414
1414
1414
1414
1414
1414
1414
54
1414
1414
54
1414
1414
1414
1414
1414
1414
1414
1414
54
1414
1414
1414
1414
1414
54
1414
54
1414
1414
1414
1414
1414
1414
1414
1414
1414
1414
1414
54
1414
1414
1414
54
1414
1414
1414
1414
1414
54
1414
1414
1414
1414
1414
1414
54
1414
54
1414
1414
1414
54
1414
54
1414
1414
1414
1414
1414
54
1414
1414
1414
54
1414
1414
1414
1414
1414
1414
1414
1414
1414
1414
1414
54
1414
1414
1414
1414
1414
1414
1414
1414
54
1414
1414
1414
54
1414
1414
1414
54
1414
1414
54
1414
1414
1414
54
1414
1414
1414
1414
54
1414
1414
1414
54
1414
54
1414
1414
54
1414
1414
54
1414
1414
54
1414
1414
54
1414
1414
1414
54
1414
1414
1414
1414
1414
54
1414
1414
54
1414
1414
54
1414
1414
1414
1414
54
1414
1414
54
1414
1414
54
1414
1414
1414
54
1414
54
1414
1414
54
1414
1414
54
1414
1414
54
1414
1414
54
1414
1414
54
1414
1414
54
1414
1414
54
1414
1414
54
1414
1414
54
1414
1414
54
1414
1414
1414
54
1414
1414
54
1414
1414
54
1414
1414
54
1414
1414
54
1414
1414
54
1414
1414
54
1414
54
1414
1414
54
1414
1414
54
1414
1414
1414
1414
54
1414
1414
54
1414
1414
54
1414
1414
54
1414
1414
54
1414
1414
1414
1414
54
1414
1414
1414
54
1414
1414
66
66
1414
1414
66
66
1414
1414
66
66
1414
1414
1414
1414
1414
1414
1414
1414
1414
1414
74
74
74
74
74
74
74
74
74
74
1414
1414
1414
1414
1414
74
74
74
82
82
1414
1414
1414
82
82
82
1414
1414
1414
1414
1414
1414
82
82
82
82
82
90
1414
1414
1414
90
90
90
1414
1414
1414
90
90
90
1414
1414
90
90
1414
1414
1414
1414
1414
1414
1414
1414
1414
1414
90
90
90
90
90
90
90
90
90
90
1414
90
1414
1414
1414
1414
1414
90
90
90
90
90
1414
1414
1414
90
90
90
1414
1414
1414
1414
90
90
90
90
1414
1414
90
82
1414
1414
1414
1414
82
82
82
82
1414
1414
1414
1414
1414
1414
1414
1414
1414
82
82
82
82
74
74
74
74
74
1414
1414
1414
1414
74
66
54
54
1414
1414
54
1414
1414
1414
1414
54
1414
1414
54
1414
1414
1414
54
1414
1414
1414
54
1414
1414
1414
54
1414
1414
1414
54
1414
1414
54
1414
1414
1414
1414
54
1414
1414
1414
54
1414
1414
1414
54
1414
1414
54
1414
1414
54
1414
1414
54
1414
1414
54
1414
1414
54
1414
1414
1414
54
1414
1414
54
1414
1414
54
1414
1414
1414
1414
54
1414
1414
54
1414
1414
54
1414
1414
54
1414
1414
54
1414
1414
54
1414
1414
54
1414
1414
1414
1414
54
1414
1414
54
1414
1414
54
1414
1414
1414
54
1414
1414
1414
1414
1414
1414
1414
1414
1414
54
1414
1414
54
1414
1414
54
1414
54
1414
1414
1414
1414
54
1414
1414
54
1414
1414
1414
54
1414
1414
1414
1414
1414
1414
1414
1414
1414
1414
54
1414
1414
1414
1414
1414
1414
54
1414
1414
1414
1414
54
1414
1414
54
1414
1414
54
1414
54
1414
1414
1414
1414
1414
1414
1414
1414
1414
1414
54
1414
1414
54
1414
1414
1414
1414
1414
1414
54
1414
1414
1414
1414
54
1414
1414
1414
1414
1414
1414
1414
1414
54
1414
1414
1414
1414
54
1414
1414
54
1414
1414
54
1414
1414
54
1414
1414
54
1414
1414
54
1414
1414
54
1414
1414
54
1414
1414
1414
1414
1414
1414
1414
1414
54
1414
1414
1414
1414
1414
54
1414
1414
1414
54
1414
1414
54
1414
1414
54
1414
1414
54
1414
1414
54
1414
1414
54
1414
1414
1414
1414
54
1414
1414
54
1414
1414
1414
1414
1414
1414
1414
1414
1414
1414
54
1414
1414
1414
1414
54
1414
1414
1414
1414
1414
1414
1414
1414
1414
1414
54
1414
1414
54
1414
1414
1414
54
1414
1414
1414
1414
1414
1414
1414
1414
1414
1414
54
1414
54
1414
1414
54
1414
1414
54
1414
1414
1414
54
1414
1414
54
1414
1414
54
1414
54
1414
1414
1414
54
1414
54
1414
1414
54
1414
1414
54
1414
1414
1414
54
1414
54
1414
1414
1414
54
1414
54
1414
1414
1414
54
1414
54
1414
1414
54
1414
1414
1414
54
1414
1414
54
1414
1414
1414
1414
1414
1414
54
1414
1414
1414
1414
54
1414
1414
1414
54
1414
1414
1414
1414
54
1414
1414
1414
54
1414
1414
54
1414
1414
1414
54
1414
1414
1414
1414
1414
1414
1414
1414
1414
1414
1414
54
1414
1414
1414
54
1414
1414
1414
1414
1414
1414
54
1414
1414
1414
1414
54
1414
1414
54
1414
1414
54
1414
1414
54
1414
1414
54
1414
1414
1414
54
1414
1414
1414
1414
1414
1414
54
1414
1414
54
1414
1414
1414
1414
1414
1414
54
1414
1414
1414
1414
54
1414
1414
54
1414
1414
54
1414
1414
54
1414
1414
54
1414
1414
54
1414
1414
1414
1414
54
1414
1414
54
1414
1414
54
1414
54
1414
1414
54
1414
1414
54
1414
1414
54
1414
1414
54
1414
1414
1414
54
1414
1414
1414
54
1414
1414
1414
54
1414
1414
54
1414
1414
1414
54
1414
1414
54
1414
1414
54
1414
1414
54
1414
1414
54
1414
1414
54
1414
1414
1414
54
1414
1414
1414
54
1414
1414
54
1414
1414
54
1414
1414
54
1414
1414
1414
54
1414
1414
1414
1414
54
1414
1414
54
1414
1414
54
1414
1414
54
1414
1414
54
1414
1414
54
1414
1414
54
1414
1414
54
1414
1414
54
1414
1414
54
1414
1414
54
1414
1414
54
1414
1414
54
1414
1414
1414
1414
1414
54
1414
1414
1414
54
1414
1414
54
1414
1414
54
1414
1414
54
1414
1414
54
1414
1414
54
1414
1414
54
1414
1414
1414
1414
54
1414
1414
54
1414
1414
54
1414
1414
54
1414
54
1414
1414
1414
1414
54
1414
1414
1414
1414
54
1414
1414
1414
1414
1414
54
1414
1414
1414
54
1414
1414
1414
54
1414
1414
1414
54
1414
1414
54
1414
1414
54
1414
1414
54
1414
1414
54
1414
1414
54
1414
1414
54
1414
1414
54
1414
1414
54
1414
1414
54
1414
1414
54
1414
1414
1414
1414
1414
1414
1414
54
1414
1414
1414
1414
54
1414
1414
1414
54
1414
1414
54
1414
1414
54
1414
1414
54
1414
1414
54
1414
1414
54
1414
1414
1414
1414
54
1414
1414
1414
54
1414
1414
54
1414
1414
1414
1414
1414
1414
1414
54
1414
1414
1414
1414
1414
1414
1414
1414
1414
54
1414
54
1414
1414
1414
54
1414
1414
1414
54
1414
1414
54
1414
1414
1414
54
1414
1414
54
1414
1414
1414
1414
1414
1414
54
1414
1414
1414
54
1414
1414
1414
54
1414
1414
54
1414
1414
1414
1414
1414
1414
54
1414
1414
1414
1414
54
1414
1414
54
1414
1414
54
1414
1414
1414
1414
54
1414
1414
54
1414
1414
54
1414
54
1414
1414
54
1414
1414
54
1414
1414
54
1414
1414
54
1414
1414
54
1414
1414
54
1414
1414
1414
54
1414
1414
1414
1414
1414
1414
1414
1414
54
1414
1414
1414
1414
1414
1414
829
54
1357
54
1414
1414
1414
1414
54
1414
1414
1414
1414
54
1414
1414
54
1414
1414
1414
1414
54
1414
1414
1414
1414
1414
1414
1414
1414
1414
1414
54
1414
1414
1414
1414
1414
1414
1414
54
1414
1414
54
1414
54
1414
1414
54
1414
1414
54
1414
1414
54
1414
1414
1414
54
1414
1414
54
1414
1414
1414
1414
54
1414
1414
54
1414
1414
54
1414
1414
1414
1414
54
1414
1414
1414
54
1414
1414
1414
54
1414
1414
1414
54
1414
1414
1414
1414
1414
54
1414
1414
1414
54
1414
1414
1414
1414
1414
54
1414
1414
54
1414
1414
54
1414
1414
54
1414
1414
54
1414
1414
54
1414
1414
54
1414
1414
54
1414
1414
1414
54
1414
1414
1414
1414
1414
54
1414
1414
1414
54
1414
1414
54
1414
1414
54
1414
1414
54
1414
1414
1414
1414
1414
54
1414
1414
54
1414
1414
54
1414
1414
54
1414
1414
54
1414
1414
1414
1414
1414
54
1414
1414
1414
54
1414
1414
1414
1414
1414
54
1414
1414
1414
54
1414
1414
1414
1414
54
1414
1414
1414
1414
1414
54
1414
1414
54
1414
1414
54
1414
1414
54
1414
1414
54
1414
1414
1414
1414
54
1414
1414
1414
54
1414
1414
54
1414
54
1414
1414
1414
54
1414
1414
1414
1414
54
1414
1414
1414
54
1414
1414
54
1414
1414
54
1414
1414
1414
1414
1414
54
1414
1414
54
1414
1414
1414
1414
1414
1414
54
1414
1414
1414
1414
1414
1414
1414
54
1414
1414
1414
1414
54
1414
1414
54
1414
1414
54
1414
1414
54
1414
1414
54
1414
1414
1414
54
1414
54
1414
1414
1414
1414
1414
1414
1414
1414
1414
1414
54
1414
1414
1414
54
1414
1414
54
1414
1414
1414
645
54
66
66
54
271
54
1414
1414
881
54
180
492
296
347
54
66
66
66
493
66
66
54
571
66
66
66
347
54
54
54
571
571
571
492
54
54
54
54
54
54
54
54
54
54
54
54
54
54
54
54
54
54
54
54
54
206
347
105
54
54
210
105
54
54
210
210
54
54
105
105
54
66
66
54
66
54
571
54
54
555
100
54
54
54
66
54
571
208
270
100
54
54
236
170
111
99
1019
54
152
181
100
1414
663
438
380
1414
78
533
321
155
127
1414
78
111
150
54
66
54
54
54
54
54
1414
1414
1414
1414
54
1414
782
54
100
54
54
100
54
106
1414
54
440
264
331
106
54
1414
211
273
208
1414
78
814
1414
54
742
1414
1357
54
390
54
100
54
165
652
54
100
54
55
1121
66
54
495
54
426
66
54
129
92
100
54
100
66
54
571
54
208
270
54
107
104
96
110
96
54
92
483
54
54
92
54
1414
248
560
560
66
100
54
54
66
66
66
66
66
66
66
1011
66
66
66
66
66
66
54
571
66
54
571
66
54
571
54
201
105
54
201
66
54
54
105
571
201
105
66
54
270
66
54
270
66
54
275
99
54
66
54
571
66
54
571
66
54
571
66
54
571
66
54
571
54
54
54
54
208
270
1395
54
54
1414
1414
516
54
1414
245
107
104
96
1395
54
1414
54
180
1395
54
180
54
236
170
54
54
54
201
105
54
201
105
54
201
105
201
105
110
96
54
92
312
111
54
54
92
111
296
296
575
575
54
54
54
54
54
54
147
721
54
54
54
54
54
54
534
100
54
457
1414
1042
1414
54
1414
1414
54
1414
1414
1414
1414
1414
1414
1414
54
1414
54
1414
1414
1414
1414
1414
54
1414
1414
54
1414
1414
54
1414
54
1414
1414
54
1414
1414
1414
1414
1414
1414
1414
1414
1414
1414
54
1414
1414
1414
1414
1414
1414
823
54
99
54
1414
316
1414
1260
1414
1414
540
1414
1414
54
1414
1356
54
1414
1414
676
54
1414
1414
676
54
1048
1047
1072
99
99
54
99
54
1414
316
1414
1260
54
1414
1414
1400
1414
1414
1414
1414
1414
54
1414
1414
54
1414
1414
1414
1414
1414
1414
54
1414
1414
1414
1414
54
66
66
66
1414
1414
54
1414
1414
1414
1414
54
1414
1414
1414
54
1414
981
54
66
54
278
66
54
270
66
1414
1414
1414
54
924
54
1414
1414
754
54
180
180
1361
54
1414
1414
1414
1414
1414
54
1414
1414
1414
54
1414
1414
1414
1414
1414
54
1414
1414
1414
1414
1414
1414
54
1414
1414
1414
1414
1414
1414
54
1414
1414
54
1414
1414
1414
1414
1414
1414
1414
1414
54
1414
1414
1414
1414
1414
1414
1414
54
1414
1414
1414
54
1414
1414
54
1414
1414
1414
54
1414
1414
54
1414
1414
1414
54
1414
1414
54
1414
1414
54
1414
1414
54
1414
1414
54
1414
1414
1414
54
1414
1414
1414
54
1414
1414
1414
1414
54
1414
1414
1414
1414
54
1414
54
1414
1414
1414
54
1414
1414
1414
1414
54
1414
1414
1414
54
1414
1414
1414
1414
54
1414
1414
54
1414
1414
54
1414
1414
1414
54
1414
1414
1414
1414
1414
54
1414
1414
1414
1414
54
1414
1414
1414
54
1414
1414
54
1414
1414
54
1414
1414
54
1414
312
54
1414
1414
54
1414
1414
1414
66
1414
1414
1414
1414
1414
54
54
1414
1414
1414
54
1414
1414
54
274
1414
1414
1414
1414
312
54
1414
1414
54
1414
1414
1414
1414
1414
54
1414
1414
1414
1414
1414
54
1414
1414
1414
54
1414
66
1414
1414
1414
1414
1414
1414
1414
54
1414
1414
1414
54
1414
1414
1414
54
1414
1414
54
1414
1414
1414
1414
1414
54
1414
1414
54
1414
1414
54
1414
1414
54
1414
1414
54
1414
54
1414
1414
54
1414
1414
54
54
1414
1414
1414
1414
1414
1414
54
54
1414
1414
1414
1414
1414
1414
1414
1414
1414
1414
54
1414
1414
1414
1414
1414
1414
54
1414
1414
1414
54
1414
1414
1414
54
1414
1414
1414
1414
1414
1414
1414
54
1414
1414
1414
1414
1414
1414
1414
1414
54
1414
54
1414
1414
1414
1414
1414
1414
54
1414
1414
1414
54
1414
1414
54
1414
1414
1414
54
1414
1414
1414
1414
1414
54
1414
1414
1414
1414
1414
1414
54
1414
1414
1414
1414
54
1414
1414
1414
54
1414
1414
54
1414
1414
1414
54
1414
1414
54
1414
1414
1414
1414
1414
1414
54
1414
1414
1414
54
1414
1414
1414
54
1414
1414
54
1414
1414
1414
54
1414
1414
1414
54
1414
1414
54
66
1414
1414
54
1414
1414
54
1414
1414
1414
54
1414
1414
1414
1414
1414
54
1414
1414
54
1414
1414
54
1414
1414
54
1414
1414
54
1414
66
1414
54
54
274
1414
1414
1414
1414
54
1414
1414
1414
1414
1414
1414
1414
54
1414
1414
1414
54
1414
1414
54
1414
1414
54
1414
54
1414
1414
1414
1414
1414
54
1414
1414
1414
1414
54
1414
1414
54
1414
1414
54
1414
1414
54
1414
1414
1414
1414
1414
1414
1414
1414
1414
1414
54
1414
1414
1414
1414
1414
1414
1414
1414
1414
1414
54
1414
1414
1414
1414
54
1414
1414
1414
1414
54
1414
1414
1414
1414
1414
54
1414
1414
1414
54
1414
1414
1414
54
1414
1414
1414
1414
1414
1414
1414
54
1414
1414
1414
54
1414
1414
54
1414
1414
54
1414
1414
54
1414
1414
54
1414
1414
1414
1414
1414
1414
1414
1414
1414
54
1414
1414
1414
1414
1414
1414
1414
1414
54
1414
1414
54
1414
1414
1414
1414
54
1414
54
1414
1414
1414
1414
54
1414
1414
1414
54
1414
54
1414
1414
54
1414
1414
54
1414
1414
54
1414
1414
54
1414
1414
54
1414
1414
1414
54
1414
1414
1414
54
1414
1414
54
1414
1414
1414
1414
1414
1414
1414
1414
1414
1414
54
1414
1414
54
1414
1414
1414
1414
1414
1414
54
1414
1414
1414
54
1414
1414
54
1414
1414
54
1414
66
1414
54
54
278
1414
1414
54
1414
54
1414
1414
1414
54
1414
1414
1414
1414
1414
1414
1414
54
1414
1414
1414
1414
1414
1414
1414
54
1414
1414
1414
1414
54
1414
1414
1414
1414
1414
54
1414
1414
1414
1414
54
1414
1414
54
1414
1414
1414
1414
1414
1414
1414
1414
1414
54
1414
1414
1414
1414
1414
1414
54
1414
1414
1414
1414
1414
1414
54
1414
54
1414
1414
1414
1414
1414
54
1414
1414
1414
1414
1414
1414
1414
54
1414
1414
1414
1414
1414
1414
1414
1414
54
1414
1414
1414
1414
1414
1414
54
1414
1414
1414
1414
54
1414
1414
1414
1414
54
1414
1414
1414
54
1414
1414
1414
54
1414
1414
54
1414
1414
54
1414
1414
1414
54
1414
1414
54
1414
1414
1414
1414
1414
54
1414
1414
1414
54
1414
1414
1414
54
1414
1414
1414
54
1414
1414
1414
54
1414
1414
1414
54
1414
1414
1414
54
1414
1414
54
1414
1414
1414
54
1414
1414
1414
1414
1414
1414
54
1414
1414
1414
1414
54
1414
1414
1414
1414
54
1414
1414
1414
54
1414
1414
1414
54
1414
1414
1414
54
1414
1414
1414
54
1414
1414
1414
54
1414
1414
1414
54
1414
1414
54
1414
1414
1414
54
1414
1414
1414
54
1414
1414
54
1414
54
1414
1414
1414
1414
54
1414
1414
1414
54
1414
1414
1414
54
1414
1414
54
1414
1414
54
1414
1414
54
1414
1414
1414
1414
54
1414
1414
54
1414
1414
54
1414
1414
54
1414
54
1414
1414
1414
54
1414
1414
840
54
1414
1414
1414
54
180
1414
1414
1414
54
1414
1414
54
1414
1414
66
66
1414
1414
66
66
1414
1414
1414
1414
66
74
74
74
1414
1414
1414
54
74
82
82
1414
1414
1414
1414
1414
475
1414
1414
82
82
82
82
82
54
1414
1414
1414
1414
90
90
90
90
180
107
104
96
1001
482
1414
1414
1414
1414
90
90
90
90
1414
1414
1414
1414
1414
66
1414
90
90
90
90
90
90
54
1414
1414
1414
1414
1414
1414
1414
1414
1414
1414
90
90
90
90
90
90
90
90
90
90
1414
1414
1414
90
90
90
1414
1414
1414
1414
1414
1414
90
90
90
90
90
90
1414
1414
1414
90
90
90
1414
1414
1414
1414
1414
1414
1414
1414
1414
1414
90
90
90
90
90
90
90
90
90
82
1414
1414
82
82
1414
74
1414
74
1414
66
1414
66
1414
66
1414
66
1414
66
1414
1414
66
66
1414
66
1414
1414
1414
1414
1414
1414
1414
66
66
54
54
1414
1414
54
1414
1414
54
1414
1414
54
1414
1414
54
1414
1414
54
1414
1414
54
1414
1414
54
1414
1414
54
1414
1414
54
1414
1414
54
1414
1414
1414
1414
54
1414
1414
1414
1414
1414
1414
54
1414
1414
54
1414
54
1414
1414
1414
1414
1414
1414
54
1414
1414
475
1414
1414
54
54
1414
1414
54
1414
1414
54
1414
1414
54
344
1414
1414
54
180
1414
1414
1414
1414
1414
1414
1414
1414
54
1414
1414
54
1005
1414
1414
1414
1414
54
1414
1414
1414
54
1414
1414
54
1414
1414
54
1414
1414
1414
54
1414
1414
54
1414
54
1414
1414
1414
54
1414
1414
1414
1414
1414
1414
1414
1414
54
1414
1414
1414
1414
54
1414
1414
1414
54
1414
1414
1414
1414
1414
1414
1414
1414
1414
1414
54
1414
1414
1414
1414
1414
1414
54
1414
1414
1414
1414
1414
1414
1414
1414
1414
1414
54
1414
1414
1414
1414
54
1414
1414
1414
54
1414
1414
1414
54
1414
1414
54
1414
1414
54
1414
1414
1414
54
1414
1414
54
1414
1414
54
1414
54
1414
1414
54
1414
1414
1414
1414
1414
1414
1414
1414
54
1414
1414
1414
1414
1414
1414
1414
1414
1414
54
1414
1414
1414
54
1414
1414
54
1414
1414
1414
54
1414
1414
54
1414
54
1414
1414
1414
1414
1414
1414
1414
1414
54
1414
1414
1414
1414
54
1414
1414
1414
1414
1414
54
1414
1414
1414
54
1414
1414
1414
1414
1414
54
1414
54
1414
1414
54
1414
1414
54
1414
1414
54
1414
1414
1414
54
1414
1414
1414
54
1414
1414
1414
1414
54
1414
1414
54
1414
1414
54
1414
1414
54
1414
1414
54
1414
1414
54
1414
1414
1414
54
1414
54
1414
1414
54
1414
1414
1414
54
1414
1414
54
1414
1414
54
1414
1414
1414
1414
1414
1414
1414
54
1414
1414
1414
1414
54
1414
1414
1414
1414
1414
54
54
1414
1414
1414
54
1414
858
1414
54
1414
1414
54
1414
1414
1414
54
1414
1414
54
1414
54
1414
1414
1414
1414
1414
54
1414
1414
54
1414
1414
1414
54
1414
1414
1414
54
1414
1414
54
1414
1414
1414
1414
1414
1414
54
1414
1414
1414
54
1414
1414
1414
54
1414
1414
54
1414
1414
54
1414
1414
54
1414
1414
54
1414
54
1414
1414
54
1414
1414
54
1414
1414
54
1414
1414
54
1414
1414
1414
54
1414
1414
1414
1414
1414
54
1414
1414
54
1414
1414
54
1414
1414
54
1414
1414
54
1414
1414
54
1414
1414
54
54
1414
1414
54
1414
1414
1414
54
1414
1414
54
1414
1414
1414
1414
1414
54
1414
1414
1414
54
1414
1414
1414
54
1414
1414
1414
54
1414
1414
54
1414
1414
54
1414
1414
54
1414
1414
1414
1414
1414
1414
1414
1414
54
1414
1414
1414
1414
54
1414
1414
1414
1414
54
1414
1414
54
1414
1414
54
1414
1414
54
1414
1414
54
1414
1414
54
1414
1414
54
1414
1414
54
1414
1414
54
1414
1414
1414
1414
1414
1414
1414
1414
1414
1414
54
1414
54
1414
1414
1414
1414
54
1414
1414
1414
54
1414
1414
1414
1414
1414
54
1414
1414
1414
54
1414
1414
1414
1414
1414
1414
1414
1414
1414
1414
54
1414
1414
1414
54
1414
1414
1414
1414
1414
54
1414
1414
54
1414
1414
54
1414
1414
1414
1414
1414
1414
1414
54
1414
1414
1414
1414
1414
54
1414
1414
1414
1414
1414
1414
1414
1414
1414
1414
54
1414
1414
1414
54
1414
1414
1414
1414
1414
1414
1414
1414
1414
1414
1414
54
1414
54
1414
1414
1414
1414
1414
54
1414
1414
1414
1414
1414
1414
1414
54
1414
1414
1414
54
1414
1414
54
1414
1414
54
1414
54
1414
296
98
54
92
92
1414
1414
1414
54
1414
54
1414
54
1414
1414
54
1414
1414
54
1414
1414
1414
54
1414
1414
1414
1414
54
1414
1414
1414
1414
1414
1414
1414
1414
1414
1414
54
1414
1414
1414
54
1414
1414
1414
54
1414
1414
1414
1414
1414
1414
1414
54
1414
548
1414
1414
1414
1414
157
135
157
54
54
1414
1414
1414
1414
1414
1414
1414
1414
1414
1414
54
1414
1414
1414
1414
54
1414
1414
54
1414
1414
1414
1414
1414
1414
1414
54
1414
1414
1414
1414
1414
54
1414
54
1414
1414
1414
1414
54
1414
1414
1414
1414
54
1414
1414
1414
1414
54
1414
1414
1414
1414
1414
1414
1414
1414
1414
1414
54
1414
1414
1414
1414
1414
1414
1414
1414
1414
296
54
98
1414
54
54
1414
1414
1414
54
1414
1414
1414
54
1414
1414
1414
1414
54
1414
1414
1414
1414
1414
1414
1414
54
1414
1414
1414
54
1414
1414
1414
54
1414
1414
54
1414
1414
54
1414
1414
54
1414
54
1414
1414
54
1414
1414
1414
1414
1414
1414
1414
1414
1414
1414
54
1414
1414
1414
1414
1414
1414
1414
1414
1414
1414
54
1414
1414
1414
1414
1414
54
1414
1414
1414
1414
54
1414
1414
1414
54
1414
1414
1414
1414
1414
1414
1414
54
1414
1414
1414
1414
54
1414
1414
1414
54
1414
1414
54
1414
1414
54
1414
1414
1414
54
1414
1414
1414
54
1414
1414
54
1414
1414
54
1414
1414
1414
54
1414
1414
54
1414
1414
1414
1414
1414
54
1414
1414
1414
1414
1414
1414
1414
1414
1414
1414
54
1414
1414
54
1414
1414
1414
54
1414
1414
1414
54
1414
1414
54
1414
1414
54
1414
1414
54
1414
1414
54
1414
1414
54
1414
1414
1414
54
1414
54
1414
1414
54
1414
1414
54
1414
1414
1414
54
1414
1414
1414
1414
54
1414
1414
1414
54
1414
1414
54
1414
1414
1414
54
1414
1414
54
1414
1414
1414
1414
54
1414
54
1414
1414
1414
1414
54
1414
1414
1414
54
1414
1414
54
1414
54
1414
1414
54
1414
1414
54
1414
1414
54
1414
1414
1414
1414
54
1414
1414
54
1414
1414
54
1414
1414
54
1414
1414
54
1414
1414
54
1414
1414
1414
1414
54
1414
1414
1414
1414
1414
54
1414
1414
1414
1414
1414
1414
1414
54
1414
1414
54
1414
1414
54
1414
1414
54
1414
1414
54
1414
1414
54
1414
1414
54
1414
1414
1414
54
1414
54
1414
1414
54
1414
1414
1414
54
1414
1414
1414
1414
54
1414
1414
54
1414
1414
54
1414
1414
54
1414
1414
1414
1414
54
1414
1414
54
1414
1414
54
1414
1414
1414
1414
1414
54
1414
1414
1414
1414
1414
1414
1414
1414
1414
1414
1414
54
1414
1414
1414
1414
1414
1414
1414
1414
1414
1414
54
1414
1414
1414
1414
1414
1414
1414
1414
1414
1414
54
1414
1414
1414
1414
1414
1414
1414
1414
1414
1414
54
1414
1414
1414
54
1414
1414
54
1414
1414
1414
1414
54
1414
1414
54
1414
1414
1414
54
1414
1414
54
1414
54
1414
1414
54
1414
1414
1414
1414
1414
1414
1414
1414
54
1414
1414
1414
54
1414
1414
1414
54
1414
1414
1414
54
1414
54
1414
1414
1414
54
1414
1414
54
1414
54
1414
1414
54
1414
1414
1414
1414
1414
1414
54
1414
1414
1414
54
1414
1414
54
1414
1414
1414
1414
54
1414
1414
54
1414
1414
1414
54
1414
1414
54
1414
1414
1414
1414
1414
1414
1414
1414
1414
1414
54
1414
1414
1414
1414
1414
1414
1414
1414
1414
1414
54
1414
1414
1414
1414
1414
1414
54
1414
1414
1414
54
1414
1414
1414
1414
1414
1414
1414
1414
54
1414
1414
1414
1414
1414
54
1414
1414
1414
54
1414
1414
1414
1414
54
1414
1414
1414
1414
1414
54
1414
1414
1414
54
1414
1414
54
1414
1414
1414
1414
1414
1414
1414
54
1414
1414
1414
1414
54
1414
1414
1414
1414
1414
1414
1414
1414
1414
1414
54
1414
1414
1414
1414
1414
54
1414
1414
54
1414
1414
1414
1414
54
1414
1414
54
1414
1414
54
1414
1414
1414
1414
54
1414
1414
1414
1414
1414
1414
54
1414
1414
1414
1414
54
1414
1414
1414
1414
1414
1414
1414
1414
54
1414
1414
54
1414
1414
54
1414
1414
1414
1414
1414
1414
1414
1414
1414
1414
54
1414
1414
1414
1414
1414
1414
1414
1414
1414
1414
54
1414
1414
1414
54
1414
1414
1414
1414
54
1414
1414
1414
54
1414
1414
54
1414
1414
54
1414
1414
54
1414
1414
54
1414
1414
54
1414
54
1414
1414
54
1414
1414
1414
1414
54
1414
1414
54
1414
1414
1414
1414
1414
54
1414
1414
1414
54
1414
1414
1414
1414
1414
54
1414
1414
1414
1414
1414
54
1414
1414
54
1414
1414
1414
1414
1414
54
1414
1414
1414
1414
54
1414
1414
1414
1414
1414
54
1414
1414
1414
54
1414
1414
1414
1414
54
1414
54
1414
1414
1414
1414
1414
1414
1414
1414
1414
1414
54
1414
1414
1414
1414
1414
1414
54
1414
1414
1414
54
1414
1414
54
1414
1414
54
1414
1414
54
1414
1414
54
1414
1414
54
1414
1414
54
1414
1414
54
1414
1414
1414
1414
1414
1414
1414
1414
1414
1414
54
1414
1414
1414
1414
54
1414
1414
1414
1414
1414
1414
1414
1414
54
1414
1414
54
1414
1414
54
1414
1414
54
1414
1414
1414
54
1414
1414
1414
1414
1414
1414
1414
1414
1414
54
1414
1414
1414
1414
1414
1414
1414
1414
54
1414
54
1414
1414
1414
1414
1414
1414
1414
1414
1414
54
1414
1414
1414
1414
1414
54
1414
1414
1414
1414
1414
1414
1414
1414
54
1414
1414
1414
1414
54
1414
1414
54
1414
1414
1414
54
1414
1414
1414
1414
54
1414
1414
54
1414
1414
1414
1414
1414
54
1414
1414
1414
1414
1414
1414
54
1414
1414
1414
1414
54
1414
1414
1414
1414
1414
1414
1414
54
1414
1414
1414
1414
1414
1414
54
1414
1414
1414
1414
1414
1414
1414
1414
1414
54
1414
1414
1414
1414
1414
1414
54
1414
1414
1414
1414
1414
54
1414
1414
54
1414
1414
1414
1414
1414
1414
1414
1414
1414
54
1414
1414
1414
1414
54
1414
1414
1414
1414
1414
54
1414
1414
54
1414
1414
1414
1414
1414
1414
54
1414
1414
1414
1414
1414
1414
54
1414
1414
1414
1414
54
1414
1414
1414
1414
1414
1414
54
1414
1414
1414
1414
54
1414
1414
1414
1414
54
1414
1414
1414
54
1414
1414
1414
54
1414
1414
54
1414
1414
54
1414
1414
1414
1414
54
1414
1414
1414
1414
1414
54
1414
1414
1414
54
1414
1414
54
1414
1414
1414
54
1414
1414
1414
1414
1414
1414
1414
1414
1414
1414
54
1414
1414
1414
1414
1414
1414
1414
1414
1414
54
1414
1414
1414
54
1414
1414
1414
1414
54
1414
1414
1414
54
1414
1414
1414
1414
54
1414
1414
54
1414
1414
1414
1414
1414
1414
1414
1414
1414
54
1414
1414
1414
1414
54
1414
1414
1414
54
1414
1414
1414
1414
1414
1414
1414
1414
54
1414
1414
1414
1414
54
111
99
111
959
1414
1414
54
1414
1414
1414
1414
1414
1414
1414
1414
1414
1414
54
1414
1414
1414
1414
1414
1414
54
1414
1414
1414
1414
1414
1414
1414
54
1414
1414
1414
1414
1414
54
1414
1414
54
729
733
1414
1414
1414
1414
1414
1414
1414
54
1414
1414
1414
1414
1414
1414
1414
1414
1414
1414
54
1414
1414
1414
1414
1414
1414
1414
1414
54
1414
1414
54
1414
1414
54
1414
1414
1414
1414
54
1414
1414
1414
1414
1414
1414
54
1414
1414
1414
54
1414
1414
54
1414
1414
54
731
1414
1414
1414
1414
1414
1414
1414
1414
1414
54
1414
1414
1414
1414
1414
1414
1414
1414
1414
1414
54
1414
1414
1414
1414
1414
1414
54
1414
1414
1414
1414
1414
54
1414
1414
1414
54
1414
1414
1414
1414
1414
54
1414
1414
54
1414
1414
1414
54
1414
1414
1414
1414
54
1414
1414
1414
1414
54
1414
1414
1414
54
1414
1414
54
1414
54
1414
1414
1414
1414
54
1414
1414
1414
1414
54
1414
1414
54
1414
1414
1414
1414
54
1414
1414
1414
1414
54
1414
1414
1414
1414
1414
1414
1414
54
1414
1414
1414
1414
54
1414
1414
1414
1414
54
1414
1414
1414
1414
1414
1414
1414
1414
54
1414
1414
1414
1414
54
1414
1414
1414
54
1414
1414
1414
54
1414
1414
1414
1414
1414
1414
54
111
54
1414
1414
1414
54
1414
1414
1414
1414
1414
1414
1414
1414
1414
54
1414
1414
1414
1414
54
1414
54
1414
1414
1414
54
1414
1414
1414
1414
1414
54
1414
1414
1414
1414
1414
1414
1414
1245
54
54
1414
1414
1414
1414
1414
1414
1414
1414
1414
1414
54
1414
1414
1414
1414
1414
54
1414
1414
1414
1414
54
1414
1414
66
66
1414
1414
54
66
66
1414
1414
1414
1414
1414
1414
1414
1414
1414
66
66
66
66
66
66
66
66
66
1414
1414
1414
1414
66
66
66
66
1414
1414
1414
1414
66
66
66
66
1414
1414
1414
66
66
66
1414
1414
54
1414
1414
54
1414
1414
1414
66
66
66
1414
1414
66
66
1414
1414
1414
1414
1414
1414
1414
1414
1414
1414
66
66
66
66
66
66
66
66
66
66
1414
66
1414
1414
1414
1414
1414
1414
1414
1414
1414
1414
66
66
66
66
66
66
66
66
66
66
1414
1414
1414
1414
1414
1414
66
66
66
66
66
66
1414
1414
1414
66
66
66
1414
1414
1414
1414
1414
1414
1414
1414
1414
1414
54
54
54
54
1414
1414
1414
1414
1414
1414
1414
1414
1414
1414
54
54
1414
1414
1414
1414
1414
1414
54
1414
1414
54
1414
1414
1414
1414
54
1414
1414
1414
1414
54
1414
1414
1414
1414
1414
1414
54
1414
54
1414
1414
54
54
1414
1414
54
1414
1414
54
1414
1414
1414
54
1414
1414
1414
1414
54
1414
54
1414
1414
1414
1414
54
1414
1414
1414
1414
54
1414
1414
1414
54
1414
1414
54
1414
1414
1414
1414
54
1414
1414
54
1414
1414
54
1414
1414
54
1414
1414
1414
1414
54
1414
1414
54
1414
1414
54
1414
1414
54
1414
1414
54
1414
1414
54
1414
1414
54
1414
1414
54
1414
54
1414
1414
54
1414
1414
54
1414
1414
54
1414
1414
1414
1414
54
1414
1414
54
1414
1414
54
1414
1414
54
1414
1414
1414
1414
54
1414
1414
54
1414
1414
1414
54
1414
54
1414
1414
54
1414
1414
1414
1414
1414
1414
1414
1414
1414
54
1414
1414
1414
1414
1414
54
54
1414
1414
1414
1414
1414
54
54
1414
1414
1414
54
1414
1414
1414
1414
1414
1414
1414
54
1414
1414
1414
1414
54
1414
1414
1414
1414
1414
1414
54
1414
1414
1414
1414
54
1414
54
1414
1414
1414
1414
1414
1414
1414
1414
1414
1414
1414
54
1414
1414
1414
1414
1414
1414
1414
1414
1414
54
1414
1414
54
1414
1414
1414
54
1414
1414
54
1414
1414
54
1414
1414
1414
1414
1414
1414
1414
1414
1414
1414
54
1414
1414
1414
1414
1414
1414
1414
54
1414
1414
54
1414
1414
54
1414
1414
1414
54
1414
1414
54
1414
1414
54
1414
1414
1414
54
1414
1414
54
1414
1414
1207
54
1414
54
1414
1414
1414
1414
1414
1414
1414
1414
1414
1414
54
1414
1414
1414
1414
1414
54
1414
1414
1414
54
1414
1414
1414
54
1414
1414
1414
1414
1414
54
1414
1414
1414
1414
1414
1414
1414
1414
1414
54
1414
1414
1414
1414
1414
1414
1414
1414
1414
1414
54
1414
1414
54
1414
1414
1414
1414
1414
1414
1414
1414
1414
1414
54
1414
1414
1414
1414
1414
1414
54
1414
1414
1414
1414
1414
1414
1414
54
1414
1414
1414
1414
54
1414
1414
1414
1414
1414
1414
1414
1414
1414
1414
54
1414
1414
1414
54
1414
1414
54
1414
54
1414
1414
1414
1414
1414
1414
54
1414
1414
1414
1414
54
1414
1414
54
1414
1414
54
1414
1414
1414
1414
1414
1414
1414
54
1414
1414
1414
1414
54
1414
1414
1414
54
1414
1414
54
1414
1414
54
1414
1414
54
1414
1414
1414
54
1414
1414
1414
54
1414
1414
54
1414
1414
54
1414
1414
1414
1414
1414
1414
1414
1414
1414
1414
54
1414
1414
54
1414
1414
1414
54
1414
1414
1414
1414
54
1414
1414
54
1414
1414
54
1414
1414
54
1414
1414
54
1414
54
1414
1414
54
1414
1414
1414
1414
1414
1414
1414
1414
54
1358
1414
1414
1414
1414
1414
1414
1414
1414
54
1414
1414
1414
1274
54
1414
1414
1414
1414
54
1414
1414
1414
54
1414
1414
1414
1414
54
1414
1414
54
1414
1414
54
1414
1414
54
1414
1414
54
1414
1414
54
1414
1414
1414
1414
1414
1414
54
1414
1414
1414
1414
1414
1414
54
1414
1414
54
1414
1414
1414
54
1414
1414
1414
54
1414
1414
54
1414
1414
54
1414
54
1414
1414
1414
54
1414
1414
1414
1414
54
1414
1414
54
1414
1414
54
1414
1414
1414
54
1414
1414
1414
1414
1414
54
1414
1414
54
1414
1414
54
1414
1414
1414
1414
1414
54
1414
1414
1414
1414
1414
1414
54
1414
1414
54
1414
1414
1414
1414
1414
1414
1414
1414
1414
1414
54
1414
1414
54
1414
66
1414
1414
1414
1414
74
74
82
82
1414
1414
1414
90
90
90
1414
1414
90
90
1414
1414
90
90
1414
1414
1414
1414
1414
90
90
90
90
90
1414
1414
1414
90
90
90
1414
1414
90
90
1414
1414
90
90
1414
1414
90
90
1414
1414
90
90
1414
1414
90
90
1414
1414
90
90
1414
90
1414
1414
1414
1414
90
90
90
90
1414
1414
1414
1414
1414
1414
90
90
90
90
90
90
1414
1414
1414
1414
90
90
90
90
1414
1414
1414
1414
1414
90
90
90
90
90
1414
1414
1414
1414
90
90
90
90
1414
90
1414
1414
1414
1414
90
90
90
90
1414
1414
1414
90
90
90
1414
1414
1414
1414
90
90
90
90
1414
1414
1414
1414
1414
1414
1414
1414
1414
90
90
90
90
90
90
90
90
90
1414
1414
1414
1414
1414
1414
1414
1414
1414
90
90
90
90
90
90
90
90
90
1414
1414
1414
90
90
90
1414
1414
1414
90
90
90
1414
1414
90
90
1414
1414
90
90
1414
1414
90
90
1414
1414
1414
1414
1414
1414
1414
90
90
90
90
90
90
90
1414
1414
1414
1414
90
90
90
90
1414
1414
1414
90
90
90
1414
1414
90
90
1414
1414
90
90
1414
1414
90
90
1414
1414
90
90
1414
1414
90
90
1414
1414
90
90
1414
1414
90
90
1414
1414
90
90
1414
1414
1414
1414
90
90
90
90
1414
1414
1414
90
90
90
1414
1414
82
82
442
1414
1414
1414
82
74
66
54
66
66
54
571
1043
54
236
170
99
111
54
54
1043
1042
1414
316
1414
1260
1414
1414
1400
54
1414
1414
1400
460
101
54
99
99
54
1414
316
1414
54
1260
375
1414
1414
1400
1414
1414
1414
54
1414
273
1414
1414
1414
1414
1246
54
1414
1414
54
1414
1414
54
1414
1414
1414
1414
1414
1414
54
389
54
1040
458
99
54
54
129
92
100
54
100
1414
316
1414
54
1260
54
1414
1414
1400
1414
1414
54
1400
459
101
54
54
1414
600
1414
320
54
54
359
568
54
54
147
339
54
54
486
100
54
1361
66
1414
1414
54
1414
1414
1414
1414
1414
54
1414
1414
1414
54
1414
1414
1414
54
1414
1414
54
1414
1414
54
1414
1414
54
1414
54
1414
1414
54
1414
1414
1414
1414
1414
1414
54
1414
1414
1414
1414
1414
54
1414
54
1414
1414
54
1414
1414
1414
1414
1414
54
1414
1414
54
1414
1414
1414
1414
1414
1414
54
1414
1414
1414
1414
1414
1414
54
1414
1414
54
1414
1414
54
1414
54
1414
1414
1414
1414
1414
1414
54
1414
1414
54
1414
1414
54
1414
1414
1414
54
1414
1414
54
1414
1414
54
1414
1414
1414
1414
54
1414
1414
1414
54
1414
1414
1414
54
1414
1414
66
66
1414
66
1414
1414
1414
74
74
74
1414
1414
82
82
1414
82
1414
1414
1414
82
90
90
1414
1414
90
90
1414
1414
90
90
1414
1414
90
90
1414
1414
90
90
1414
1414
90
90
1414
1414
90
90
1414
1414
90
90
1414
1414
90
90
1414
1414
90
90
1414
1414
90
90
1414
1414
90
90
1414
90
1414
1414
90
90
1414
1414
90
90
1414
1414
1414
90
90
90
1414
1414
90
90
1414
1414
90
90
1414
1414
90
90
1414
1414
90
90
1414
1414
90
90
1414
1414
90
90
1414
90
1414
1414
90
90
1414
1414
90
90
1414
1414
90
90
1414
1414
90
90
1414
1414
90
90
1414
1414
90
90
1414
1414
1414
1414
90
90
90
90
1414
1414
1414
90
90
90
1414
1414
90
90
1414
1414
90
90
1414
1414
90
90
1414
1414
90
90
1414
1414
90
90
1414
1414
90
82
1414
1414
1414
82
74
74
1414
1414
66
66
1414
1414
1414
1414
1414
1414
1414
1414
54
54
1414
1414
54
1414
1414
1414
54
1414
1414
1414
1414
1414
1414
1414
1414
1414
1414
54
1414
1414
54
1414
54
1414
1414
1414
1414
1414
1414
1414
54
1414
1414
1414
1414
1414
1414
1414
1414
54
1414
1414
1414
1414
54
1414
1414
1414
54
1414
1414
54
1414
1414
54
1414
1414
54
1414
1414
54
1414
1414
1414
54
1414
1414
1414
54
1414
1414
1414
1414
54
1414
1414
1414
54
1414
54
1414
1414
54
1414
1414
54
1414
1414
54
1414
1414
54
1414
1414
54
1414
1414
54
1414
1414
54
1414
54
1414
1414
1414
1414
54
1414
1414
54
1414
1414
54
1414
1414
54
1414
1414
54
1414
1414
54
1414
1414
54
1414
1414
54
1414
1414
54
1414
1414
54
54
1414
1414
54
1414
1414
54
1414
1414
54
1414
1414
54
1414
54
1414
1414
54
1414
1414
54
1414
1414
54
54
54
1414
1414
54
1414
1414
54
1414
1414
1414
54
1414
1414
54
1414
1414
54
1414
1414
54
1414
54
1414
1414
1414
54
1414
1414
54
1414
1414
1414
54
1414
1414
54
1414
1414
54
1414
1414
1414
1414
54
1414
1414
1414
85
54
54
54
1414
1414
1414
1414
1414
1414
1414
1414
1414
1414
54
1414
1414
1414
1414
1414
1414
1414
1414
54
1414
1414
1414
1414
1414
1414
1414
1414
54
1414
1414
1414
1414
1414
54
1414
1414
1414
54
1414
1414
54
1414
1414
54
1414
1414
54
1414
1414
54
1414
1414
54
1414
1414
54
1414
54
1414
1414
1414
66
54
54
280
1414
1414
1414
1414
54
1414
54
1414
1414
1414
54
1414
1414
1414
1414
1414
54
1414
1414
1414
54
1414
1414
1414
1414
1414
1414
1414
54
1414
1414
1414
1414
54
1414
1414
54
1414
1414
54
1414
1414
54
1414
1414
1414
1414
1414
54
1414
1414
1414
54
1414
1414
54
1414
1414
54
1414
1414
54
1414
1414
1414
1414
1414
1414
1414
1414
1414
1414
54
1414
1414
1414
1414
54
1414
1414
54
1414
1414
54
1414
1414
54
1414
1414
54
1414
1414
54
1414
1414
54
1414
1414
54
1414
1414
1414
1414
1414
1414
1414
54
1414
1414
1414
1414
54
1414
1414
54
1414
1414
54
1414
1414
54
1414
1414
1414
54
1414
1414
54
1414
1414
1414
1414
54
1414
1414
54
1414
1414
54
1414
1414
54
1414
1414
54
1414
1414
54
1414
1414
54
1414
1414
54
1414
1414
54
1414
1414
54
1414
1414
54
1414
1414
54
1414
1414
54
1414
1414
1414
54
1414
1414
54
1414
1414
54
1414
1414
54
1414
1414
54
1414
54
1414
1414
54
1414
1414
54
1414
1414
54
1414
1414
1414
1414
54
1414
1414
54
1414
1414
1414
54
1414
1414
54
1414
54
1414
1414
54
1414
1414
54
1414
1414
1414
1414
1414
1414
1414
1414
1414
1414
1414
54
1414
1414
1414
1414
1414
1414
1414
1414
1414
54
1414
1414
1414
1414
1414
1414
1414
1414
1414
1414
54
1414
1414
1414
1414
54
1414
1414
1414
54
1414
1414
1414
54
1414
1414
54
1414
1414
1414
1414
54
1414
1414
1414
1414
1414
1414
1414
54
1414
1414
1414
1414
54
1414
1414
54
1414
1414
54
1414
1414
1414
54
1414
1414
1414
54
1414
1414
1414
1414
1414
1414
1414
54
1414
1414
1414
1414
1414
54
1414
1414
1414
54
1414
1414
54
1414
1414
54
1414
1414
54
1414
1414
54
1414
1414
54
1414
1414
54
1414
1414
1414
54
1414
1414
1414
1414
1414
54
1414
1414
1414
1414
1414
54
1414
1414
54
1414
1414
1414
1414
54
1414
1414
1414
1414
1414
54
1414
1414
1414
54
1414
1414
54
1414
1414
54
1414
1414
1414
1414
1414
1414
54
1414
1414
1414
1414
54
1414
1414
1414
1414
1414
54
1414
1414
1414
54
1414
1414
54
1414
1414
54
1414
1414
54
1414
1414
54
1414
1414
54
1414
1414
54
1414
1414
54
1414
1414
54
1414
1414
54
1414
1414
54
1414
1414
54
1414
1414
54
1414
1414
54
1414
1414
1414
54
1414
1414
1414
54
1414
1414
1414
1414
54
1414
1414
1414
54
1414
1414
54
1414
1414
54
1414
1414
54
1414
1414
1414
54
1414
1414
1414
54
1414
1414
54
1414
1414
54
1414
1414
54
1414
1414
54
1414
1414
54
1414
1414
1414
54
1414
1414
1414
54
1414
1414
54
1414
1414
54
1414
1414
54
1414
1414
54
1414
1414
54
1414
1414
1414
1414
1414
1414
1414
1414
1414
1414
54
1414
1414
1414
1414
1414
54
1414
54
1414
54
1414
1414
54
1414
1414
54
1414
70
604
54
1414
1414
1414
1414
54
1414
1414
1414
54
180
1414
1414
54
1414
1414
54
1414
1414
54
1414
1414
1414
54
1414
1414
1414
54
1414
1414
1414
54
1414
1414
54
1414
1414
54
1414
54
1414
1414
66
66
1414
1414
66
66
1414
1414
66
66
1414
1414
66
66
1414
1414
66
66
1414
1414
1414
1414
66
66
66
66
1414
1414
1414
66
66
66
1414
1414
66
66
1414
1414
66
66
1414
1414
66
66
1414
1414
66
66
1414
1414
66
66
1414
1414
66
66
1414
1414
66
66
1414
1414
66
66
1414
1414
66
66
1414
1414
66
66
1414
1414
66
66
1414
1414
66
66
1414
1414
66
66
1414
1414
1414
1414
1414
1414
1414
1414
66
66
66
66
66
66
66
66
1414
1414
1414
1414
66
66
66
66
1414
1414
1414
54
54
1414
1414
1414
54
1414
1414
54
1414
1414
1414
54
1414
1414
54
1414
1414
1414
1414
1414
54
1414
1414
1414
1414
1414
1414
1414
1414
1414
54
1414
1414
1414
1414
1414
1414
54
1414
1414
1414
54
1414
1414
54
1414
1414
54
1414
1414
1414
54
1414
1414
54
1414
1414
1414
1414
1414
1414
1414
1414
1414
1414
1414
54
1414
1414
1414
54
1414
1414
1414
1414
1414
1414
54
1414
1414
1414
1414
1414
1414
1414
54
1414
1414
1414
54
1414
1414
54
1414
1414
54
1414
1414
54
1414
1414
1414
1414
1414
1414
1414
1414
1414
1414
1414
54
1414
1414
1414
1414
54
1414
1414
54
1414
1414
1414
1414
1414
1414
1414
1414
1414
1414
54
1414
1414
1414
1414
1414
54
1414
1414
1414
1414
54
1414
1414
54
1414
1414
54
1414
1414
54
1414
1414
1414
54
1414
54
1414
1414
54
1414
1414
54
1414
1414
1414
54
1414
1414
54
1414
1414
1414
54
1414
1414
54
1414
1414
54
1414
1414
54
1414
1414
54
1414
1414
1414
54
1414
1414
54
1414
1414
54
1414
1414
54
1414
1414
54
1414
54
1414
1414
54
1414
1414
1414
54
1414
54
1414
1414
54
1414
1414
1414
54
1414
1414
1414
54
1414
1414
1414
1414
54
1414
1414
54
1414
1414
54
1414
1414
54
1414
1414
54
1414
1414
54
1414
1414
54
1414
1414
1414
1414
1414
1414
1414
54
1414
1414
1414
1414
54
1414
1414
1414
1414
1414
1414
1414
1414
1414
1414
54
1414
1414
1414
1414
54
1414
1414
1414
1414
1414
54
1414
1414
1414
1414
1414
1414
54
316
1414
809
1414
1414
1414
1414
54
1414
1414
1414
54
1414
1414
54
1414
1414
54
1414
1414
1414
1414
1414
54
1414
1414
1414
54
1414
1414
54
1414
1414
54
1414
1414
54
1414
1414
54
1414
1414
54
1414
1414
1414
1414
1414
1414
1414
1414
1414
54
1414
1414
1414
1414
1414
1414
1414
1414
54
1414
1414
1414
1414
1414
1414
1414
1414
1414
54
1414
1414
1414
1414
1414
1414
54
1414
1414
54
1414
1414
1414
1414
54
1414
1414
1414
1414
1414
1414
1414
54
1414
1414
1414
54
1414
1414
54
1414
1414
54
1414
1414
54
1414
1414
1414
54
1414
1414
1414
1414
1414
54
1414
1414
1414
1414
54
1414
1414
1414
54
1414
1414
1414
54
1414
1414
54
1414
1414
54
1414
1414
1414
1414
54
1414
1414
1414
1414
54
1414
1414
54
1414
1414
1414
1414
1414
1414
1414
1414
54
1414
1414
1414
1414
1414
54
1414
1414
1414
1414
54
1414
1414
1414
1414
1414
1414
1414
1414
54
1414
1414
1414
54
1414
1414
54
1414
1414
54
1414
1414
1414
54
1414
54
1414
1414
54
1414
1414
54
1414
1414
54
1414
1414
54
1414
1414
54
1414
1414
54
1414
1414
54
1414
1414
1414
54
1414
54
1414
1414
54
1414
1414
54
1414
1414
54
1414
1414
1414
1414
54
1414
1414
1414
1414
1414
54
1414
1414
1414
1414
1414
1414
1414
1414
1414
1414
54
1414
1414
1414
1414
1414
1414
1414
1414
1414
1414
54
1414
1414
1414
1414
1414
1414
54
1414
1414
54
1414
1414
54
1414
1414
1414
54
1414
1414
1414
54
1414
1414
54
1414
54
1414
1414
1414
1414
1414
1414
1414
1414
1414
1414
54
1414
1414
1414
1414
54
1414
1414
1414
54
1414
1414
54
1414
347
54
54
1414
1414
54
1414
1414
54
1414
1414
1414
54
1414
1414
1414
1414
1414
1414
54
1414
1414
1414
1414
54
1414
1414
1414
54
1414
1414
54
1414
1414
1414
1414
1414
54
1414
1414
1414
54
1414
1414
1414
54
1414
1414
54
1414
1414
54
1414
1414
54
1414
1414
54
1414
1414
1414
54
1414
1414
1414
54
1414
1414
54
1414
1414
54
1414
1414
54
1414
1414
54
1414
1414
54
1414
1414
54
1414
54
1414
1414
54
1414
1414
54
1414
1414
54
1414
1414
54
1414
1414
1414
54
1414
1414
1414
54
1414
1414
54
1414
1414
54
1414
1414
54
1414
1414
1414
54
1414
1414
1414
54
1414
1414
54
1414
1414
54
1414
1414
54
1414
1414
1414
54
1414
1414
54
1414
1414
54
1414
1414
54
1414
1414
54
1414
1414
54
1414
1414
54
1414
1414
1414
54
1414
1414
54
1414
1414
54
1414
1414
1414
54
1414
1414
1414
1414
1414
1414
1414
1414
1414
1414
54
1414
1414
54
1414
1414
54
1414
54
1414
1414
54
1414
1414
54
1414
1414
54
1414
1414
1414
1414
54
1414
1414
54
1414
1414
54
1414
1414
1414
54
1414
1414
54
1414
54
1414
1414
54
1414
1414
54
1414
1414
54
1414
1414
1414
54
1414
1414
1414
54
1414
1414
54
1414
1414
54
1414
1414
54
1414
1414
1414
1414
54
1414
1414
54
1414
1414
1414
54
1414
1414
54
1414
1414
54
1414
54
1414
1414
54
1414
1414
54
1414
1414
54
1414
1414
54
1414
1414
1414
1414
1414
1414
1414
54
1414
1414
54
1414
1414
1414
1414
1414
54
1414
1414
1414
1414
54
1414
1414
54
1414
1414
54
1414
1414
54
1414
1414
1414
1414
54
1414
1414
1414
1414
1414
54
1414
54
1414
1414
1414
1414
1414
1414
1414
54
1414
1414
1414
1414
1414
1414
1414
54
1414
1414
1414
54
1414
1414
1414
54
1414
1414
54
1414
1414
54
1414
1414
1414
54
1414
1414
1414
1414
54
1414
54
1414
1414
1414
54
1414
1414
1414
54
1414
1414
1414
1414
1414
1414
1414
1414
1414
1414
1414
54
1414
1414
1414
1414
1414
1414
1414
54
1414
1414
1414
1414
1414
1414
1414
54
1414
1414
1414
1414
54
1414
1414
1414
1414
1414
1414
1414
1414
1414
1414
54
1414
54
1414
1414
1414
1414
1414
54
1414
1414
1414
54
1414
1414
54
1414
1414
1414
1414
54
1414
1414
1414
54
1414
1414
54
1414
1414
54
1414
1414
54
1414
1414
54
1414
1414
54
1414
1414
54
1414
54
1414
1414
54
1414
1414
54
1414
1414
54
1414
1414
54
1414
1414
54
1414
1414
1414
1414
54
1414
1414
54
1414
1414
54
1414
1414
1414
1414
54
1414
1414
1414
54
1414
1414
54
1414
54
1414
1414
1414
54
1414
1414
54
1414
54
1414
1414
54
1414
1414
54
1414
1414
54
1414
1414
54
1414
1414
54
1414
1414
54
1414
1414
54
1414
1414
1414
54
1414
1414
54
1414
1414
54
1414
1414
1414
54
1414
1414
1414
54
1414
1414
54
1414
1414
54
1414
1414
54
1414
1414
1414
1414
54
1414
1414
54
1414
1414
54
1414
1414
1414
54
1414
1414
1414
1414
1414
54
1414
1414
1414
54
1414
1414
54
1414
1414
54
1414
1414
54
1414
1414
1414
1414
1414
1414
1414
54
1414
1414
1414
1414
54
1414
1414
54
1414
1414
1414
1414
1414
1414
1414
1414
54
1414
1414
54
1414
1414
54
428
1414
1414
1414
1414
1414
54
1414
1414
1414
54
1414
1414
1414
54
1414
1414
1414
54
1414
1414
1414
1414
54
1414
1414
1414
54
1414
1414
1414
1414
1414
1414
54
1414
1414
1414
1414
1414
54
1414
1414
1414
54
1414
1414
1414
54
1414
1414
54
1414
1414
1414
54
1414
1414
1414
1414
54
1414
1414
54
1414
1414
1414
1414
1414
1414
1414
54
1414
1414
1414
1414
54
1414
54
1414
1414
54
1414
1414
1414
1414
54
1414
1414
54
1414
1414
54
1414
1414
54
1414
1414
1414
54
1414
1414
1414
1414
54
1414
1414
54
1414
1414
54
1414
1414
54
1414
1414
1414
54
1414
1414
54
1414
1414
54
1414
1414
54
1414
1414
54
1414
1414
54
1414
1414
54
1414
1414
54
1414
1414
54
1414
1414
54
1414
1414
54
1414
1414
1414
54
1414
1414
54
1414
1414
54
1414
1414
54
1414
1414
54
1414
1414
54
1414
1414
54
1414
1414
1414
1414
54
1414
1414
54
1414
1414
54
1414
1414
54
1414
1414
54
1414
1414
54
1414
54
1414
1414
1414
1414
1414
1414
1414
54
1414
1414
54
1414
1414
54
1414
54
1414
1414
54
1414
1414
54
1414
1414
54
1414
1414
54
1414
1414
54
1414
1414
54
1414
1414
54
1414
1414
54
1414
1414
54
1414
1414
1414
1414
54
1414
1414
1414
54
1414
1414
54
1414
1414
54
1414
1414
1414
1414
54
1414
1414
1414
54
1414
1414
54
1414
1414
54
1414
1414
54
1414
1414
1414
1414
1414
1414
1414
1414
1414
1414
54
1414
1414
1414
1414
54
1414
1414
54
1414
1414
1414
54
1414
1414
54
1414
1414
1414
54
1414
1414
54
1414
1414
54
1414
54
1414
1414
54
1414
129
138
1414
54
54
100
1414
1414
1414
54
1414
1414
1414
1414
54
1414
1414
54
1414
54
1414
1414
1414
1414
1414
54
54
1414
1414
1414
1414
1414
1414
1414
54
1414
1414
54
1414
1414
54
1414
1414
54
1414
1414
54
1414
1414
54
1414
1414
1414
1414
54
1414
1414
1414
1414
1414
1414
1414
1414
1414
1414
54
1414
1414
1414
1414
1414
1414
1414
54
1414
1414
54
54
520
100
1414
1414
1414
1414
1414
1414
1414
1414
1414
1414
54
1414
1414
1414
1414
1414
1414
1414
1414
1414
1414
54
1414
1414
1414
1414
1414
1414
1414
1414
54
1414
1414
54
1414
1414
1414
54
1414
54
1414
1414
54
1414
1414
1414
54
1414
54
54
1414
54
1414
1414
1414
1414
54
1414
1414
1414
54
1414
1414
1414
54
1414
54
1414
1414
54
1414
1414
1414
1414
1414
54
1414
1414
1414
54
1414
1414
54
1414
1414
54
1414
1414
54
1414
1414
54
1414
1414
54
1414
1414
54
1414
1414
54
1414
1414
1414
54
1414
1414
54
1414
1414
54
1414
1414
54
1414
1414
54
1414
54
1414
1414
1414
1414
54
1414
1414
54
1414
1414
54
1414
1414
54
1414
1414
54
1414
1414
1414
54
1414
1414
54
1414
1414
54
1414
824
54
100
54
125
54
138
100
54
181
1414
857
54
54
54
1358
161
652
652
66
100
54
1414
1414
54
1414
1414
1414
54
1414
1414
54
1414
1414
54
1414
1414
54
1414
1414
54
1414
1414
1414
1414
54
1414
1414
54
1414
1414
54
1414
1414
54
1414
1414
54
1414
1414
1414
54
1414
1414
54
1414
1414
54
1414
1414
1414
1414
1414
1414
1414
1414
54
1414
1414
1414
54
1414
1414
54
1414
1414
54
1414
1414
1414
54
1414
1414
54
1414
1414
1414
54
1414
1414
54
1414
1414
54
1414
1414
54
1414
1414
54
1414
1414
1414
1414
1414
1414
1414
1414
1414
54
1414
1414
1414
1414
54
1414
1414
1414
54
1414
1414
1414
54
1414
1414
54
1414
1414
54
1414
1414
54
1414
1414
1414
54
1414
1414
54
1414
1414
54
1414
1414
1414
1414
1414
1414
1414
1414
54
1414
1414
1414
54
1414
1414
1414
54
1414
54
1414
1414
54
1414
1414
54
1414
1414
54
1414
1414
1414
1414
54
1414
1414
54
1414
1414
54
1414
1414
54
1414
1414
1414
54
1414
1414
54
1414
54
1414
1414
1414
1414
1414
54
1414
1414
54
1414
1414
1414
1414
54
1414
1414
1414
54
1414
1414
54
1414
1414
54
1414
1414
54
1414
1414
1414
54
1414
1414
1414
1414
54
1414
1414
1414
1414
1414
54
1414
1414
1414
1414
54
1414
1414
54
1414
1414
54
1414
1414
54
1414
1414
1414
54
1414
1414
54
1414
1414
1414
54
1414
1414
54
1414
1414
54
1414
1414
54
1414
1414
1414
54
1414
1414
54
1414
1414
54
1414
1414
54
1414
1414
1414
1414
54
1414
1414
1414
54
1414
1414
1414
54
1414
1414
1414
54
1414
1414
54
1414
1414
54
1414
1414
54
1414
1414
54
1414
1414
1414
54
1414
1414
54
1414
1414
54
1414
1414
54
1414
54
1414
1414
54
1414
1414
54
1414
1414
54
820
54
1361
1414
1414
54
1414
1414
1414
1414
1414
1414
54
1414
1414
1414
54
1414
1414
1414
54
1414
1414
54
1414
1414
54
1414
1414
1414
1414
54
1414
1414
54
1414
1414
54
1414
1414
54
1414
1414
54
1414
1414
54
1414
1414
54
1414
1414
54
1414
1414
1414
1414
1414
1414
1414
1414
1414
54
1414
1414
1414
1414
1414
54
1414
1414
1414
54
1414
1414
1414
54
1414
1414
1414
1414
1414
54
1414
1414
54
1414
1414
54
1414
1414
1414
1414
54
1414
1414
1414
1414
54
1414
1414
1414
54
1414
1414
54
1414
1414
54
1414
1414
54
1414
1414
54
1414
1414
54
1414
1414
1414
1414
1414
1414
1414
54
1414
1414
1414
54
1414
1414
1414
54
1414
1414
54
1414
1414
54
1414
1414
54
1414
1414
54
1414
1414
54
1414
1414
54
1414
1414
1414
54
1414
1414
1414
1414
54
1414
1414
1414
54
1414
1414
54
1414
1414
54
1414
1414
54
1414
1414
54
1414
1414
54
1414
1414
1414
1414
1414
1414
54
1414
1414
1414
1414
1414
1414
1414
1414
1414
1414
54
1414
1414
1414
54
1414
1414
1414
1414
1414
1414
1414
54
1414
1414
1414
1414
1414
1414
1414
54
1414
1414
1414
1414
1414
1414
54
1414
1414
1414
1414
1414
1414
1414
54
1414
1414
1414
1414
1414
54
1414
1414
54
1414
1414
1414
1414
1414
54
1414
1414
1414
54
1414
1414
1414
1414
1414
1414
1414
1414
1414
54
1414
1414
1414
1414
1414
54
1414
1414
1414
54
1414
1414
54
1414
1414
54
1414
1414
54
1414
1414
54
1414
1414
54
1414
1414
54
1414
1414
54
1414
1414
1414
1414
54
1414
1414
54
1414
1414
1414
1414
54
1414
1414
1414
54
1414
1414
1414
54
1414
1414
54
1414
1414
54
1414
54
1414
1414
54
1414
1414
1414
1414
1414
1414
1414
1414
54
1414
1414
1414
1414
1414
54
1414
1414
1414
54
1414
1414
54
1414
1414
1414
54
1414
1414
54
1414
1414
54
1414
1414
54
1414
1414
54
1414
1414
54
1414
54
1414
1414
1414
1414
54
1414
1414
54
1414
1414
54
1414
1414
54
1414
1414
1414
54
1414
1414
54
1414
1414
54
1414
1414
54
1414
1414
54
1414
1414
54
1414
54
1414
1414
1414
1414
54
1414
1414
1414
54
1414
1414
1414
1414
1414
1414
1414
1414
1414
1414
54
1414
1414
1414
54
1414
1414
1414
1414
1414
1414
1414
54
1414
1414
1414
1414
54
1414
1414
1414
1414
54
1414
1414
54
1414
1414
1414
1414
54
1414
1414
1414
54
1414
1414
54
1414
1414
54
1414
1414
1414
54
1414
1414
54
1414
1414
54
1414
1414
54
1414
1414
54
1414
54
1414
1414
1414
1414
54
1414
1414
54
1414
1414
54
1414
1414
1414
1414
54
1414
1414
1414
54
1414
1414
1414
1414
1414
1414
1414
1414
1414
1414
54
1414
1414
1414
1414
1414
54
1414
1414
1414
54
1414
1414
54
1414
1414
54
1414
1414
54
1414
1414
54
1414
1414
54
1414
1414
54
1414
1414
1414
1414
1414
1414
1414
1414
54
1414
1414
1414
1414
54
1414
1414
1414
54
1414
1414
1414
54
1414
1414
54
1414
54
1414
1414
54
1414
1414
54
1414
1414
54
1414
1414
54
1414
1414
1414
1414
1414
1414
1414
54
1414
1414
1414
1414
1414
1414
1414
54
1414
1414
1414
1414
54
1414
1414
1414
1414
54
1414
1414
1414
54
1414
1414
54
1414
1414
54
1414
1414
54
1414
1414
54
1414
1414
54
1414
1414
54
1414
1414
1414
54
1414
1414
1414
1414
54
1414
1414
1414
1414
1414
54
1414
1414
1414
54
1414
1414
1414
54
1414
1414
54
1414
1414
54
1414
54
1414
1414
54
1414
1414
54
1414
1414
54
1414
1414
54
1414
1414
54
1414
1414
1414
1414
54
1414
1414
54
1414
1414
54
1414
1414
54
1414
1414
1414
54
1414
1414
54
1414
1414
54
1414
1414
54
1414
1414
54
1414
1414
1414
54
1414
1414
1414
54
1414
1414
54
1414
1414
54
1414
1414
54
1414
1414
1414
54
1414
1414
54
1414
1414
54
1414
1414
1414
54
1414
1414
54
1414
54
1414
1414
54
1414
1414
66
74
1414
1414
1414
1414
1414
74
74
74
74
74
1414
1414
1414
74
74
74
1414
1414
74
74
1414
74
1414
1414
1414
74
74
74
1414
1414
1414
1414
1414
74
74
74
74
74
1414
1414
1414
74
74
74
1414
1414
74
74
1414
1414
74
74
1414
1414
74
74
1414
1414
74
74
1414
1414
74
74
1414
1414
74
74
1414
1414
74
74
1414
1414
74
74
1414
1414
74
74
1414
1414
74
74
1414
74
1414
1414
74
74
1414
74
1414
1414
74
74
1414
1414
74
74
1414
1414
74
74
1414
1414
74
74
1414
1414
74
66
1414
1414
66
54
1414
1414
1414
1414
54
1414
1414
54
1414
1414
54
1414
1414
1414
1414
1414
1414
1414
1414
54
1414
1414
1414
1414
54
1414
1414
1414
54
1414
1414
54
1414
1414
54
1414
1414
54
1414
54
1414
1414
54
1414
1414
1414
1414
1414
54
1414
1414
54
1414
1414
1414
1414
1414
1414
1414
1414
1414
54
1414
1414
1414
1414
1414
54
1414
1414
1414
54
1414
1414
54
1414
1414
54
1414
1414
54
1414
1414
54
1414
1414
1414
1414
54
1414
1414
1414
1414
1414
1414
1414
1414
54
1414
1414
1414
54
1414
1414
1414
54
1414
1414
54
1414
1414
1414
1414
54
1414
1414
1414
54
1414
1414
54
1414
1414
54
1414
1414
54
1414
1414
1414
54
1414
1414
1414
54
1414
1414
54
1414
1414
54
1414
1414
1414
1414
54
1414
1414
1414
54
1414
1414
1414
54
1414
1414
54
1414
1414
54
1414
1414
1414
1414
54
1414
1414
1414
54
1414
1414
1414
54
1414
1414
54
1414
1414
54
1414
1414
1414
54
1414
1414
1414
54
1414
54
1414
1414
54
1414
1414
54
1414
1414
54
1414
1414
54
1414
1414
54
1414
1414
1414
1414
54
1414
1414
54
1414
1414
54
1414
1414
54
1414
1414
54
1414
1414
54
1414
1414
54
1414
1414
1414
1414
54
1414
1414
54
1414
1414
1414
54
1414
54
1414
1414
54
1414
1414
54
1414
1414
1414
54
1414
54
1414
1414
54
1414
1414
54
1414
1414
54
1414
1414
1414
1414
54
1414
1414
54
1414
1414
1414
1414
54
1414
1414
54
1414
1414
54
1414
1414
54
1414
1414
54
1414
1414
54
1414
1414
54
1414
1414
54
1414
1414
54
1414
1414
54
1414
1414
54
1414
1414
1414
54
1414
1414
54
1414
1414
54
1414
1414
54
1414
54
1414
1414
1414
1414
54
1414
1414
54
1414
1414
1414
1414
54
1414
1414
1414
54
1414
1414
54
1414
1414
54
1414
1414
54
1414
1414
1414
1414
54
1414
1414
54
1414
1414
1414
1414
1414
1414
1414
1414
1414
1414
54
1414
1414
1414
1414
1414
54
1414
1414
1414
1414
1414
1414
1414
54
1414
1414
1414
1414
54
1414
1414
1414
54
1414
1414
1414
1414
1414
1414
1414
1414
54
1414
1414
1414
54
1414
1414
1414
54
1414
1414
54
1414
1414
54
1414
1414
1414
54
1414
1414
54
1414
1414
1414
1414
54
1414
1414
1414
1414
1414
1414
1414
1414
1414
1414
54
1414
1414
1414
1414
1414
54
1414
1414
1414
1414
54
1414
1414
1414
54
1414
1414
54
1414
1414
54
1414
1414
54
1414
1414
1414
54
1414
1414
1414
54
1414
1414
54
1414
1414
54
1414
1414
54
1414
1414
54
1414
1414
54
1414
1414
54
1414
1414
54
1414
54
1414
1414
54
1414
1414
1414
1414
54
1414
1414
54
1414
1414
54
1414
1414
54
1414
1414
54
1414
1414
54
1414
1414
54
1414
1414
1414
54
1414
1414
54
1414
1414
1414
1414
54
1414
1414
1414
54
1414
1414
1414
54
1414
1414
54
1414
1414
54
1414
1414
54
1414
1414
54
1414
1414
54
1414
54
1414
1414
1414
54
1414
1414
54
1414
1414
54
1414
1414
54
1414
1414
54
1414
1414
1414
1414
1414
54
1414
1414
54
1414
1414
54
1414
1414
1414
54
1414
1414
54
1414
1414
54
1414
1414
54
1414
1414
54
1414
1414
54
1414
1414
54
1414
54
1414
1414
1414
1414
1414
54
1414
1414
1414
54
1414
1414
54
1414
1414
1414
54
1414
1414
1414
1414
1414
54
1414
1414
1414
54
1414
1414
54
1414
1414
54
1414
1414
54
1414
1414
54
1414
1414
1414
54
1414
1414
1414
54
1414
1414
54
1414
1414
54
1414
1414
54
1414
1414
54
1414
1414
54
1414
54
1414
1414
54
1414
1414
54
1414
1414
1414
54
1414
1414
1414
1414
1414
1414
1414
1414
1414
1414
54
1414
1414
1414
1414
1414
54
1414
1414
1414
1414
1414
1414
1414
54
1414
1414
1414
1414
1414
54
1414
1414
1414
54
1414
1414
54
1414
1414
54
1414
1414
54
1414
54
1414
1414
1414
1414
1414
1414
1414
54
1414
1414
1414
1414
54
1414
1414
54
1414
1414
54
1414
1414
54
1414
1414
54
1414
1414
54
1414
1414
54
1414
54
1414
1414
1414
54
1414
1414
1414
1414
1414
1414
1414
54
1414
1414
1414
1414
54
1414
1414
1414
54
1414
1414
54
1414
1414
54
1414
1414
54
1414
1414
54
1414
1414
54
1414
54
1414
1414
54
1414
1414
54
1414
1414
1414
1414
1414
1414
1414
1414
1414
1414
54
1414
1414
1414
54
1414
1414
1414
1414
1414
1414
54
1414
1414
1414
1414
54
1414
1414
54
1414
1414
54
1414
1414
1414
1414
1414
1414
1414
1414
54
1414
1414
1414
1414
54
1414
1414
1414
54
1414
1414
1414
1414
1414
1414
1414
1414
1414
54
1414
1414
1414
1414
1414
1414
1414
54
1414
1414
54
1414
1414
54
1414
1414
54
1414
1414
54
1414
1414
1414
54
1414
1414
54
1414
1414
54
1414
54
1414
1414
54
1414
1414
54
1414
1414
54
1414
1414
54
1414
1414
54
1414
1414
1414
54
1414
1414
1414
54
1414
1414
1414
54
1414
1414
54
1414
1414
54
1414
1414
54
1414
1414
54
1414
54
1414
1414
1414
1414
54
1414
1414
54
1414
1414
1414
54
1414
1414
1414
1414
54
1414
1414
54
1414
1414
54
1414
1414
1414
54
1414
1414
1414
54
1414
1414
54
1414
1414
54
1414
1414
54
1414
1414
54
1414
1414
54
1414
1414
1414
1414
54
1414
1414
54
1414
1414
54
1414
1414
54
1414
1414
54
1414
1414
54
1414
1414
54
1414
1414
54
1414
1414
54
1414
1414
54
1414
1414
54
1414
1414
1414
1414
1414
1414
1414
1414
1414
1414
54
1414
1414
1414
1414
1414
1414
1414
1414
1414
1414
54
1414
1414
1414
1414
1414
1414
1414
54
1414
1414
54
1414
1414
1414
1414
1414
1414
1414
1414
1414
54
1414
1414
1414
1414
54
1414
1414
1414
54
1414
1414
1414
54
1414
1414
54
1414
1414
54
1414
1414
1414
54
1414
1414
54
1414
1414
54
1414
1414
1414
1414
1414
1414
54
1414
1414
1414
54
1414
1414
1414
54
1414
1414
54
1414
1414
1414
54
1414
1414
54
1414
1414
54
1414
1414
54
1414
1414
54
1414
54
1414
1414
1414
54
1414
1414
54
1414
1414
1414
1414
1414
1414
1414
1414
1414
54
1414
1414
1414
54
1414
54
1414
1414
54
1414
1414
1414
54
1414
54
1414
1414
1414
54
1414
1414
54
1414
1414
1414
54
1414
1414
54
1414
1414
54
1414
1414
1414
54
1414
1414
1414
54
1414
1414
1414
54
1414
1414
1414
1414
1414
54
1414
1414
1414
54
1414
1414
54
1414
1414
54
1414
54
1414
1414
54
1414
1414
54
1414
1414
1414
1414
54
1414
1414
1414
1414
54
1414
1414
54
1414
1414
1414
54
1414
1414
54
1414
1414
54
1414
54
1414
1414
1414
54
1414
1414
54
1414
1414
54
1414
1414
1414
54
1414
1414
1414
1414
1414
54
1414
1414
1414
1414
1414
1414
1414
54
1414
1414
1414
1414
54
1414
1414
54
1414
1414
54
1414
1414
1414
54
1414
54
1414
1414
54
1414
1414
54
1414
1414
54
1414
1414
54
1414
1414
1414
1414
54
1414
1414
1414
1414
54
1414
1414
54
1414
1414
54
1414
1414
54
1414
1414
1414
54
1414
1414
54
1414
1414
1414
1414
1414
1414
1414
1414
54
1414
1414
1414
1414
54
1414
1414
1414
54
1414
1414
54
1414
1414
54
1414
1414
1414
1414
1414
1414
1414
54
1414
1414
1414
1414
1414
54
1414
1414
1414
54
1414
1414
1414
54
1414
1414
1414
54
1414
1414
1414
54
1414
1414
1414
54
1414
1414
1414
1414
1414
54
1414
1414
1414
1414
1414
1414
1414
1414
54
1414
1414
1414
1414
1414
54
1414
1414
1414
1414
1414
1414
54
1414
1414
1414
1414
54
1414
1414
54
1414
1414
54
1414
1414
1414
1414
1414
1414
1414
1414
54
1414
1414
1414
54
1414
1414
1414
54
1414
1414
54
1414
1414
54
1414
1414
54
1414
1414
54
1414
1414
1414
54
1414
1414
1414
54
1414
54
1414
1414
54
1414
1414
1414
1414
1414
54
1414
54
1414
1414
1414
1414
1414
54
1414
1414
1414
54
1414
1414
1414
1414
54
1414
1414
1414
54
1414
1414
54
1414
1414
1414
1414
54
1414
1414
1414
54
1414
1414
54
1414
1414
1414
54
1414
1414
1414
54
1414
1414
54
1414
1414
54
1414
1414
54
1414
1414
54
1414
1414
54
1414
1414
1414
1414
54
1414
1414
1414
1414
54
1414
1414
54
1414
1414
1414
1414
1414
1414
1414
1414
1414
1414
54
1414
1414
1414
1414
1414
1414
54
1414
1414
1414
1414
1414
1414
1414
1414
54
1414
1414
1414
1414
54
1414
1414
1414
54
1414
1414
54
1414
1414
1414
1414
1414
54
1414
1414
1414
54
1414
1414
1414
54
1414
1414
54
1414
1414
1414
54
1414
1414
1414
54
1414
1414
54
1414
1414
1414
54
1414
1414
1414
54
1414
1414
1414
54
1414
1414
1414
1414
54
1414
1414
54
1414
1414
54
1414
1414
1414
1414
54
1414
1414
1414
1414
54
1414
1414
54
1414
1414
54
1414
1414
54
1414
1414
54
1414
1414
54
1414
1414
54
1414
1414
1414
54
1414
1414
54
1414
1414
54
1414
1414
1414
1414
1414
1414
1414
54
1414
1414
1414
1414
54
1414
1414
1414
1414
1414
54
1414
1414
1414
54
1414
1414
54
1414
1414
1414
54
1414
1414
1414
1414
54
1414
1414
1414
54
1414
1414
1414
1414
1414
1414
1414
1414
1414
1414
54
1414
1414
1414
1414
1414
54
1414
1414
1414
1414
1414
1414
1414
1414
54
1414
1414
1414
1414
54
1414
1414
1414
54
1414
1414
1414
1414
1414
1414
1414
54
1414
1414
1414
1414
54
1414
1414
1414
54
1414
1414
54
1414
1414
54
1414
1414
54
1414
1414
54
1414
1414
54
1414
1414
54
1414
1414
54
1414
1414
1414
54
1414
1414
1414
54
1414
1414
54
1414
1414
54
1414
1414
1414
54
1414
1414
1414
54
1414
1414
1414
54
1414
1414
1414
54
1414
1414
54
1414
1414
1414
54
1414
1414
1414
54
1414
1414
1414
1414
1414
1414
1414
1414
1414
1414
54
1414
1414
1414
1414
54
1414
1414
54
1414
1414
54
1414
1414
54
1414
1414
54
1414
54
1414
1414
1414
1414
54
1414
1414
1414
1414
1414
54
1414
1414
1414
1414
54
1414
1414
54
1414
1414
54
1414
1414
1414
1414
54
1414
1414
1414
54
1414
1414
54
1414
1414
54
1414
1414
1414
1414
1414
54
1414
1414
54
1414
1414
54
1414
1414
54
1414
54
1414
1414
54
1414
1414
1414
1414
1414
1414
1414
1414
1414
1414
54
1414
1414
54
1414
1414
1414
1414
1414
1414
54
1414
1414
1414
1414
54
1414
1414
1414
54
1414
1414
1414
54
1414
1414
54
1414
1414
54
1414
1414
1414
1414
1414
54
1414
1414
1414
54
1414
1414
54
1414
1414
1414
1414
54
1414
1414
54
1414
1414
54
1414
1414
54
1414
1414
1414
1414
1414
54
1414
1414
1414
1414
1414
1414
1414
1414
1414
1414
54
1414
1414
1414
1414
54
1414
1414
1414
1414
1414
1414
1414
54
1414
1414
1414
1414
1414
1414
1414
1414
1414
1414
54
1414
1414
1414
1414
1414
1414
1414
54
1414
1414
1414
1414
1414
1414
1414
1414
1414
54
1414
1414
1414
1414
1414
1414
54
1414
1414
1414
1414
1414
54
1414
1414
1414
54
1414
1414
1414
54
1414
1414
54
1414
1414
54
1414
1414
1414
1414
1414
1414
1414
1414
1414
54
1414
1414
1414
1414
54
1414
1414
54
1414
1414
54
1414
1414
1414
54
1414
1414
54
1414
1414
54
1414
1414
1414
54
1414
1414
54
1414
1414
1414
1414
1414
54
1414
1414
1414
1414
54
1414
1414
1414
1414
1414
1414
1414
54
1414
1414
1414
1414
1414
54
1414
1414
1414
54
1414
1414
54
1414
1414
54
1414
1414
54
1414
1414
1414
54
1414
1414
1414
54
1414
1414
1414
54
1414
1414
54
1414
1414
54
1414
1414
54
1414
1414
54
1414
54
1414
1414
54
1414
1414
54
1414
1414
54
1414
1414
54
1414
1414
54
1414
1414
1414
1414
54
1414
1414
1414
1414
54
1414
1414
54
1414
1414
54
1414
1414
54
1414
1414
1414
54
1414
1414
54
1414
1414
54
1414
1414
54
1414
1414
54
1414
1414
1414
1414
54
1414
1414
54
1414
1414
1414
54
1414
1414
1414
54
1414
1414
54
1414
1414
1414
1414
54
1414
1414
54
1414
1414
54
1414
1414
54
1414
54
1414
1414
1414
1414
54
1414
1414
1414
54
1414
1414
54
1414
1414
66
66
1414
1414
66
66
1414
1414
66
66
1414
1414
66
66
1414
1414
66
66
1414
1414
66
66
1414
1414
1414
1414
66
66
66
66
1414
1414
66
66
1414
1414
66
66
1414
1414
1414
66
66
66
1414
1414
66
66
1414
1414
66
66
1414
1414
66
66
1414
1414
66
74
1414
74
1414
1414
1414
1414
74
74
74
74
1414
1414
1414
1414
1414
1414
1414
1414
1414
1414
74
74
74
74
74
74
74
74
74
74
1414
1414
1414
74
74
74
1414
1414
1414
74
74
74
1414
1414
74
74
1414
1414
74
74
1414
1414
74
66
1414
1414
66
66
1414
1414
66
66
1414
1414
66
66
1414
1414
66
66
1414
66
1414
66
1414
1414
66
66
1414
1414
1414
1414
1414
1414
1414
66
66
66
66
66
66
66
1414
1414
54
54
1414
1414
54
1414
1414
1414
1414
1414
1414
54
1414
1414
1414
1414
54
1414
1414
54
1414
1414
54
1414
1414
1414
1414
1414
1414
1414
1414
1414
1414
54
1414
1414
1414
1414
54
1414
1414
1414
1414
54
1414
1414
54
1414
1414
1414
54
1414
1414
1414
54
1414
1414
54
1414
1414
1414
1414
54
1414
1414
54
1414
1414
54
1414
1414
1414
1414
54
1414
1414
54
1414
1414
54
1414
1414
1414
54
1414
1414
1414
54
1414
1414
54
1414
1414
1414
54
1414
1414
54
1414
1414
1414
1414
1414
54
1414
1414
1414
54
1414
1414
54
1414
1414
54
1414
1414
54
1414
1414
1414
1414
54
1414
1414
54
1414
1414
54
1414
1414
54
1414
1414
54
1414
1414
54
1414
1414
54
1414
1414
54
1414
1414
54
1414
54
1414
1414
1414
1414
1414
1414
1414
1414
1414
1414
54
1414
1414
1414
1414
1414
1414
1414
1414
1414
1414
54
1414
1414
54
1414
1414
54
1414
1414
54
1414
1414
54
1414
1414
54
1414
1414
1414
1414
54
1414
1414
54
1414
1414
54
1414
1414
54
1414
1414
54
1414
1414
1414
1414
1414
1414
1414
1414
1414
1414
54
1414
1414
54
1414
1414
1414
1414
54
1414
1414
1414
1414
1414
1414
1414
1414
1414
1414
54
1414
1414
1414
1414
54
1414
1414
54
1414
1414
1414
1414
1414
1414
1414
1414
1414
54
1414
1414
54
1414
54
1414
1414
54
1414
1414
54
1414
1414
1414
1414
1414
1414
1414
1414
54
1414
1414
1414
54
1414
54
1414
1414
54
1414
1414
1414
1414
54
1414
1414
1414
54
1414
1414
1414
1414
1414
1414
1414
1414
54
1414
54
1414
1414
1414
1414
1414
1414
1414
1414
1414
1414
54
1414
1414
1414
1414
1414
1414
1414
54
1414
54
1414
1414
1414
54
1414
1414
1414
54
1414
1414
54
1414
1414
54
1414
1414
1414
1414
54
1414
1414
1414
1414
1414
1414
1414
1414
1414
54
1414
1414
1414
54
1414
1414
1414
54
1414
1414
54
1414
1414
54
1414
1414
54
1414
1414
54
1414
1414
54
1414
54
1414
1414
54
1414
1414
54
1414
1414
54
1414
1414
54
1414
1414
54
1414
1414
1414
54
1414
1414
54
1414
1414
1414
54
1414
1414
1414
54
1414
1414
1414
54
1414
1414
54
1414
1414
54
1414
1414
54
1414
1414
1414
54
1414
1414
1414
54
1414
1414
54
1414
1414
54
1414
1414
54
1414
916
54
54
54
1358
1414
1414
54
1414
1414
1414
1414
1414
1414
54
1414
1414
1414
1414
1414
1414
54
1414
1414
1414
1414
54
1414
1414
54
1414
1414
1414
1414
54
1414
1414
54
1414
1414
54
1414
1414
54
1414
1414
54
1414
1414
1414
1414
1414
1414
1414
1414
54
1414
1414
1414
54
1414
1414
1414
1414
1414
1414
1414
1414
54
1414
1414
1414
1414
1414
1414
1414
1414
1414
1414
54
1414
1414
54
1414
1414
1414
1414
54
1414
1414
1414
1414
54
1414
1414
54
1414
54
1414
1414
54
1414
1414
54
1414
1414
54
1414
1414
1414
1414
1414
1414
1414
1414
54
1414
1414
1414
1414
54
1414
1414
1414
54
1414
1414
54
1414
1414
54
1414
1414
54
1414
1414
54
1414
1414
54
1414
1414
54
1414
1414
54
1414
1414
1414
1414
1414
1414
54
1414
1414
1414
54
1414
1414
1414
54
1414
1414
54
1414
1414
54
1414
1414
1414
54
54
1414
1414
1414
54
1414
1414
1414
54
1414
1414
54
1414
1414
54
1414
1414
54
1414
1414
1414
1414
54
1414
1414
1414
1414
1414
1414
1414
1414
1414
1414
54
1414
1414
1414
1414
1414
54
1414
1414
1414
54
1414
1414
54
1414
1414
54
1414
1414
54
1414
1414
54
1414
1414
54
1414
1414
54
1414
1414
54
1414
1414
1414
54
1414
1414
1414
1414
54
1414
1414
1414
54
1414
1414
1414
54
1414
1414
54
1414
1414
54
1414
1414
54
1414
1414
1414
54
1414
1414
54
1414
1414
54
1414
1414
54
1414
1414
54
1414
1414
54
1414
1414
54
1414
1414
1414
1414
1414
54
1414
1414
1414
54
1414
1414
54
1414
1414
54
1414
1414
54
1414
1414
54
1414
1414
54
1414
1414
54
1414
1414
54
1414
1414
528
54
1361
1414
1414
1414
1414
1414
1414
1414
1414
1414
1414
1414
54
1414
1414
1414
1414
1414
1414
54
1414
1414
54
1414
1414
1414
1414
1414
1414
54
1414
1414
1414
1414
54
1414
1414
54
1414
1414
54
1414
1414
54
1414
1414
54
1414
1414
1414
1414
54
1414
1414
1414
54
1414
1414
1414
1414
54
1414
1414
1414
54
1414
1414
54
1414
54
1414
1414
54
1414
1414
1414
1414
54
1414
929
54
1414
1414
54
1414
1414
1414
1414
1414
1414
54
1414
1414
1414
1414
54
1414
1414
1414
1414
1414
1414
1414
54
1414
1414
1414
1414
54
1414
1414
1414
54
1414
1414
54
1414
1414
1414
54
1414
1414
54
1414
1414
1414
1414
1414
1414
54
1414
1414
1414
54
1414
1414
1414
54
1414
1414
54
1414
1414
1414
1414
54
1414
1414
1414
54
1414
1414
54
1414
1414
54
1414
1414
54
1414
1414
54
1414
1414
54
1414
1414
1414
1414
54
1414
1414
54
1414
1414
54
1414
1414
54
1414
1414
1414
54
1414
1414
54
1414
1414
54
1414
1414
54
1414
54
1414
1414
54
1414
1414
1414
1414
54
1414
1414
1414
1414
1414
54
1414
1414
1414
54
1414
1414
1414
54
1414
1414
54
1414
1414
1414
54
1414
1414
54
1414
1414
54
1414
1414
54
1414
1414
1414
54
1414
1414
54
1414
1414
54
1414
1414
54
1414
1414
54
1414
1414
54
1414
1414
54
1414
54
1414
1414
54
1414
1414
54
1414
1414
54
1414
1414
54
1414
1414
54
1414
1414
54
1414
1414
54
1414
1414
1414
1414
1414
54
1414
1414
1414
54
1414
1414
54
1414
1414
54
1414
1414
54
1414
1414
54
1414
1414
54
1414
1414
54
1414
1414
54
1414
1414
54
1414
1414
1414
54
1414
1414
1414
1414
54
1414
1414
1414
54
1414
1414
54
1414
1414
1414
54
1414
54
1414
1414
54
1414
1414
54
1414
1414
1414
1414
54
1414
1414
54
1414
1414
54
1414
1414
1414
54
1414
1414
54
1414
1414
54
1414
1414
54
1414
1414
54
1414
1414
54
1414
1414
54
1414
1414
54
1414
54
1414
1414
54
1414
1414
1414
1414
1414
1414
54
1414
1414
1414
1414
54
1414
1414
1414
54
1414
1414
1414
1414
1414
1414
1414
1414
1414
1414
54
1414
1414
1414
1414
1414
1414
1414
1414
1414
1414
54
1414
1414
1414
1414
54
1414
1414
1414
1414
54
1414
1414
1414
1414
54
1414
1414
1414
1414
1414
1414
1414
1414
54
1414
1414
1414
1414
1414
1414
1414
1414
54
1414
54
1414
1414
54
1414
1414
54
1414
1414
54
1414
1414
54
1414
1414
1414
54
1414
54
1414
1414
1414
54
1414
54
1414
1414
54
1414
1414
1414
54
1414
1414
1414
1414
54
1414
1414
54
1414
1414
54
1414
1414
54
1414
1414
1414
1414
54
1414
1414
54
1414
54
1414
1414
1414
1414
1414
54
1414
1414
1414
54
1414
1414
1414
54
1414
1414
54
1414
1414
54
1414
1414
1414
1414
54
1414
1414
54
1414
1414
1414
54
1414
1414
54
1414
1414
54
1414
1414
54
1414
1414
54
1414
1414
1414
54
1414
1414
1414
1414
1414
1414
1414
1414
1414
1414
54
1414
1414
54
1414
54
1414
1414
1414
1414
1414
1414
1414
54
1414
1414
1414
1414
54
1414
1414
1414
54
1414
1414
54
1414
1414
54
1414
1414
54
1414
1414
1414
54
1414
1414
54
1414
1414
1414
54
1414
1414
1414
54
1414
54
1414
1414
54
1414
1414
1414
54
1414
1414
1414
54
1414
1414
54
1414
1414
1414
54
1414
1414
54
1414
1414
54
1414
1414
1414
1414
1414
1414
1414
1414
1414
54
1414
1414
1414
1414
1414
54
1414
1414
1414
54
1414
1414
54
1414
1414
54
1414
1414
54
1414
1414
54
1414
1414
1414
54
1414
1414
54
1414
1414
1414
1414
1414
1414
54
1414
1414
1414
54
1414
1414
1414
54
1414
1414
1414
1414
54
1414
1414
1414
54
1414
1414
54
1414
1414
54
1414
1414
54
1414
1414
54
1414
1414
54
1414
1414
1414
1414
54
1414
1414
1414
54
1414
1414
54
1414
1414
54
1414
1414
1414
54
1414
1414
54
1414
1414
54
1414
1414
54
1414
1414
1414
54
1414
54
1414
1414
1414
1414
1414
1414
1414
1414
1414
1414
54
1414
1414
1414
54
1414
1414
1414
1414
1414
1414
1414
1414
1414
1414
54
1414
1414
1414
1414
1414
1414
1414
1414
1414
1414
54
1414
54
1414
1414
1414
1414
1414
54
1414
1414
1414
1414
1414
1414
1414
1414
1414
54
1414
1414
54
1414
1414
54
1414
1414
54
1414
1414
1414
1414
54
1414
1414
1414
1414
54
1414
1414
54
1414
1414
54
1414
1414
1414
1414
1414
1414
1414
1414
54
1414
1414
54
1414
1414
54
1414
1414
54
1414
1414
54
1414
1414
54
1414
1414
54
1414
1414
54
1414
1414
54
1414
1414
54
1414
1414
1414
1414
1414
54
1414
1414
54
1414
54
1414
1414
54
1414
1414
54
1414
1414
54
1414
1414
54
1414
1414
54
1414
1414
54
1414
1414
54
1414
1414
54
1414
1414
54
1414
1414
54
1414
1414
54
1414
1414
54
1414
1414
54
1414
1414
1414
54
1414
1414
54
1414
1414
54
1414
1414
54
1414
1414
54
1414
54
1414
1414
54
1414
1414
54
1414
1414
54
1414
1414
54
1414
1414
54
1414
1414
54
1414
1414
1414
54
1414
1414
54
1414
1414
54
1414
1414
54
1414
1414
54
1414
1414
1414
54
1414
1414
54
1414
1414
54
1414
1414
54
1414
1414
54
1414
1414
54
1414
1414
54
1414
1414
54
1414
1414
54
1414
1414
1414
54
1414
1414
54
1414
1414
54
1414
1414
54
1414
1414
54
1414
1414
1414
1414
54
1414
1414
1414
1414
1414
54
1414
1414
54
1414
1414
54
1414
1414
1414
1414
1414
54
1414
1414
1414
54
1414
1414
54
1414
1414
54
1414
1414
54
1414
1414
54
1414
1414
54
1414
1414
54
1414
1414
54
1414
1414
54
1414
1414
54
1414
1414
54
1414
1414
54
1414
1414
54
1414
1414
1414
1414
54
1414
1414
54
1414
1414
1414
1414
1414
1414
1414
1414
1414
54
1414
1414
1414
1414
1414
54
1414
1414
1414
54
1414
1414
1414
54
1414
1414
54
1414
1414
1414
1414
1414
1414
1414
1414
54
1414
1414
1414
1414
54
1414
1414
1414
1414
1414
1414
1414
1414
54
1414
1414
1414
1414
54
1414
1414
1414
54
1414
1414
54
1414
1414
54
1414
1414
54
1414
1414
54
1414
1414
54
1414
1414
1414
1414
1414
1414
1414
1414
1414
54
1414
1414
1414
1414
1414
1414
1414
1414
1414
54
1414
1414
1414
1414
1414
54
1414
1414
54
1414
1414
1414
54
1414
1414
54
1414
54
1414
1414
54
1414
1414
54
1414
1414
54
1414
1414
1414
1414
1414
1414
54
1414
1414
54
1414
1414
1414
1414
54
1414
1414
54
1414
1414
1414
54
1414
54
1414
1414
1414
1414
54
1414
1414
1414
54
1414
1414
1414
54
1414
1414
1414
54
1414
1414
54
1414
1414
54
1414
1414
54
1414
54
1414
1414
54
1414
1414
54
1414
1414
54
1414
1414
1414
54
1414
1414
54
1414
1414
1414
54
1414
1414
54
1414
1414
54
1414
1414
54
1414
1414
1414
1414
1414
54
1414
1414
54
1414
1414
54
1414
1414
54
1414
1414
54
1414
1414
54
1414
1414
1414
54
1414
1414
54
1414
1414
54
1414
1414
54
1414
1414
1414
54
1414
1414
54
1414
1414
54
1414
1414
1414
1414
54
1414
1414
54
1414
1414
54
1414
1414
54
1414
1414
54
1414
1414
1414
54
1414
1414
1414
1414
54
1414
1414
54
1414
1414
54
1414
1414
54
1414
1414
54
1414
1414
1414
1414
54
1414
1414
1414
54
1414
1414
1414
54
1414
1414
1414
54
1414
1414
54
1414
1414
54
1414
1414
54
1414
1414
54
1414
1414
54
1414
1414
54
1414
1414
54
1414
1414
54
1414
54
1414
1414
54
1414
1414
54
1414
1414
54
1414
1414
1414
1414
1414
1414
1414
54
1414
1414
1414
1414
54
1414
1414
1414
54
1414
1414
54
1414
1414
1414
1414
1414
54
1414
1414
1414
54
1414
1414
1414
1414
1414
1414
1414
1414
1414
1414
54
1414
1414
54
1414
1414
54
1414
1414
1414
1414
1414
1414
1414
66
66
1414
1414
1414
1414
66
66
66
66
1414
1414
1414
66
66
66
1414
1414
1414
66
66
66
1414
1414
1414
1414
66
66
66
66
1414
1414
1414
66
66
66
1414
1414
1414
1414
1414
1414
1414
1414
1414
1414
66
66
66
66
66
66
66
66
66
66
1414
1414
1414
1414
1414
66
66
66
66
66
1414
1414
1414
66
66
66
1414
1414
66
66
1414
1414
66
66
1414
1414
1414
66
66
66
1414
66
1414
1414
66
66
1414
1414
66
66
1414
1414
66
66
1414
1414
66
66
1414
1414
66
66
1414
66
1414
1414
54
54
1414
1414
54
1414
1414
54
1414
1414
54
1414
1414
54
1414
1414
54
1414
1414
54
1414
1414
54
1414
1414
1414
54
1414
1414
54
1414
1414
1414
54
1414
1414
1414
54
1414
1414
54
1414
1414
1414
54
1414
1414
1414
1414
1414
54
1414
1414
54
1414
1414
54
1414
1414
54
1414
1414
54
1414
1414
54
1414
1414
54
1414
1414
1414
54
1414
1414
1414
1414
1414
1414
1414
1414
1414
1414
54
1414
1414
1414
54
1414
1414
1414
1414
54
1414
1414
54
1414
1414
54
1414
1414
1414
1414
1414
54
1414
1414
1414
1414
1414
1414
1414
1414
1414
1414
54
1414
1414
54
1414
1414
1414
1414
1414
1414
54
1414
1414
1414
1414
1414
1414
54
1414
1414
1414
54
1414
1414
1414
54
1414
1414
54
1414
1414
54
1414
1414
1414
1414
54
1414
1414
1414
54
1414
1414
54
1414
1414
54
1414
1414
54
1414
1414
54
1414
1414
54
1414
1414
54
1414
1414
54
1414
1414
54
1414
1414
54
1414
54
1414
1414
54
1414
1414
54
1414
1414
54
1414
1414
54
1414
1414
1414
1414
1414
1414
1414
1414
54
1414
1414
1414
1414
54
1414
1414
1414
1414
54
1414
1414
54
1414
1414
54
1414
1414
1414
54
1414
1414
54
1414
1414
54
1414
1414
1414
1414
1414
54
1414
1414
1414
1414
1414
1414
1414
1414
1414
54
1414
1414
1414
1414
1414
54
1414
1414
1414
54
1414
1414
1414
54
1414
1414
1414
1414
54
1414
1414
1414
54
1414
1414
1414
54
1414
1414
1414
1414
1414
1414
1414
1414
54
1414
1414
1414
1414
54
1414
1414
1414
54
1414
1414
54
1414
1414
54
1414
1414
54
1414
1414
54
1414
54
1414
1414
54
1414
1414
54
1414
1414
54
1414
1414
54
1414
1414
54
1414
1414
1414
1414
54
1414
1414
1414
54
1414
1414
54
1414
1414
54
1414
54
1414
1414
54
1414
1414
1414
54
1414
1414
54
1414
1414
1414
54
1414
1414
1414
54
1414
1414
1414
54
1414
1414
1414
1414
54
1414
1414
1414
54
1414
1414
54
1414
1414
54
1414
1414
54
1414
1414
1414
1414
54
1414
1414
1414
54
1414
1414
54
1414
1414
54
1414
1414
1414
54
1414
1414
54
1414
1414
54
1414
1414
54
1414
1414
54
1414
54
1414
1414
54
1414
1414
54
1414
1414
54
1414
1414
1414
1414
54
1414
1414
54
1414
1414
54
1414
1414
54
1414
1414
1414
54
1414
1414
54
1414
1414
54
1414
1414
54
1414
1414
54
1414
1414
54
1414
1414
54
1414
1414
54
1414
1414
54
1414
1414
54
1414
1414
1414
1414
54
1414
1414
54
1414
1414
1414
54
1414
1414
54
1414
1414
54
1414
1414
1414
54
1414
1414
54
1414
1414
54
1414
1414
54
1414
1414
54
1414
1414
1414
1414
54
1414
1414
54
1414
1414
54
1414
1414
54
1414
54
1414
1414
54
1414
1414
54
1414
1414
54
1414
1414
54
1414
1414
1414
54
1414
1414
54
1414
1414
54
1414
1414
54
1414
1414
1414
1414
1414
1414
1414
54
1414
1414
1414
1414
54
1414
1414
1414
54
1414
1414
1414
54
1414
1414
54
1414
1414
54
1414
1414
1414
54
1414
1414
54
1414
54
1414
1414
54
1414
1414
1414
1414
1414
1414
1414
1414
54
1414
1414
1414
1414
1414
54
1414
1414
1414
54
1414
1414
54
1414
1414
54
1414
1414
54
1414
1414
54
1414
1414
54
1414
1414
54
1414
1414
54
1414
1414
1414
1414
1414
1414
1414
54
1414
1414
1414
1414
54
1414
1414
54
1414
1414
54
1414
1414
54
1414
1414
54
1414
1414
54
1414
1414
54
1414
1414
54
1414
1414
54
1414
54
1414
1414
54
1414
1414
54
1414
1414
54
1414
1414
54
1414
1414
54
1414
1414
54
1414
1414
54
1414
1414
1414
54
1414
1414
54
1414
1414
54
1414
1414
54
1414
1414
54
1414
54
1414
1414
54
1414
1414
54
1414
1414
54
1414
1414
54
1414
1414
54
1414
1414
54
1414
1414
54
1414
1414
1414
1414
54
1414
1414
54
1414
1414
54
1414
1414
1414
1414
54
1414
1414
1414
54
1414
54
1414
1414
1414
1414
54
1414
1414
1414
54
1414
1414
54
1414
1414
54
1414
1414
54
1414
54
1414
1414
54
1414
1414
54
1414
1414
54
1414
1414
1414
1414
1414
1414
1414
1414
1414
1414
54
1414
1414
1414
1414
1414
54
1414
1414
1414
54
1414
1414
54
1414
1414
54
1414
1414
1414
1414
54
1414
1414
1414
54
1414
1414
1414
54
1414
1414
54
1414
1414
54
1414
1414
1414
1414
54
1414
1414
54
1414
1414
54
1414
1414
54
1414
1414
1414
54
1414
1414
54
1414
1414
54
1414
54
1414
1414
54
1414
1414
54
1414
1414
1414
54
1414
54
1414
1414
1414
1414
1414
54
1414
1414
1414
54
1414
1414
1414
54
1414
54
1414
1414
54
1414
1414
54
1414
1414
1414
1414
54
1414
1414
1414
1414
1414
1414
1414
1414
54
1414
1414
1414
1414
54
1414
1414
1414
54
1414
1414
1414
1414
54
1414
1414
54
1414
1414
1414
54
1414
1414
54
1414
1414
54
1414
1414
54
1414
1414
54
1414
1414
1414
1414
1414
1414
1414
54
1414
1414
1414
1414
1414
1414
1414
1414
1414
1414
54
1414
1414
1414
1414
54
1414
1414
1414
1414
1414
1414
1414
54
1414
1414
1414
1414
1414
1414
1414
1414
1414
1414
54
1414
1414
54
1414
1414
54
1414
1414
1414
1414
54
1414
1414
1414
1414
1414
54
1414
54
1414
1414
54
1414
1414
54
1414
1414
54
1414
1414
54
1414
1414
54
1414
1414
54
1414
1414
54
1414
1414
54
1414
1414
1414
54
1414
1414
54
1414
1414
54
1414
1414
54
1414
1414
1414
1414
1414
1414
54
1414
1414
1414
1414
54
1414
1414
54
1414
1414
54
1414
1414
54
1414
1414
54
1414
1414
1414
54
1414
1414
1414
54
1414
1414
1414
1414
54
1414
1414
1414
54
1414
1414
1414
54
1414
1414
1414
54
1414
1414
1414
54
1414
54
1414
1414
1414
1414
1414
1414
54
1414
1414
1414
1414
54
1414
1414
1414
54
1414
1414
1414
54
1414
1414
1414
54
1414
54
1414
1414
54
1414
1414
54
1414
1414
54
1414
1414
54
1414
1414
54
1414
1414
54
1414
1414
54
1414
1414
54
1414
1414
54
1414
1414
54
1414
1414
54
1414
1414
54
1414
1414
54
1414
1414
1414
54
1414
1414
54
1414
54
1414
1414
54
1414
1414
54
1414
1414
54
1414
1414
54
1414
1414
54
1414
1414
54
1414
1414
54
1414
1414
1414
1414
54
1414
1414
1414
54
1414
1414
54
1414
1414
1414
54
1414
1414
54
1414
1414
1414
1414
1414
54
1414
1414
1414
54
1414
1414
54
1414
1414
54
1414
1414
1414
1414
1414
1414
1414
54
54
1414
1414
1414
1414
54
1414
1414
1414
54
1414
1414
1414
1414
1414
1414
54
1414
1414
1414
1414
54
1414
1414
54
1414
1414
1414
1414
54
1414
1414
54
1414
1414
1414
1414
1414
1414
1414
54
1414
1414
1414
1414
54
1414
1414
54
1414
1414
1414
54
1414
1414
1414
54
1414
1414
1414
1414
54
1414
1414
1414
54
1414
1414
54
1414
1414
1414
1414
1414
1414
54
1414
1414
1414
1414
54
1414
1414
1414
54
1414
1414
54
1414
1414
54
1414
1414
54
1414
1414
54
1414
1414
54
1414
1414
54
1414
1414
54
1414
54
1414
1414
54
1414
1414
1414
54
1414
1414
54
1414
1414
1414
1414
1414
54
1414
1414
1414
54
1414
1414
54
1414
1414
54
1414
1414
54
1414
1414
54
1414
1414
54
1414
1414
54
1414
54
1414
1414
1414
54
1414
1414
54
1414
54
1414
1414
1414
54
1414
1414
54
1414
1414
1414
1414
1414
1414
54
1414
1414
1414
1414
1414
1414
1414
54
1414
1414
1414
1414
54
1414
1414
54
1414
1414
54
1414
1414
54
1414
1414
1414
54
1414
1414
1414
54
1414
1414
1414
54
1414
1414
54
1414
1414
54
1414
1414
1414
54
1414
1414
1414
1414
1414
54
1414
1414
1414
54
1414
1414
1414
54
1414
1414
1414
54
1414
1414
54
1414
1414
54
1414
1414
54
1414
1414
54
1414
1414
54
1414
1414
54
1414
1414
54
1414
1414
1414
54
1414
1414
1414
54
1414
1414
1414
54
1414
1414
54
1414
1414
54
1414
1414
54
1414
1414
54
1414
1414
54
1414
1414
54
1414
1414
54
1414
1414
54
1414
1414
1414
1414
54
1414
1414
54
1414
1414
1414
1414
1414
54
1414
1414
1414
1414
54
1414
1414
1414
54
1414
1414
54
1414
1414
54
1414
1414
1414
1414
54
1414
1414
54
1414
1414
1414
1414
1414
1414
1414
54
1414
1414
1414
1414
54
1414
1414
54
1414
1414
1414
54
1414
1414
1414
1414
54
1414
1414
1414
54
1414
1414
1414
54
1414
1414
1414
54
1414
1414
1414
1414
1414
1414
1414
1414
1414
1414
54
1414
1414
1414
1414
54
1414
1414
1414
1414
1414
1414
1414
54
1414
1414
1414
1414
54
1414
1414
1414
54
1414
1414
54
1414
1414
1414
1414
1414
1414
54
1414
1414
1414
54
1414
1414
1414
54
1414
1414
54
1414
1414
1414
54
1414
1414
54
1414
1414
54
1414
1414
54
1414
1414
1414
1414
54
1414
1414
1414
54
1414
1414
1414
54
1414
1414
54
1414
1414
54
1414
1414
54
1414
1414
1414
54
1414
1414
54
1414
1414
1414
54
1414
1414
54
1414
1414
54
1414
1414
54
1414
54
1414
1414
54
1414
1414
54
1414
1414
54
1414
1414
54
1414
1414
54
1414
1414
54
1414
1414
1414
1414
54
1414
1414
54
1414
1414
1414
1414
1414
1414
54
1414
1414
1414
54
1414
1414
1414
1414
54
1414
1414
1414
54
1414
1414
54
1414
1414
54
1414
1414
1414
1414
54
1414
1414
1414
1414
1414
54
1414
1414
54
1414
1414
54
1414
1414
1414
54
1414
1414
1414
1414
54
1414
1414
54
1414
1414
1414
54
1414
1414
54
1414
1414
54
1414
1414
54
1414
54
1414
1414
54
1414
1414
54
1414
1414
54
1414
1414
54
1414
1414
54
1414
1414
54
1414
1414
54
1414
1414
54
1414
1414
54
1414
1414
54
1414
1414
54
1414
1414
54
1414
1414
1414
1414
1414
1414
54
1414
1414
1414
1414
54
1414
1414
1414
54
1414
1414
54
1414
1414
1414
54
1414
1414
1414
54
1414
1414
54
1414
1414
54
1414
1414
54
1414
1414
1414
1414
54
1414
1414
1414
54
1414
1414
54
1414
1414
54
1414
1414
1414
1414
1414
1414
1414
1414
1414
54
1414
1414
1414
1414
1414
54
1414
1414
1414
1414
54
1414
1414
1414
54
1414
1414
1414
1414
1414
54
1414
1414
1414
54
54
1414
1414
1414
54
1414
1414
1414
1414
1414
1414
1414
54
1414
1414
1414
1414
54
1414
1414
1414
1414
54
1414
1414
54
1414
1414
54
54
54
54
54
1414
1414
54
54
54
54
54
54
54
54
1414
1414
54
54
54
54
54
54
54
54
54
54
1414
1414
54
1414
54
1414
1414
1414
54
1414
1414
1414
1414
1414
1414
1414
1414
1414
1414
54
1414
1414
54
1414
1414
1414
1414
1414
1414
1414
1414
1414
1414
54
54
1414
1414
1414
1414
1414
54
1414
54
54
1414
1414
1414
54
1414
1414
1414
1414
1414
54
1414
1414
54
1414
1414
1414
1414
54
1414
1414
1414
85
54
1414
54
54
1414
1414
1414
54
1414
1414
85
54
54
54
1414
1414
54
1414
1414
1414
54
1414
1414
54
1414
85
54
54
54
1414
1414
54
1414
1414
54
1414
1414
54
1414
1414
54
1414
1414
54
1414
1414
54
1414
1414
54
1414
1414
54
54
1414
1414
54
1414
1414
1414
54
1414
1414
54
1414
1414
1414
54
1414
1414
54
1414
1414
54
1414
1414
54
1414
1414
1414
54
1414
1414
54
1414
1414
1414
1414
54
1414
1414
1414
54
1414
1414
1414
54
1414
1414
54
1414
1414
54
1414
1414
54
1414
1414
54
1414
1414
54
1414
54
1414
1414
54
1414
1414
54
1414
1414
54
1414
1414
54
1414
1414
1414
1414
54
1414
1414
54
1414
1414
54
1414
1414
54
1414
1414
54
1414
1414
54
1414
1414
1414
54
1414
1414
1414
54
1414
1414
1414
1414
1414
54
1414
1414
1414
54
1414
1414
1414
54
1414
1414
54
1414
1414
1414
54
1414
1414
1414
1414
1414
54
1414
1414
54
1414
1414
54
1414
54
1414
1414
54
1414
1414
54
1414
1414
54
1414
1414
1414
1414
66
66
66
66
1414
1414
66
66
1414
99
85
54
66
1414
1414
1414
1414
1414
1414
1414
1414
1414
1414
66
66
66
66
66
66
66
66
66
66
54
1414
1414
1414
1414
1414
1414
1414
66
66
66
66
66
66
66
1414
1414
1414
1414
66
66
66
66
1414
85
54
1414
66
54
66
1414
1414
1414
66
66
66
1414
1414
66
66
1414
1414
85
54
85
54
85
1414
54
85
66
66
54
54
54
66
54
54
1414
1414
1414
1414
1414
1414
1414
1414
66
66
66
66
66
66
66
66
1414
1414
85
54
1414
1414
1414
66
66
54
66
66
66
1414
1414
1414
1414
66
66
66
66
1414
1414
1414
66
66
66
1414
1414
1414
54
54
1414
1414
54
1414
1414
1414
54
1414
1414
1414
1414
1414
1414
54
1414
1414
54
1414
1414
1414
1414
1414
1414
1414
1414
1414
1414
54
1414
1414
54
1414
1414
1414
1414
1414
1414
1414
1414
1414
1414
54
1414
1414
1414
1414
483
54
432
54
129
92
100
54
100
54
551
54
54
54
128
138
54
100
100
54
66
379
1344
54
1361
1414
1414
54
1414
1414
54
1414
1414
54
1414
1414
1414
54
1414
1414
1414
1414
1414
1414
1414
54
1414
1414
1414
54
1414
54
1414
1414
54
1414
1414
1414
54
1414
1414
54
1414
54
1414
1414
54
1414
1414
1414
54
1414
1414
1414
1414
54
1414
54
1414
1414
1414
54
1414
54
1414
1414
1414
1414
54
1414
1414
1414
1414
1414
1414
1414
1414
1414
1414
54
1414
1414
1414
54
1414
1414
1414
1414
54
1414
1414
1414
1414
1414
1414
1414
1414
54
1414
1414
1414
54
1414
1414
1414
1414
1414
1414
1414
54
1414
1414
1414
1414
54
1414
1414
54
1414
1414
1414
54
1414
1414
54
1414
1414
1414
1414
1414
54
1414
1414
1414
54
1414
1414
1414
54
1414
1414
54
1414
1414
54
1414
1414
54
1414
54
1414
1414
54
1414
1414
54
1414
1414
54
1414
1414
54
1414
1414
54
1414
1414
1414
54
1414
1414
54
1414
1414
54
1414
1414
1414
1414
54
1414
1414
54
1414
1414
54
1414
54
1414
1414
54
1414
1414
1414
1414
54
1414
1414
1414
54
1414
1414
1414
1414
54
1414
1414
1414
54
1414
1414
54
1414
1414
54
1414
1414
54
1414
1414
54
1414
1414
1414
54
1414
1414
54
1414
1414
54
1414
1414
54
1414
1414
54
1414
1414
1414
54
1414
1414
54
1414
1414
54
1414
1414
54
1414
1414
54
1414
1414
54
1414
1414
1414
54
1414
1414
54
1414
1414
54
1414
1414
54
1414
1414
54
1414
1414
54
1414
1414
54
1414
1414
54
1414
1414
54
1414
1414
1414
54
1414
1414
54
1414
1414
1414
54
1414
1414
1414
1414
66
1414
1414
66
66
1414
1414
66
66
1414
66
1414
1414
66
66
1414
1414
1414
66
66
66
1414
1414
66
66
1414
1414
66
66
1414
1414
66
66
1414
1414
66
66
1414
66
1414
1414
66
66
1414
1414
66
66
1414
1414
66
66
1414
1414
66
66
1414
1414
66
66
1414
1414
66
66
1414
1414
1414
1414
1414
1414
1414
1414
1414
1414
66
66
66
66
66
66
66
66
66
66
1414
1414
1414
66
74
74
1414
1414
1414
1414
1414
1414
74
74
74
74
74
74
1414
1414
1414
1414
1414
1414
1414
74
74
74
74
74
74
66
1414
1414
1414
1414
66
66
66
66
1414
1414
1414
66
66
66
1414
1414
1414
1414
1414
1414
1414
1414
1414
1414
66
66
66
66
66
66
66
66
66
66
1414
66
1414
1414
1414
1414
1414
1414
66
66
66
66
66
66
1414
1414
1414
66
66
66
1414
1414
1414
1414
1414
1414
66
54
54
1414
1414
1414
1414
1414
54
1414
54
1414
1414
1414
1414
54
1414
1414
1414
1414
1414
1414
54
1414
1414
54
1414
1414
54
1414
1414
54
1414
1414
54
1414
1414
54
1414
1414
1414
1414
54
1414
1414
1414
54
1414
1414
54
1414
1414
54
1414
54
1414
1414
1414
54
1414
1414
1414
54
1414
1414
54
1414
1414
54
1414
1414
54
1414
1414
54
1414
1414
54
1414
1414
54
1414
1414
1414
54
1414
54
1414
1414
54
1414
1414
1414
1414
1414
54
1414
1414
1414
54
1414
1414
1414
54
1414
54
1414
1414
54
1414
1414
1414
1414
54
1414
1414
1414
54
1414
1414
54
1414
1414
54
1414
1414
54
1414
1414
1414
1414
54
1414
1414
54
1414
1414
54
1414
1414
1414
1414
54
1414
1414
54
1414
1414
1414
54
1414
1414
54
1414
1414
54
1414
1414
54
1414
1414
54
1414
1414
54
1414
1414
1414
1414
54
1414
1414
1414
54
1414
1414
54
1414
1414
54
1414
1414
54
1414
1414
54
1414
54
1414
1414
54
1414
1414
54
1414
1414
1414
1414
1414
1414
1414
1414
1414
1414
54
1414
1414
1414
1414
1414
54
1414
1414
54
1414
1414
54
1414
1414
1414
54
1414
1414
54
1414
1414
54
1414
1414
54
1414
1414
1414
1414
54
1414
1414
54
1414
1414
54
1414
1414
54
1414
1414
54
1414
1414
1414
54
1414
54
1414
1414
1414
1414
54
1414
1414
1414
54
1414
1414
54
1414
54
1414
1414
1414
1414
1414
1414
1414
1414
54
1414
1414
1414
1414
1414
54
1414
1414
1414
54
1414
1414
1414
54
1414
1414
54
1414
1414
54
1414
1414
54
1414
1414
54
1414
1414
1414
1414
1414
1414
1414
1414
1414
1414
54
1414
54
1414
1414
1414
1414
1414
54
1414
1414
1414
1414
54
1414
1414
54
1414
1414
1414
54
1414
1414
1414
1414
54
1414
1414
1414
1414
1414
1414
54
1414
1414
1414
1414
54
1414
1414
1414
1414
54
1414
1414
54
1414
1414
1414
1414
1414
54
1414
1414
1414
54
1414
1414
54
1414
1414
1414
1414
54
1414
1414
54
1414
1414
54
1414
1414
1414
1414
1414
1414
1414
54
1414
1414
1414
54
1414
1414
54
1414
1414
54
1414
1414
1414
1414
1414
54
1414
1414
1414
1414
1414
1414
1414
1414
1414
54
1414
1414
1414
1414
54
1414
1414
1414
1414
1414
1414
54
1414
1414
1414
1414
1414
1414
1414
1414
54
1414
1414
1414
1414
1414
54
1414
54
1414
1414
54
1414
1414
54
1414
1414
54
1414
1414
54
1414
1414
1414
54
1414
54
1414
1414
54
1414
1414
54
1414
1414
1414
54
1414
1414
1414
54
1414
1414
1414
54
1414
1414
1414
1414
54
1414
1414
1414
1414
1414
1414
1414
1414
1414
1414
54
1414
1414
54
1414
1414
1414
1414
1414
54
1414
1414
54
1414
1414
54
1414
1414
1414
1414
1414
1414
54
1414
1414
54
1414
1414
54
1414
1414
54
1414
1414
54
1414
1414
1414
1414
1414
54
1414
1414
1414
1414
1414
54
1414
1414
1414
54
1414
1414
1414
1414
54
1414
54
1414
1414
1414
1414
54
1414
1414
1414
1414
1414
54
1414
54
1414
1414
1414
1414
1414
1414
1414
1414
1414
1414
54
1414
1414
54
1414
1414
1414
54
1414
1414
1414
1414
1414
1414
54
1414
1414
1414
1414
1414
54
1414
1414
1414
54
1414
54
1414
1414
1414
1414
54
1414
1414
54
1414
1414
54
1414
1414
1414
54
1414
54
1414
1414
54
1414
1414
1414
1414
54
1414
1414
1414
1414
1414
1414
1414
54
1414
1414
1414
1414
1414
1414
1414
54
1414
1414
1414
54
1414
1414
54
1414
1414
54
1414
1414
1414
54
1414
1414
54
1414
1414
54
1414
1414
1414
1414
1414
54
1414
1414
1414
54
1414
1414
1414
1414
1414
1414
54
1414
1414
54
1414
1414
1414
54
1414
1414
54
1414
1414
54
1414
1414
54
1414
54
1414
1414
1414
1414
54
1414
1414
54
1414
1414
54
1414
1414
54
1414
1414
1414
54
1414
54
1414
1414
1414
54
1414
1414
54
1414
1414
1414
1414
1414
54
1414
1414
1414
54
1414
1414
1414
1414
54
1414
1414
54
1414
1414
1414
54
1414
1414
54
1414
1414
54
1414
1414
1414
1414
1414
54
1414
1414
1414
1414
1414
54
1414
1414
54
1414
1414
54
1414
1414
54
1414
1414
1414
1414
1414
54
1414
1414
1414
1414
54
1414
1414
1414
54
1414
1414
54
1414
1414
54
1414
1414
1414
54
1414
1414
54
1414
54
1414
1414
54
1414
1414
1414
54
1414
1414
1414
1414
1414
54
1414
1414
1414
1414
1414
1414
1414
54
1414
1414
54
1414
1414
1414
1414
1414
54
1414
1414
1414
1414
1414
54
1414
1414
1414
54
1414
1414
54
1414
1414
1414
1414
1414
1414
1414
1414
1414
1414
54
1414
1414
1414
1414
1414
54
1414
1414
54
1414
1414
54
1414
1414
1414
1414
54
1414
1414
1414
1414
1414
1414
54
1414
1414
1414
1414
1414
1414
1414
1414
1414
1414
54
1414
54
1414
1414
1414
1414
1414
1414
1414
1414
1414
1414
54
1414
1414
1414
1414
1414
54
1414
1414
54
1414
1414
54
1414
1414
1414
54
1414
1414
54
1414
1414
54
1414
1414
54
1414
1414
1414
1414
1414
1414
54
1414
1414
54
1414
1414
1414
1414
54
1414
1414
1414
54
1414
1414
1414
54
1414
1414
1414
1414
1414
54
1414
1414
1414
54
1414
1414
54
1414
1414
54
1414
1414
1414
54
1414
54
1414
1414
54
1414
1414
1414
1414
1414
54
1414
1414
54
1414
1414
54
1414
1414
54
1414
1414
1414
1414
54
1414
1414
1414
1414
1414
1414
54
1414
1414
54
1414
1414
54
1414
1414
54
1414
1414
1414
54
1414
1414
1414
54
1414
1414
54
1414
1414
1414
1414
1414
54
1414
1414
1414
54
1414
1414
1414
54
1414
1414
1414
1414
1414
1414
54
1414
1414
1414
54
1414
54
1414
1414
1414
1414
1414
54
1414
54
1414
1414
1414
1414
1414
54
1414
1414
1414
1414
1414
54
1414
1414
1414
1414
1414
1414
54
1414
1414
1414
54
1414
54
1414
1414
1414
54
1414
54
1414
1414
1414
1414
54
1414
1414
1414
54
1414
1414
54
1414
1414
54
1414
1414
54
1414
54
1414
1414
54
1414
1414
54
1414
1414
54
1414
1414
1414
1414
54
1414
1414
1414
54
1414
1414
1414
1414
1414
1414
1414
1414
54
1414
1414
1414
1414
1414
1414
1414
1414
54
1414
1414
1414
1414
54
1414
1414
1414
54
1414
1414
54
1414
1414
1414
1414
54
1414
1414
1414
54
1414
1414
1414
1414
1414
1414
1414
1414
54
1414
1414
1414
1414
1414
54
1414
1414
1414
54
1414
1414
54
1414
1414
54
1414
1414
1414
1414
54
1414
1414
54
1414
1414
54
1414
54
1414
1414
1414
1414
1414
1414
1414
54
1414
1414
1414
54
1414
1414
1414
54
1414
1414
54
1414
1414
1414
54
1414
1414
1414
54
1414
1414
54
1414
1414
54
1414
1414
1414
54
1414
1414
1414
54
1414
1414
54
1414
54
1414
1414
1414
1414
1414
1414
1414
1414
1414
1414
54
1414
1414
1414
1414
1414
1414
1414
1414
1414
1414
54
1414
1414
1414
1414
1414
54
1414
1414
1414
54
1414
1414
1414
54
1414
1414
54
1414
54
1414
1414
54
1414
1414
54
1414
1414
54
1414
1414
54
1414
1414
54
1414
1414
54
1414
1414
1414
54
1414
1414
1414
54
1414
1414
54
1414
1414
54
1414
1414
54
1414
1414
54
1414
1414
54
1414
1414
1414
1414
54
1414
1414
1414
54
1414
1414
54
1414
1414
54
1414
54
1414
1414
54
1414
1414
54
1414
1414
1414
54
1414
1414
54
1414
1414
54
1414
1414
1414
54
1414
1414
54
1414
1414
1414
1414
54
1414
1414
54
1414
1414
54
1414
1414
54
1414
1414
54
1414
1414
54
1414
1414
54
1414
1414
54
1414
1414
54
1414
1414
1414
54
1414
1414
54
1414
1414
54
1414
54
1414
1414
54
1414
1414
54
1414
1414
1414
1414
1414
1414
1414
1414
1414
54
1414
1414
1414
1414
54
1414
1414
1414
54
1414
1414
54
1414
1414
54
1414
1414
54
1414
1414
1414
1414
54
1414
1414
54
1414
1414
54
1414
1414
1414
1414
1414
1414
1414
1414
54
1414
1414
1414
1414
54
1414
1414
54
1414
1414
54
1414
1414
1414
54
1414
1414
54
1414
1414
54
1414
1414
54
1414
1414
54
1414
54
1414
1414
54
1414
1414
1414
1414
1414
1414
1414
1414
1414
54
1414
1414
1414
1414
54
1414
1414
1414
54
1414
1414
54
1414
1414
54
1414
1414
54
1414
1414
54
1414
1414
1414
1414
54
1414
1414
54
1414
1414
1414
1414
1414
1414
1414
54
1414
1414
1414
1414
54
1414
1414
1414
54
1414
1414
54
1414
1414
54
1414
1414
1414
54
1414
1414
1414
1414
54
1414
1414
54
1414
1414
54
1414
1414
54
1414
1414
1414
1414
54
1414
1414
1414
54
1414
1414
1414
54
1414
1414
54
1414
1414
54
1414
1414
1414
1414
54
1414
1414
54
1414
1414
54
1414
1414
54
1414
1414
1414
54
1414
1414
1414
1414
54
1414
1414
54
1414
1414
54
1414
1414
54
1414
1414
54
1414
1414
54
1414
1414
54
1414
1414
1414
54
1414
54
1414
1414
54
1414
1414
1414
54
1414
1414
54
1414
1414
1414
54
1414
1414
1414
54
1414
1414
54
1414
1414
54
1414
1414
54
1414
1414
54
1414
1414
1414
54
1414
1414
54
1414
1414
54
1414
1414
54
1414
1414
1414
1414
1414
54
1414
1414
1414
54
1414
1414
1414
54
1414
1414
54
1414
1414
54
1414
1414
1414
54
1414
1414
54
1414
1414
1414
1414
1414
54
1414
1414
1414
54
1414
1414
54
1414
1414
54
1414
1414
54
1414
1414
1414
1414
54
1414
1414
54
1414
1414
1414
1414
54
1414
1414
1414
54
1414
1414
54
1414
1414
54
1414
1414
54
1414
1414
54
1414
1414
54
1414
1414
1414
54
1414
1414
1414
54
1414
1414
54
1414
1414
54
1414
1414
54
1414
54
1414
1414
54
1414
1414
1414
1414
54
1414
1414
1414
1414
1414
54
1414
1414
1414
1414
1414
54
1414
1414
1414
1414
54
1414
1414
1414
54
1414
1414
54
1414
1414
54
1414
54
1414
1414
54
1414
1414
54
1414
1414
54
1414
1414
1414
1414
54
1414
1414
54
1414
1414
1414
1414
1414
1414
54
1414
1414
1414
1414
54
1414
1414
1414
1414
54
1414
1414
54
1414
1414
54
1414
1414
1414
54
1414
1414
54
1414
1414
1414
54
1414
1414
1414
1414
1414
1414
1414
1414
1414
1414
54
1414
1414
1414
1414
1414
1414
1414
1414
1414
1414
54
1414
1414
1414
1414
1414
54
1414
1414
54
1414
1414
1414
1414
1414
1414
54
1414
54
1414
1414
1414
54
1414
1414
1414
54
1414
1414
54
1414
1414
54
1414
1414
54
1414
1414
54
1414
1414
54
1414
1414
1414
54
1414
1414
1414
54
1414
1414
54
1414
1414
1414
1414
54
1414
1414
54
1414
1414
54
1414
1414
1414
1414
54
1414
1414
1414
54
1414
1414
54
1414
1414
54
1414
1414
1414
1414
54
1414
1414
1414
54
1414
1414
54
1414
1414
54
1414
1414
54
1414
1414
54
1414
1414
1414
1414
1414
54
1414
1414
1414
54
1414
1414
54
1414
1414
54
1414
1414
54
1414
1414
1414
54
1414
1414
1414
54
1414
1414
1414
1414
1414
1414
1414
1414
1414
1414
54
1414
1414
1414
1414
1414
54
1414
1414
1414
1414
54
1414
1414
54
1414
1414
54
1414
1414
54
1414
1414
54
1414
1414
54
1414
54
1414
1414
54
1414
1414
66
1414
66
1414
1414
66
66
1414
1414
66
66
1414
1414
66
66
1414
1414
66
66
1414
1414
1414
66
66
66
1414
1414
66
66
1414
1414
66
66
1414
1414
1414
66
66
66
1414
1414
66
66
1414
1414
66
66
1414
1414
66
66
1414
1414
66
66
1414
1414
1414
1414
1414
66
66
66
66
66
1414
1414
66
66
1414
1414
1414
66
66
66
1414
1414
66
66
1414
1414
66
66
1414
1414
1414
1414
1414
1414
1414
1414
1414
1414
66
66
66
66
66
66
66
66
66
66
1414
1414
1414
1414
1414
66
66
66
54
54
54
1414
1414
1414
54
1414
1414
54
1414
1414
1414
54
1414
1414
54
1414
1414
1414
54
1414
1414
54
1414
1414
54
1414
1414
1414
1414
1414
1414
1414
1414
54
1414
1414
1414
1414
1414
54
1414
1414
1414
1414
1414
54
1414
1414
1414
54
1414
1414
54
1414
1414
54
1414
1414
54
1414
1414
54
1414
1414
1414
1414
1414
1414
1414
54
1414
1414
1414
54
1414
1414
1414
54
1414
1414
54
1414
1414
1414
1414
54
1414
1414
1414
1414
1414
54
1414
1414
54
1414
1414
1414
54
1414
1414
54
1414
1414
54
1414
1414
1414
54
1414
1414
54
1414
1414
54
1414
1414
1414
1414
54
1414
1414
1414
54
1414
1414
54
1414
1414
54
1414
1414
54
1414
54
1414
1414
54
1414
1414
54
1414
1414
54
1414
1414
54
1414
1414
54
1414
1414
54
1414
1414
54
1414
1414
54
1414
1414
54
1414
1414
54
1414
1414
1414
54
1414
1414
54
1414
1414
54
1414
1414
54
1414
1414
54
1414
54
1414
1414
54
1414
1414
54
1414
1414
54
1414
1414
54
1414
1414
1414
54
1414
1414
54
1414
1414
1414
54
1414
1414
54
1414
1414
54
1414
1414
1414
54
1414
1414
54
1414
1414
54
1414
54
1414
1414
54
1414
1414
54
1414
1414
1414
1414
1414
1414
1414
1414
1414
1414
54
1414
1414
1414
1414
1414
1414
1414
1414
54
1414
1414
1414
1414
54
1414
1414
54
1414
1414
54
1414
1414
1414
1414
1414
1414
1414
54
1414
1414
1414
54
1414
1414
1414
54
55
1414
1414
54
1414
1414
54
1414
1414
54
1414
1414
54
1414
1414
54
1414
1414
54
1414
54
1414
1414
1414
1414
54
1414
1414
54
1414
1414
54
1414
1414
1414
54
1414
1414
66
54
1414
1414
1414
54
1414
1414
54
1414
1414
1414
1414
1414
1414
1414
54
1358
1414
1414
1414
1414
54
1414
1414
1414
1414
1414
1414
1414
1414
1414
1414
54
1414
1414
1414
1291
1291
66
1414
1414
54
1414
1414
54
1414
1414
1414
54
1414
1414
54
1414
1414
54
1414
1414
54
1414
1414
54
1414
1414
54
1414
1414
54
1414
1414
1414
54
1414
1414
54
1414
1414
54
1414
1414
54
1414
1414
54
1414
1414
54
1414
1414
54
1414
1414
54
1414
1414
54
1414
1414
54
1414
1414
54
1414
1414
54
1414
1414
1414
54
1414
1414
54
1414
1414
1414
54
1414
1414
1414
54
1414
1414
54
1414
1414
1414
54
1414
1414
1414
1414
1414
1414
54
1414
1414
1414
1414
54
1414
1414
54
1414
1414
54
1414
1414
54
1414
1414
1414
54
1414
1414
54
1414
1414
54
1414
1414
54
1414
1414
54
1414
1414
1414
54
1414
1414
54
1414
1414
54
1414
1414
54
1414
1414
66
66
1414
74
1414
1414
1414
1414
1414
1414
74
74
82
82
82
82
1414
1414
1414
1414
1414
1414
1414
1414
1414
82
82
90
90
90
90
90
90
90
1414
1414
1414
1414
90
90
90
90
1414
1414
1414
1414
1414
1414
90
90
90
90
90
90
1414
1414
1414
90
90
90
1414
1414
90
90
1414
1414
1414
90
90
90
1414
1414
90
90
1414
1414
90
90
1414
1414
90
90
1414
1414
1414
1414
1414
1414
1414
1414
90
90
90
90
90
90
90
90
1414
1414
1414
1414
1414
90
90
90
90
90
1414
1414
1414
90
90
90
1414
1414
1414
90
90
90
1414
1414
1414
1414
90
90
90
90
1414
1414
1414
90
90
90
1414
1414
90
90
1414
1414
1414
1414
1414
1414
1414
90
90
90
90
90
90
90
1414
1414
1414
1414
90
90
90
90
1414
1414
1414
90
90
90
1414
1414
90
90
1414
1414
1414
1414
90
90
90
90
1414
1414
90
90
1414
1414
90
90
1414
1414
90
90
1414
1414
1414
90
90
90
1414
1414
1414
1414
90
90
90
90
1414
1414
1414
90
90
90
1414
1414
90
90
1414
1414
90
90
1414
1414
1414
90
90
90
1414
1414
90
82
1414
1414
82
82
1414
1414
82
82
1414
1414
82
82
1414
1414
74
74
1414
1414
74
74
1414
1414
74
74
1414
1414
66
74
1414
1414
1414
74
74
74
1414
74
1414
1414
74
66
1414
1414
195
66
66
66
1414
54
55
66
55
55
66
66
1362
1414
1414
54
1414
1414
54
1414
1414
54
1414
1414
54
1414
1414
1414
1414
1414
1414
1414
54
1414
1414
1414
1414
54
1414
1414
54
1414
1414
1414
54
1414
1414
1414
54
1414
1414
54
1414
1414
1414
54
1414
1414
54
1414
1414
54
1414
1414
54
1414
1414
54
1414
1414
1414
1414
1414
1414
1414
1414
1414
1414
54
1414
1414
1414
1414
1414
1414
1414
1414
54
1414
1414
1414
1414
1414
1414
1414
1414
54
1414
1414
1414
1414
1414
1414
1414
1414
1414
1414
54
1414
1414
1414
1414
54
1414
1414
54
1414
1414
54
1414
1414
54
1414
1414
1414
1414
1414
1414
1414
1414
1414
54
1414
1414
1414
54
1414
1414
1414
1414
1414
54
1414
1414
1414
54
1414
1414
1414
54
1414
1414
1414
1414
1414
54
1414
1414
1414
54
1414
1414
1414
1414
1414
1414
54
1414
54
1414
1414
1414
1414
1414
54
1414
1414
1414
1414
1414
1414
1414
54
1414
1414
1414
1414
1414
1414
1414
1414
1414
54
1414
1414
1414
1414
1414
54
1414
1414
1414
54
1414
1414
1414
54
1414
1414
1414
54
1414
1414
54
1414
1414
1414
54
1414
1414
1414
54
1414
1414
54
1414
1414
1414
1414
1414
1414
1414
1414
54
1414
1414
54
1414
1414
54
1414
1414
54
1414
1414
54
1414
1414
54
1414
1414
54
1414
54
1414
1414
54
1414
1414
54
1414
1414
1414
54
1414
1414
54
1414
1414
1414
1414
54
1414
1414
1414
54
1414
1414
54
1414
1414
54
1414
1414
54
1414
1414
54
1414
1414
54
1414
1414
1414
1414
1414
1414
1414
1414
1414
54
1414
1414
1414
1414
54
1414
1414
1414
1414
1414
54
1414
1414
1414
54
1414
1414
1414
1414
1414
1414
54
1414
1414
1414
1414
1414
1414
1414
54
1414
1414
1414
54
1414
1414
54
1414
1414
54
1414
1414
54
1414
1414
1414
54
1414
1414
54
1414
1414
1414
54
1414
1414
54
1414
1414
54
1414
1414
1414
54
1414
1414
1414
1414
54
1414
1414
1414
54
1414
54
1414
1414
54
1414
1414
54
1414
1414
54
1414
1414
54
1414
1414
1414
54
1414
1414
54
1414
1414
54
1414
1414
54
1414
1414
54
1414
1414
54
1414
1414
1414
1414
1414
1414
1414
54
1414
1414
1414
1414
54
1414
1414
54
1414
1414
1414
54
1414
1414
54
1414
1414
54
1414
54
1414
1414
54
1414
1414
54
1414
1414
1414
1414
54
1414
1414
1414
54
1414
1414
1414
1414
1414
1414
1414
54
1414
1414
1414
1414
54
1414
1414
1414
54
1414
1414
54
1414
54
1414
1414
54
1414
1414
54
1414
1414
54
1414
1414
1414
54
1414
1414
54
1414
1414
54
1414
1414
1414
1414
1414
1414
54
1414
1414
1414
1414
1414
1414
1414
54
1414
1414
1414
1414
54
1414
1414
1414
54
1414
1414
1414
54
1414
1414
54
1414
1414
54
1414
1414
1414
1414
1414
54
1414
1414
1414
54
1414
1414
54
1414
1414
1414
1414
54
1414
1414
54
1414
1414
54
1414
1414
54
1414
1414
54
1414
1414
54
1414
1414
54
1414
1414
54
1414
1414
54
1414
1414
54
1414
1414
54
1414
1414
54
1414
1414
54
1414
1414
1414
1414
54
1414
1414
1414
54
1414
54
1414
1414
54
1414
1414
54
1414
1414
54
1414
1414
1414
1414
54
1414
1414
54
1414
1414
1414
1414
54
1414
1414
54
1414
1414
54
1414
1414
54
1414
1414
1414
1414
54
1414
1414
54
1414
1414
54
1414
1414
54
1414
1414
54
1414
1414
54
1414
1414
54
1414
1414
54
1414
1414
54
1414
1414
54
1414
1414
54
1414
1414
1414
54
1414
54
1414
1414
1414
54
1414
1414
1414
54
1414
1414
1414
54
1414
1414
54
1414
1414
54
1414
54
1414
1414
54
1414
1414
54
1414
1414
54
1414
1414
1414
54
1414
1414
1414
1414
1414
54
1414
1414
54
1414
1414
54
1414
1414
1414
1414
54
1414
1414
54
1414
1414
54
1414
1414
54
1414
1414
54
1414
1414
54
1414
1414
54
1414
1414
54
1414
1414
54
1414
1414
1414
1414
54
1414
1414
54
1414
1414
1414
1414
1414
1414
1414
1414
1414
1414
54
1414
1414
1414
54
1414
1414
1414
54
1414
1414
1414
54
1414
1414
54
1414
1414
54
1414
1414
54
1414
1414
54
1414
1414
54
1414
1414
54
1414
1414
54
1414
1414
54
1414
1414
1414
1414
1414
1414
54
1414
1414
54
1414
1414
1414
1414
1414
1414
54
1414
1414
1414
54
1414
1414
1414
1414
54
1414
1414
1414
54
1414
54
1414
1414
54
1414
1414
54
1414
1414
1414
1414
1414
1414
1414
54
1414
1414
1414
54
1414
1414
1414
54
1414
1414
54
1414
1414
54
1414
1414
54
1414
1414
54
1414
1414
1414
54
1414
1414
54
1414
1414
1414
1414
54
1414
1414
54
1414
1414
54
1414
1414
54
1414
1414
1414
54
1414
1414
54
1414
1414
54
1414
1414
54
1414
54
1414
1414
54
1414
1414
54
1414
1414
54
1414
1414
54
1414
1414
54
1414
1414
54
1414
1414
54
1414
1414
1414
54
1414
1414
54
1414
1414
1414
54
1414
1414
1414
54
1414
1414
54
1414
1414
54
1414
1414
54
1414
54
1414
1414
54
1414
1414
54
1414
1414
54
1414
1414
54
1414
1414
54
1414
1414
54
1414
1414
54
1414
1414
54
1414
1414
54
1414
1414
1414
54
1414
1414
1414
54
1414
1414
1414
1414
1414
1414
1414
54
1414
1414
1414
54
1414
1414
54
1414
1414
1414
54
1414
1414
54
1414
1414
54
1414
1414
54
1414
1414
54
1414
54
1414
1414
54
1414
1414
1414
1414
54
1414
1414
1414
54
1414
1414
54
1414
1414
1414
1414
54
1414
1414
1414
1414
1414
1414
1414
54
1414
1414
54
1414
1414
54
1414
1414
54
1414
1414
1414
1414
1414
54
1414
1414
1414
1414
1414
1414
1414
1414
1414
1414
54
1414
1414
1414
1414
1414
1414
1414
54
1414
1414
1414
1414
1414
1414
1414
1414
1414
1414
54
1414
1414
1414
1414
1414
1414
1414
1414
1414
1414
54
1414
1414
1414
1414
1414
54
1414
54
1414
1414
54
1414
1414
1414
54
1414
54
1414
1414
1414
54
1414
54
1414
1414
54
1414
1414
54
1414
1414
54
1414
1414
54
1414
1414
54
1414
1414
54
1414
1414
1414
54
1414
1414
54
1414
1414
54
1414
1414
1414
54
1414
1414
54
1414
1414
1414
54
1414
1414
54
1414
1414
54
1414
1414
54
1414
1414
54
1414
1414
54
1414
54
1414
1414
54
1414
1414
54
1414
1414
54
1414
1414
54
1414
1414
1414
1414
54
1414
1414
1414
54
1414
1414
1414
54
1414
1414
1414
54
1414
1414
54
1414
54
1414
1414
54
1414
1414
1414
1414
54
1414
1414
1414
1414
1414
1414
54
1414
1414
1414
54
1414
1414
1414
54
1414
1414
1414
1414
1414
1414
54
1414
1414
1414
1414
54
1414
1414
54
1414
1414
54
1414
1414
54
1414
1414
54
1414
1414
54
1414
1414
54
1414
1414
54
1414
1414
54
1414
1414
1414
54
1414
1414
54
1414
1414
54
1414
1414
1414
1414
54
1414
1414
54
1414
1414
54
1414
1414
54
1414
1414
54
1414
1414
54
1414
1414
54
1414
54
1414
1414
54
1414
1414
54
1414
1414
54
1414
1414
1414
54
1414
54
1414
1414
54
1414
1414
54
1414
1414
54
1414
1414
54
1414
1414
1414
54
1414
1414
1414
54
1414
1414
1414
1414
1414
1414
1414
54
1414
1414
1414
1414
54
1414
1414
1414
54
1414
1414
1414
54
1414
1414
1414
54
1414
1414
1414
54
1414
1414
54
1414
1414
54
1414
1414
54
1414
54
1414
1414
1414
1414
1414
1414
1414
1414
1414
1414
66
66
66
66
66
66
66
66
1414
1414
1414
1414
1414
1414
66
66
66
66
66
66
1414
1414
1414
1414
1414
1414
1414
1414
66
66
66
66
66
66
66
66
1414
1414
1414
1414
66
66
66
66
1414
1414
66
66
1414
1414
1414
1414
1414
1414
1414
66
66
66
66
66
66
66
1414
1414
1414
1414
66
66
66
66
1414
1414
1414
66
66
66
1414
1414
1414
66
66
66
1414
1414
66
66
1414
1414
66
66
1414
1414
66
66
1414
1414
1414
1414
1414
1414
1414
1414
1414
1414
66
66
66
66
66
66
54
54
1414
1414
1414
1414
1414
1414
1414
1414
1414
1414
54
1414
1414
1414
1414
54
1414
1414
1414
1414
1414
1414
1414
1414
54
1414
1414
54
1414
54
1414
1414
54
1414
1414
54
1414
1414
1414
54
1414
1414
54
1414
54
1414
1414
54
1414
1414
54
1414
1414
54
1414
1414
54
1414
1414
54
1414
1414
54
1414
1414
54
1414
1414
54
1414
1414
1414
1414
1414
54
1414
1414
1414
54
1414
1414
1414
54
1414
54
1414
1414
1414
54
1414
1414
54
1414
1414
1414
54
1414
1414
54
1414
1414
54
1414
1414
1414
1414
54
1414
1414
1414
54
1414
1414
54
1414
1414
54
1414
1414
54
1414
1414
54
1414
54
1414
1414
1414
1414
54
1414
1414
1414
54
1414
1414
1414
1414
1414
54
1414
1414
1414
1414
1414
1414
54
1414
1414
1414
1414
54
1414
1414
54
1414
1414
54
1414
1414
1414
1414
1414
54
1414
1414
1414
1414
54
1414
1414
54
1414
1414
54
1414
1414
1414
1414
54
1414
1414
1414
54
1414
1414
54
1414
1414
54
1414
1414
54
1414
1414
54
1414
1414
54
1414
1414
54
1414
1414
1414
54
1414
1414
54
1414
1414
54
1414
1414
54
1414
1414
1414
54
1414
1414
1414
54
1414
1414
54
1414
1414
54
1414
1414
1414
1414
54
1414
1414
1414
54
1414
1414
54
1414
1414
1414
54
1414
54
1414
1414
54
1414
1414
54
1414
1414
54
1414
1414
54
1414
1414
1414
1414
54
1414
1414
1414
1414
1414
1414
54
1414
1414
1414
1414
54
1414
1414
54
1414
1414
54
1414
1414
1414
54
1414
54
1414
1414
1414
54
1414
1414
54
1414
1414
54
1414
1414
54
1414
1414
54
1414
54
1414
1414
1414
1414
54
1414
1414
1414
1414
54
1414
1414
1414
54
1414
1414
54
1414
1414
54
1414
1414
54
1414
1414
54
1414
1414
54
1414
1414
54
1414
1414
54
1414
1414
54
1414
54
1414
1414
54
1414
1414
1414
1414
54
1414
1414
54
1414
1414
1414
1414
1414
1414
1414
54
1414
54
1414
1414
1414
54
1414
1414
1414
1414
1414
54
1414
1414
1414
1414
1414
1414
1414
54
1414
1414
1414
1414
1414
1414
1414
1414
54
1414
1414
1414
1414
1414
54
1414
1414
1414
1414
1414
54
1414
1414
54
1414
1414
1414
1414
1414
54
1414
1414
1414
54
1414
1414
54
1414
1414
1414
54
1414
1414
1414
1414
1414
54
1414
1414
54
1414
1414
1414
1414
1414
1414
1414
1414
1414
1414
54
1414
54
1414
1414
1414
54
1414
1414
54
1414
1414
54
1414
1414
54
1414
1414
54
1414
1414
54
1414
1414
54
1414
1414
1414
1414
1414
54
1414
1414
1414
1414
1414
1414
1414
1414
1414
54
1414
1414
1414
1414
1414
54
1414
1414
1414
1414
54
1414
1414
54
1414
1414
1414
54
1414
1414
54
1414
1414
54
1414
1414
1414
1414
54
1414
1414
1414
54
1414
1414
1414
54
1414
1414
54
1414
1414
54
1414
1414
54
1414
1414
54
1414
1414
54
1414
1414
54
1414
1414
54
1414
1414
54
1414
1414
54
1414
1414
54
1414
54
1414
1414
54
1414
1414
54
1414
1414
54
1414
1414
54
1414
1414
1414
1414
54
1414
1414
54
1414
1414
1414
1414
54
1414
1414
1414
1414
54
1414
1414
54
1414
1414
54
1414
1414
54
1414
1414
54
1414
1414
54
1414
1414
54
1414
1414
54
1414
1414
54
1414
1414
1414
54
1414
1414
54
1414
54
1414
1414
54
1414
1414
54
1414
1414
54
1414
1414
1414
54
1414
1414
54
1414
1414
54
1414
1414
54
1414
1414
1414
54
1414
1414
1414
1414
1414
54
1414
1414
1414
54
1414
1414
1414
54
1414
1414
54
1414
1414
54
1414
1414
54
1414
1414
54
1414
1414
54
1414
1414
54
1414
1414
1414
54
1414
1414
1414
54
1414
1414
1414
1414
54
1414
1414
1414
1414
1414
1414
1414
1414
54
1414
1414
1414
1414
1414
54
1414
1414
1414
54
1414
54
1414
1414
54
1414
1414
54
1414
1414
1414
1414
54
1414
1414
54
1414
1414
54
1414
1414
54
1414
1414
1414
1414
1414
1414
1414
54
1414
1414
1414
1414
54
1414
1414
1414
54
1414
1414
54
1414
1414
54
1414
1414
54
1414
1414
54
1414
1414
54
1414
1414
1414
54
1414
54
1414
1414
1414
1414
1414
1414
54
1414
1414
1414
1414
54
1414
1414
1414
54
1414
1414
1414
1414
1414
54
1414
1414
1414
54
1414
1414
1414
1414
1414
1414
1414
1414
1414
1414
54
1414
1414
54
1414
1414
54
1414
1414
1414
54
1414
1414
54
1414
1414
1414
54
1414
1414
1414
1414
54
1414
1414
1414
54
1414
1414
54
1414
1414
54
1414
1414
54
1414
1414
1414
54
1414
1414
54
1414
54
1414
1414
54
1414
1414
54
1414
1414
54
1414
1414
54
1414
1414
54
1414
1414
1414
1414
54
1414
1414
1414
54
1414
1414
54
1414
1414
54
1414
1414
54
1414
1414
1414
1414
54
1414
1414
54
1414
1414
1414
54
1414
1414
1414
54
1414
1414
1414
54
1414
1414
1414
54
1414
1414
54
1414
1414
54
1414
1414
54
1414
54
1414
1414
54
1414
1414
54
1414
1414
1414
54
1414
1414
54
1414
1414
54
1414
1414
54
1414
1414
54
1414
1414
54
1414
1414
54
1414
1414
54
1414
54
1414
1414
1414
54
1414
1414
54
1414
1414
54
1414
1414
54
1414
1414
54
1414
1414
1414
1414
54
1414
1414
54
1414
1414
1414
1414
54
1414
1414
1414
54
1414
1414
54
1414
1414
54
1414
1414
54
1414
1414
1414
1414
54
1414
1414
54
1414
1414
54
1414
1414
1414
54
1414
1414
54
1414
54
1414
1414
54
1414
1414
54
1414
1414
54
1414
1414
54
1414
1414
54
1414
1414
54
1414
1414
1414
1414
1414
1414
1414
54
1414
1414
1414
1414
54
1414
1414
54
1414
1414
1414
1414
54
1414
1414
1414
1414
1414
1414
1414
54
1414
1414
1414
1414
54
1414
1414
1414
54
1414
1414
1414
1414
1414
1414
1414
1414
54
1414
1414
1414
1414
1414
54
1414
1414
1414
1414
54
1414
1414
54
1414
1414
54
1414
1414
1414
54
1414
54
1414
1414
54
1414
1414
1414
1414
1414
1414
1414
1414
1414
54
1414
1414
1414
1414
1414
1414
1414
1414
1414
54
1414
1414
1414
1414
1414
54
1414
1414
1414
54
1414
1414
1414
54
1414
1414
54
1414
1414
1414
1414
1414
1414
1414
54
1414
1414
1414
1414
54
1414
1414
1414
54
1414
1414
1414
1414
54
1414
1414
1414
54
1414
1414
54
1414
1414
1414
1414
1414
1414
54
1414
1414
1414
54
1414
1414
1414
54
1414
1414
1414
1414
1414
1414
54
1414
1414
54
1414
1414
1414
1414
1414
1414
54
1414
1414
1414
54
1414
1414
54
1414
1414
54
1414
1414
54
1414
54
1414
1414
54
1414
1414
54
1414
1414
1414
54
1414
1414
54
1414
54
1414
1414
54
1414
1414
1414
1414
1414
1414
54
1414
1414
1414
1414
1414
54
1414
1414
1414
1414
1414
1414
1414
1414
54
1414
1414
1414
1414
1414
1414
54
1414
1414
54
55
1414
1414
1414
1414
1414
54
1414
1414
1414
1414
54
1414
1414
54
1414
1414
1414
1414
1414
54
1414
54
1414
1414
1414
1414
54
1414
1414
54
1414
1414
54
1414
1414
1414
1414
54
1414
1414
54
1414
1414
54
1414
1414
54
1414
1414
1414
54
1414
1414
54
1414
54
1414
1414
54
1414
1414
1414
1414
54
1414
1414
1414
1414
54
1414
1414
54
1414
1414
54
1414
1414
1414
54
1414
1414
1414
1414
1414
54
1414
1414
1414
1414
54
1414
1414
1414
54
1414
1414
1414
1414
54
1414
1414
1414
1414
54
1414
1414
54
1414
1414
54
1414
1414
1414
54
1414
1414
1414
1414
54
1414
1414
1414
1414
1414
1414
1414
54
1414
1414
1414
1414
54
1414
1414
54
1414
1414
54
1414
54
1414
1414
54
1414
1414
54
1414
1414
54
1414
1414
54
1414
55
1414
1414
54
1414
54
1414
1414
1414
1414
1414
1414
1414
54
1414
54
1414
1414
1414
54
1414
1414
1414
1414
1414
1414
54
1414
1414
1414
54
1414
1414
54
1414
1414
1414
54
1414
1414
54
1414
54
1414
1414
54
1414
1414
54
1414
1414
54
1414
1414
1414
54
1414
1414
54
1414
54
1414
1414
54
1414
1414
54
1414
1414
54
1414
1414
1414
1414
54
1414
1414
54
1414
1414
54
1414
1414
1414
1414
1414
54
1414
1414
1414
54
1414
1414
1414
54
1414
1414
1414
54
1414
1414
1414
54
1414
1414
1414
54
1414
1414
1414
659
54
66
66
66
66
54
267
54
1414
1414
54
1245
180
107
104
96
304
548
54
54
105
110
96
54
92
54
92
54
54
54
54
422
190
54
100
54
55
66
55
66
1362
1414
1414
54
1414
1414
54
1414
1414
1414
54
1414
1414
1414
1414
54
1414
1414
1414
54
1414
1414
1414
1414
54
1414
1414
1414
54
1414
1414
54
1414
1414
54
1414
1414
54
1414
54
1414
1414
54
1414
1414
54
1414
1414
1414
1414
54
1414
1414
1414
54
1414
1414
54
1414
54
1414
1414
54
1414
1414
54
1414
1414
1414
1414
54
1414
1414
1414
54
1414
1414
54
1414
1414
1414
1414
1414
1414
54
1414
1414
1414
54
1414
1414
54
1414
1414
1414
1414
54
1414
1414
1414
54
1414
1414
1414
1414
1414
54
1414
1414
1414
1414
1414
1414
1414
1414
54
1414
1414
1414
1414
54
1414
1414
1414
1414
1414
54
1414
1414
1414
1414
54
1414
1414
54
1414
1414
1414
54
1414
1414
1414
1414
54
1414
1414
54
1414
1414
54
1414
1414
1414
54
1414
1414
54
1414
1414
1414
1414
1414
1414
54
1414
1414
1414
1414
1414
1414
54
1414
1414
1414
1414
54
1414
1414
54
1414
1414
54
1414
1414
54
1414
1414
54
1414
1414
54
1414
1414
1414
54
1414
1414
54
1414
1414
1414
1414
1414
1414
1414
1414
54
1414
1414
1414
1414
54
1414
1414
1414
54
1414
1414
1414
54
1414
1414
54
1414
1414
54
1414
1414
54
1414
1414
54
1414
1414
1414
1414
54
1414
1414
1414
1414
1414
1414
1414
1414
1414
54
1414
1414
1414
1414
1414
54
1414
1414
54
1414
1414
54
1414
1414
54
1414
1414
1414
54
1414
1414
54
1414
1414
54
1414
1414
54
1414
1414
1414
54
1414
1414
1414
54
1414
1414
1414
1414
54
1414
1414
54
1414
1414
54
1414
1414
54
1414
1414
54
1414
1414
1414
1414
54
1414
1414
1414
54
1414
1414
1414
54
1414
1414
54
1414
1414
54
1414
1414
54
1414
54
1414
1414
54
1414
1414
54
1414
1414
54
1414
1414
54
1414
1414
1414
1414
54
1414
1414
54
1414
1414
1414
54
1414
1414
54
1414
1414
54
1414
1414
1414
1414
54
1414
1414
1414
1414
1414
54
1414
1414
1414
1414
54
1414
1414
1414
1414
1414
1414
1414
1414
1414
1414
54
1414
1414
1414
1414
1414
54
1414
1414
1414
54
1414
1414
1414
54
1414
54
1414
1414
54
1414
1414
54
1414
1414
54
1414
1414
54
1414
1414
54
1414
66
1414
1414
1414
1414
1414
66
66
66
66
66
1414
66
1414
66
1414
66
1414
66
1414
66
1414
1414
66
66
1414
1414
66
66
1414
1414
66
66
1414
1414
66
66
1414
1414
1414
1414
1414
66
66
66
66
66
1414
1414
1414
1414
66
66
66
66
1414
1414
1414
66
66
66
1414
1414
66
66
1414
1414
66
54
1414
1414
54
1414
1414
54
1414
1414
54
1414
1414
54
1414
1414
1414
1414
1414
1414
1414
54
1414
1414
54
1414
1414
1414
1414
1414
1414
54
1414
1414
1414
1414
1414
1414
54
1414
1414
1414
54
1414
1414
54
1414
1414
1414
54
1414
1414
54
1414
1414
1414
1414
1414
1414
1414
1414
1414
54
1414
1414
1414
1414
1414
54
1414
1414
54
1414
1414
1414
1414
54
1414
1414
1414
54
1414
1414
1414
54
1414
1414
54
1414
1414
1414
1414
1414
1414
1414
54
1414
1414
1414
54
1414
1414
54
1414
1414
1414
54
1414
1414
1414
1414
54
1414
1414
1414
54
1414
1414
54
1414
1414
54
1414
54
1414
1414
1414
1414
1414
1414
1414
1414
1414
1414
54
1414
1414
1414
1414
54
1414
1414
1414
1414
1414
1414
1414
54
1414
1414
1414
1414
1414
54
1414
1414
1414
1414
1414
1414
1414
1414
1414
54
1414
1414
54
1414
1414
1414
54
1414
1414
54
1414
1414
54
1414
1414
54
1414
1414
54
1414
1414
1414
54
1414
1414
54
1414
1414
54
1414
1414
54
1414
1414
54
1414
1414
1414
1414
1414
1414
54
1414
1414
54
1414
1414
54
1414
1414
54
1414
1414
1414
54
1414
1414
54
1414
1414
54
1414
1414
54
1414
1414
1414
54
1414
1414
54
1414
54
1414
1414
1414
1414
1414
54
1414
1414
1414
54
1414
1414
54
1414
1414
54
1414
1414
1414
54
1414
1414
1414
54
1414
1414
54
1414
1414
1414
1414
1414
54
1414
1414
54
1414
1414
1414
54
1414
1414
54
1414
1414
54
1414
1414
54
1414
1414
54
1414
1414
1414
54
1414
1414
1414
1414
1414
1414
1414
1414
54
1414
1414
1414
1414
54
1414
1414
1414
54
1414
1414
54
1414
1414
1414
1414
54
1414
1414
1414
1414
1414
54
1414
1414
1414
54
1414
1414
1414
54
1414
1414
1414
1414
1414
1414
1414
1414
54
1414
1414
1414
1414
54
1414
1414
1414
54
1414
1414
1414
1414
54
1414
1414
1414
54
1414
1414
54
1414
1414
54
1414
1414
54
1414
1414
54
1414
1414
1414
1414
1414
1414
54
1414
1414
1414
54
1414
1414
1414
54
1414
1414
54
1414
1414
54
1414
1414
1414
1414
1414
54
1414
1414
1414
54
1414
1414
54
1414
1414
54
1414
1414
1414
1414
1414
1414
1414
1414
1414
54
1414
1414
1414
1414
54
1414
1414
54
1414
1414
1414
54
1414
1414
54
1414
1414
1414
1414
54
1414
1414
1414
1414
54
1414
1414
1414
54
1414
1414
1414
54
1414
1414
1414
1414
54
1414
1414
1414
54
1414
1414
1414
54
1414
1414
1414
1414
54
1414
1414
1414
1414
1414
1414
1414
1414
1414
1414
54
1414
1414
1414
1414
1414
1414
1414
54
1414
1414
54
1414
1414
1414
54
1414
1414
54
1414
1414
1414
1414
54
1414
1414
1414
54
1414
1414
1414
1414
1414
54
1414
1414
54
1414
1414
54
1414
1414
1414
54
1414
1414
54
1414
1414
1414
1414
54
1414
1414
1414
1414
1414
1414
1414
54
1414
1414
1414
1414
54
1414
1414
1414
54
1414
1414
1414
1414
1414
1414
1414
1414
1414
1414
54
1414
1414
1414
1414
1414
54
1414
1414
1414
54
1414
1414
54
1414
1414
1414
54
1414
1414
1414
54
1414
1414
54
1414
1414
1414
54
1414
1414
54
1414
54
1414
1414
54
1414
1414
54
1414
1414
1414
54
1414
1414
54
1414
54
1414
1414
1414
1414
1414
1414
1414
1414
54
1414
1414
1414
1414
54
1414
1414
1414
54
1414
1414
54
1414
54
1414
1414
1414
54
1414
1414
1414
54
1414
1414
54
1414
1414
54
1414
1414
54
1414
1414
54
1414
1414
1414
1414
1414
1414
1414
1414
54
1414
1414
54
1414
1414
1414
1414
1414
1414
54
1414
1414
54
1414
1414
54
1414
1414
1414
1414
1414
54
1414
54
1414
1414
54
1414
1414
54
1414
1414
54
1414
1414
1414
1414
1414
1414
1414
1414
1414
54
1414
1414
1414
1414
54
1414
1414
1414
1414
1414
1414
1414
1414
54
1414
1414
54
1414
1414
1414
1414
1414
54
1414
1414
1414
54
1414
1414
1414
1414
1414
1414
1414
1414
1414
1414
54
1414
1414
54
1414
1414
1414
1414
1414
1414
54
1414
54
1414
1414
1414
1414
1414
1414
54
1414
1414
1414
1414
1414
54
1414
1414
54
1414
1414
54
1414
1414
54
1414
1414
54
1414
1414
54
1414
1414
54
1414
1414
1414
54
1414
1414
1414
1414
1414
54
1414
1414
1414
54
1414
1414
54
1414
1414
54
1414
1414
1414
54
1414
1414
54
1414
54
1414
1414
54
1414
1414
54
1414
1414
1414
54
1414
1414
54
1414
1414
54
1414
1414
1414
54
1414
1414
1414
1414
1414
54
1414
1414
1414
54
1414
1414
54
1414
1414
54
1414
1414
54
1414
1414
54
1414
1414
54
1414
1414
54
1414
1414
1414
1414
54
1414
1414
54
1414
1414
1414
54
1414
54
1414
1414
1414
54
1414
1414
54
1414
1414
54
1414
1414
54
1414
1414
1414
1414
54
1414
1414
1414
54
1414
1414
54
1414
1414
54
1414
1414
54
1414
1414
1414
54
1414
1414
54
1414
1414
54
1414
1414
1414
54
1414
1414
1414
54
1414
1414
1414
54
1414
1414
1414
54
1414
1414
1414
54
1414
1414
54
1414
1414
1414
1414
1414
1414
1414
1414
1414
1414
54
1414
1414
1414
1414
1414
1414
54
1414
1414
1414
1414
1414
1414
1414
54
1414
1414
1414
1414
54
1414
1414
1414
1414
54
1414
1414
1414
1414
1414
1414
1414
1414
1414
54
1414
1414
1414
54
1414
54
1414
1414
1414
54
1414
1414
54
1414
54
1414
1414
1414
54
1414
1414
54
1414
1414
1414
1414
1414
1414
54
1414
1414
1414
1414
54
1414
1414
54
1414
1414
54
1414
1414
54
1414
1414
54
1414
54
1414
1414
54
1414
1414
1414
54
1414
1414
54
1414
1414
54
1414
1414
1414
54
1414
1414
54
1414
1414
54
1414
1414
54
1414
1414
1414
1414
1414
1414
54
1414
1414
1414
1414
1414
1414
1414
1414
1414
54
1414
1414
1414
1414
1414
54
1414
1414
1414
54
1414
54
1414
1414
1414
1414
1414
54
1414
1414
1414
54
1414
1414
1414
54
1414
1414
54
1414
1414
54
1414
1414
54
1414
54
1414
1414
54
1414
1414
54
1414
1414
1414
1414
54
1414
1414
1414
54
1414
1414
54
1414
1414
54
1414
1414
54
1414
1414
54
1414
1414
1414
1414
1414
54
1414
1414
1414
1414
54
1414
1414
1414
54
1414
1414
54
1414
1414
54
1414
1414
1414
1414
54
1414
1414
54
1414
1414
54
1414
1414
54
1414
54
1414
1414
54
1414
1414
54
1414
1414
54
1414
1414
1414
54
1414
1414
1414
1414
54
1414
1414
54
1414
1414
54
1414
1414
54
1414
1414
54
1414
54
1414
1414
54
1414
1414
54
1414
1414
1414
1414
54
1414
1414
1414
54
1414
54
1414
1414
1414
1414
54
1414
1414
1414
54
1414
1414
54
1414
1414
54
1414
1414
54
1414
54
1414
1414
54
1414
1414
54
1414
1414
1414
1414
1414
54
1414
1414
1414
54
1414
1414
54
1414
1414
1414
1414
1414
1414
1414
1414
1414
1414
54
1414
1414
1414
1414
1414
1414
1414
54
1414
1414
1414
1414
54
1414
1414
1414
54
1414
1414
1414
1414
1414
1414
1414
1414
1414
1414
54
1414
1414
1414
1414
54
1414
1414
1414
1414
1414
1414
1414
1414
54
1414
1414
1414
1414
1414
54
1414
1414
1414
54
1414
1414
54
1414
1414
54
1414
1414
54
1414
1414
1414
1414
1414
1414
54
1414
1414
1414
54
1414
1414
1414
54
1414
1414
54
1414
1414
54
1414
1414
54
1414
1414
54
1414
1414
54
1414
1414
1414
54
1414
1414
54
1414
1414
54
1414
1414
54
1414
1414
54
1414
1414
54
1414
1414
54
1414
1414
54
1414
1414
54
1414
1414
1414
1414
54
1414
1414
1414
54
1414
1414
54
1414
1414
1414
1414
1414
54
1414
54
1414
1414
54
1414
1414
1414
54
1414
1414
54
1414
1414
54
1414
1414
1414
54
1414
1414
1414
54
1414
1414
54
1414
1414
54
1414
1414
54
1414
1414
54
1414
1414
54
1414
1414
54
1414
1414
54
1414
1414
54
1414
1414
54
1414
1414
54
1414
1414
54
1414
1414
54
1414
1414
54
1414
1414
1414
54
1414
1414
54
1414
1414
54
1414
1414
54
1414
1414
1414
54
1414
1414
1414
54
1414
1414
54
1414
1414
54
1414
1414
54
1414
1414
54
1414
1414
1414
54
1414
1414
54
1414
1414
1414
1414
54
1414
1414
1414
54
1414
1414
1414
1414
54
1414
1414
1414
54
1414
1414
1414
54
1414
1414
1414
1414
54
1414
1414
1414
54
1414
1414
54
1414
1414
1414
54
1414
1414
1414
54
1414
1414
1414
54
1414
1414
1414
1414
1414
1414
54
1414
1414
54
1414
1414
54
1414
1414
54
1414
1414
1414
1414
54
1414
1414
54
1414
1414
1414
54
1414
1414
1414
1414
1414
1414
1414
1414
1414
1414
54
1414
1414
1414
54
1414
1414
1414
1414
1414
1414
1414
1414
1414
1414
54
1414
1414
1414
1414
1414
1414
54
1414
1414
1414
54
1414
1414
1414
1414
54
1414
54
1414
1414
1414
54
1414
54
1414
1414
54
1414
1414
54
1414
1414
54
1414
1414
54
1414
1414
54
1414
1414
54
1414
1414
1414
54
1414
54
1414
1414
54
1414
1414
1414
54
1414
1414
54
1414
1414
1414
54
1414
1414
1414
1414
1414
1414
1414
1414
54
1414
1414
54
1414
1414
54
1414
1414
1414
54
1414
54
1414
1414
54
1414
1414
54
1414
1414
1414
54
1414
54
1414
1414
54
1414
1414
54
1414
1414
54
1414
1414
54
1414
1414
1414
1414
54
1414
1414
54
1414
1414
1414
54
1414
1414
54
1414
1414
1414
1414
1414
54
1414
1414
1414
1414
1414
54
1414
1414
1414
54
1414
1414
54
1414
1414
54
1414
1414
54
1414
1414
1414
1414
54
1414
1414
54
1414
1414
1414
54
1414
1414
1414
54
1414
1414
54
1414
1414
1414
54
1414
1414
1414
1414
1414
1414
1414
1414
1414
1414
54
1414
54
1414
1414
1414
1414
54
1414
1414
1414
54
1414
1414
1414
1414
54
1414
1414
54
1414
1414
54
1414
1414
54
1414
54
1414
1414
54
1414
1414
1414
1414
1414
1414
1414
1414
1414
1414
54
1414
1414
1414
1414
54
1414
1414
1414
1414
54
1414
1414
54
1414
1414
54
1414
1414
54
1414
1414
54
1414
1414
1414
54
1414
54
1414
1414
1414
1414
1414
1414
1414
1414
54
1414
1414
1414
1414
54
1414
1414
54
1414
1414
54
1414
1414
54
1414
1414
1414
54
1414
1414
54
1414
54
1414
1414
54
1414
1414
54
1414
1414
1414
54
1414
54
1414
1414
1414
54
1414
54
1414
1414
1414
1414
1414
1414
1414
1414
1414
1414
54
1414
1414
54
1414
1414
1414
1414
1414
1414
1414
1414
1414
1414
54
1414
1414
1414
1414
1414
1414
1414
54
1414
1414
1414
1414
1414
1414
54
1414
1414
1414
1414
1414
1414
1414
1414
1414
1414
54
1414
1414
1414
1414
1414
1414
1414
1414
1414
1414
54
1414
54
1414
1414
54
1414
1414
54
1414
1414
1414
1414
1414
54
1414
54
1414
1414
1414
54
1414
54
1414
1414
54
1414
1414
54
1414
1414
1414
54
1414
1414
54
1414
54
1414
1414
54
1414
1414
54
1414
1414
1414
1414
54
1414
1414
1414
54
1414
1414
1414
54
1414
1414
54
1414
1414
1414
54
1414
1414
1414
54
1414
1414
54
1414
1414
54
1414
1414
54
1414
1414
54
1414
1414
54
1414
1414
1414
1414
1414
54
1414
1414
54
1414
1414
54
1414
1414
54
1414
1414
1414
1414
1414
54
1414
1414
54
1414
1414
54
1414
1414
54
1414
1414
1414
54
1414
54
1414
1414
54
1414
1414
54
1414
1414
54
1414
1414
1414
54
1414
1414
54
1414
54
1414
1414
54
1414
1414
1414
54
1414
1414
1414
54
1414
1414
54
1414
1414
1414
54
1414
1414
54
1414
1414
54
1414
1414
54
1414
54
1414
1414
54
1414
1414
1414
1414
1414
54
1414
1414
1414
1414
1414
54
1414
1414
54
1414
1414
54
1414
1414
1414
1414
54
1414
1414
54
1414
1414
54
1414
1414
1414
54
1414
54
1414
1414
1414
1414
1414
54
1414
1414
1414
54
1414
1414
1414
1414
54
1414
1414
54
1414
1414
54
1414
1414
1414
54
1414
1414
66
1414
1414
66
66
1414
1414
66
66
1414
1414
66
66
1414
1414
1414
66
66
66
1414
1414
66
66
1414
1414
1414
1414
66
66
66
66
1414
1414
66
66
1414
1414
66
66
1414
1414
66
66
1414
1414
1414
66
66
66
1414
1414
66
66
1414
1414
66
66
1414
1414
66
66
1414
1414
66
66
1414
66
1414
1414
66
66
1414
1414
1414
66
66
66
1414
1414
1414
1414
1414
66
66
66
66
66
1414
1414
1414
1414
1414
1414
1414
66
66
66
66
66
66
66
1414
1414
1414
1414
66
66
66
66
1414
66
1414
66
1414
1414
1414
54
54
1414
1414
54
1414
1414
54
1414
1414
1414
54
1414
1414
1414
1414
54
1414
1414
1414
1414
54
1414
1414
1414
1414
1414
1414
1414
54
1414
1414
1414
1414
54
1414
1414
54
1414
1414
54
1414
1414
54
1414
1414
54
1414
1414
1414
54
1414
1414
1414
1414
1414
1414
54
1414
1414
1414
1414
54
1414
1414
54
1414
1414
54
1414
1414
1414
54
1414
1414
54
1414
1414
1414
54
1414
1414
54
1414
1414
54
1414
1414
1414
54
1414
1414
1414
54
1414
1414
54
1414
1414
54
1414
54
1414
1414
1414
1414
1414
54
1414
1414
1414
54
1414
1414
1414
1414
54
1414
1414
1414
54
1414
1414
1414
54
1414
1414
54
1414
1414
54
1414
1414
1414
54
1414
1414
1414
1414
1414
1414
54
1414
1414
1414
54
1414
1414
54
1414
1414
54
1414
1414
1414
1414
1414
54
1414
1414
1414
1414
1414
1414
1414
1414
1414
1414
54
1414
1414
1414
54
1414
1414
1414
1414
1414
1414
54
1414
1414
1414
54
1414
54
1414
1414
1414
1414
1414
1414
1414
1414
1414
54
1414
54
1414
1414
54
1414
1414
54
1414
1414
54
1414
1414
54
1414
1414
1414
54
1414
1414
54
1414
1414
54
1414
1414
1414
54
1414
1414
54
1414
1414
1414
1414
1414
1414
54
1414
1414
1414
54
1414
1414
54
1414
1414
54
1414
1414
1414
54
1414
1414
1414
54
1414
54
1414
1414
54
1414
1414
54
1414
1414
1414
54
1414
1414
1414
54
1414
1414
54
1414
1414
54
1414
1414
1414
54
1414
1414
54
1414
1414
1414
1414
1414
1414
1414
54
1414
1414
1414
54
1414
54
1414
1414
1414
1414
1414
54
1414
1414
1414
1414
54
1414
1414
54
1414
54
1414
1414
1414
1414
1414
1414
54
1414
1414
1414
54
1414
1414
1414
1414
1414
1414
1414
54
1414
1414
1414
54
1414
1414
1414
1414
54
1414
1414
54
1414
1414
54
1414
1414
54
1414
1414
54
1414
1414
54
1414
54
1414
1414
54
1414
1414
54
1414
1414
1414
1414
1414
1414
54
1414
1414
1414
54
1414
1414
54
1414
1414
1414
54
1414
1414
1414
54
1414
1414
54
1414
54
1414
1414
54
1414
1414
54
1414
1414
1414
54
1414
1414
54
1414
54
1414
1414
1414
1414
54
1414
1414
1414
1414
1414
54
1414
1414
1414
1414
54
1414
1414
54
1414
1414
54
1414
1414
54
1414
1414
1414
54
1414
1414
1414
54
1414
1414
54
1414
1414
54
1414
54
1414
1414
54
1414
1414
54
1414
1414
54
1414
1414
1414
54
1414
54
1414
1414
54
1414
1414
1414
54
1414
1414
1414
54
1414
1414
54
1414
1414
1414
1414
1414
54
1414
1414
54
1414
1414
54
1414
1414
1414
54
1414
1414
54
1414
1414
54
1414
1414
54
1414
1414
54
1414
1414
54
1414
1414
54
1414
1414
1414
1414
54
1414
1414
54
1414
1414
54
1414
1414
1414
54
1414
1414
1414
54
1414
1414
54
1414
1414
1414
54
1414
1414
54
1414
54
1414
1414
54
1414
1414
54
1414
1414
1414
54
1414
54
1414
1414
54
1414
1414
54
1414
1414
1414
1414
54
1414
1414
54
1414
1414
1414
54
1414
1414
1414
54
1414
1414
1414
54
1414
1414
54
1414
1414
54
1414
1414
1414
1414
1414
1414
1414
54
1414
1414
1414
54
1414
1414
1414
54
1414
1414
1414
54
1414
1414
54
1414
54
1414
1414
54
1414
1414
54
1414
1414
54
1414
1414
1414
54
1414
54
1414
1414
1414
1414
1414
1414
1414
1414
1414
54
1414
1414
1414
1414
1414
1414
54
1414
1414
54
1414
1414
54
1414
54
1414
1414
1414
54
1414
1414
1414
54
1414
1414
54
1414
1414
54
1414
1414
54
1414
1414
1414
1414
1414
1414
1414
54
1414
1414
1414
1414
54
1414
1414
54
1414
1414
54
1414
1414
54
1414
1414
1414
54
1414
1414
54
1414
1414
1414
54
1414
54
1414
1414
1414
1414
1414
1414
54
1414
1414
1414
54
1414
1414
54
1414
1414
1414
54
1414
1414
54
1414
1414
54
1414
1414
1414
54
1414
54
1414
1414
1414
54
1414
1414
1414
54
1414
1414
54
1414
1414
1414
54
1414
1414
54
1414
1414
54
1414
1414
54
1414
1414
1414
54
1414
1414
54
1414
1414
54
1414
1414
54
1414
1414
1414
1414
54
1414
1414
54
1414
1414
54
1414
1414
54
1414
1414
1414
54
1414
54
1414
1414
54
1414
1414
54
1414
1414
1414
1414
54
1414
1414
54
1414
1414
54
1414
1414
1414
54
1414
1414
54
1414
1414
54
1414
1414
54
1414
54
1414
1414
54
1414
1414
1414
1414
54
1414
1414
54
1414
1414
1414
1414
54
1414
1414
54
1414
1414
1414
1414
54
1414
1414
54
1414
1414
54
1414
1414
1414
54
1414
1414
1414
1414
54
1414
1414
1414
54
1414
1414
1414
54
1414
1414
1414
54
1414
1414
1414
54
1414
1414
1414
54
1414
1414
1414
54
1414
54
1414
1414
1414
1414
54
1414
1414
1414
54
1414
54
1414
1414
1414
54
1414
1414
54
1414
1414
1414
1414
54
1414
1414
1414
1414
1414
1414
1414
54
1414
1414
54
1414
1414
1414
54
1414
54
1414
1414
1414
1414
1414
54
1414
1414
54
1414
54
1414
1414
54
1414
1414
54
1414
1414
54
1414
1414
54
1414
1414
1414
54
1414
54
1414
1414
1414
54
1414
54
1414
1414
54
1414
1414
1414
1414
1414
1414
1414
1414
1414
54
1414
1414
1414
1414
54
1414
1414
1414
1414
1414
54
1414
1414
1414
54
1414
54
1414
1414
54
1414
1414
54
1359
1414
1414
1414
1414
54
1414
1414
1414
1414
54
1414
1414
1414
1414
54
1414
1414
1414
1414
1414
54
1414
1414
1414
1414
1414
54
1414
1414
54
1414
1414
1414
54
1414
1414
54
1414
54
1414
1414
54
1414
1414
1414
1414
1414
1414
1414
1414
1414
54
1414
1414
1414
1414
54
1414
1414
54
1414
1414
1414
54
1414
1414
54
1414
1414
1414
1414
54
1414
1414
1414
1414
1414
1414
1414
1414
1414
1414
54
54
1414
1414
1414
1414
54
1414
1414
1414
1414
54
1414
1414
1414
1414
1414
1414
54
54
1414
1414
1414
54
1414
1414
1414
1414
54
1414
1414
1414
54
1414
1414
54
1414
1414
54
1414
1414
1414
66
1414
1414
54
1414
1414
54
1414
1414
1414
1414
1414
1414
66
66
66
74
82
66
1414
1276
1414
1414
1414
1414
66
66
82
82
90
90
1414
1414
90
90
1414
1414
90
90
1414
1414
1414
90
90
90
1414
1414
90
90
1414
1414
90
90
1414
90
1414
1414
90
90
1414
1414
90
90
1414
1414
1414
1414
90
90
90
90
1414
1414
90
90
1414
1414
90
90
1414
1414
90
90
1414
1414
1414
1414
90
90
90
90
1414
90
1414
1414
1414
90
90
90
1414
1414
1414
1414
1414
1414
90
90
90
90
90
90
1414
1414
1414
90
90
90
1414
1414
54
90
1414
1414
90
90
1414
1414
82
74
1414
1414
1414
1414
1414
1414
1414
1414
1414
1414
74
66
66
54
54
1414
1414
1414
1414
1414
1414
54
1414
1414
1414
54
1414
1414
54
1414
1414
1414
54
1414
1414
1414
1414
1414
1414
1414
1414
54
1414
54
1414
1414
54
1414
1414
54
1414
1414
54
1414
1414
54
1414
1414
54
1414
1414
54
1414
1414
54
1414
1414
1414
54
1414
54
1414
1414
1414
54
1414
1414
54
1414
54
1414
1414
54
1414
1414
1414
1414
54
1414
1414
1414
1414
1414
54
1414
1414
54
1414
1414
1414
1414
54
1414
1414
1414
1414
1414
54
1414
1414
1414
1414
54
1414
1414
54
1414
1414
1414
54
1414
1414
54
1414
1414
54
1414
1414
1414
1414
1414
54
1414
1414
54
1414
1414
1414
54
1414
1414
1414
1414
1414
1414
54
1414
1414
1414
54
1414
1414
54
1414
1414
54
1414
1414
1414
1414
1414
1414
1414
1414
1414
1414
54
1414
1414
1414
54
1414
1414
1414
54
1414
1414
1414
54
1414
54
1414
1414
1414
1414
54
1414
1414
1414
1414
54
1414
1414
1414
1414
54
1414
1414
54
1414
1414
54
1414
1414
54
1414
1414
1414
1414
54
1414
1414
1414
54
1414
1414
1414
1414
54
1414
1414
54
1414
54
1414
1414
54
1414
1414
1414
708
54
99
54
85
54
54
54
55
66
55
55
55
66
66
55
55
55
1362
1414
1414
54
1414
1414
1414
1414
54
1414
1414
54
1414
1414
1414
54
1414
1414
1414
54
1414
1414
1414
54
1414
1414
1414
1414
1414
1414
1414
1414
1414
54
1414
1414
1414
1414
1414
1414
1414
54
1414
1414
1414
1414
1414
54
1414
1414
1414
1414
1414
1414
1414
1414
1414
54
1414
1414
1414
54
1414
54
1414
1414
1414
54
1414
54
1414
1414
1414
54
1414
54
1414
1414
1414
1414
1414
1414
1414
1414
1414
54
1414
1414
1414
1414
1414
1414
1414
1414
1414
1414
54
1414
1414
1414
1414
1414
1414
1414
1414
54
66
54
1414
1414
1414
1414
1414
1414
1414
54
1414
54
1414
1414
1414
54
1414
54
1414
55
54
1414
1414
1414
1414
1414
1414
1414
1414
1414
1414
66
66
66
66
66
66
66
66
66
66
1414
1414
1414
1414
1414
1414
1414
1414
1414
1414
66
66
66
66
66
66
66
66
66
66
1414
1414
1414
1414
66
66
66
66
1414
66
1414
1414
1414
1414
1414
1414
1414
1414
1414
1414
66
66
66
66
66
66
66
66
66
66
1414
1414
1414
1414
1414
66
1414
1414
66
66
66
66
66
66
66
1414
66
1414
66
1414
66
1414
66
1414
66
1414
66
1414
1414
1414
1414
1414
1414
66
66
66
54
54
1414
1414
1414
1414
1414
1414
1414
1414
1414
1414
1414
54
1414
54
1414
1414
54
1414
1414
1414
1414
1414
1414
1414
1414
1414
1414
54
1414
1414
54
1414
1414
1414
54
1414
54
1414
1414
54
1414
1414
54
1414
1414
54
1414
54
1414
1414
54
1414
1414
1414
1414
1414
1414
1414
54
1414
54
1414
1414
1414
1414
1414
1414
1414
1414
1414
54
1414
1414
1414
1414
1414
1414
1414
1414
1414
1414
54
1414
1414
1414
1414
54
1414
1414
1414
1414
1414
1414
54
1414
54
1414
1414
54
1414
1414
54
1414
1414
54
1414
1414
54
1414
1414
54
1414
1414
54
1414
1414
54
1414
1414
54
1414
1414
54
1414
1414
54
1414
1414
54
1414
1414
54
1414
1414
54
1414
1414
54
1414
1414
54
1414
1414
54
1414
1414
54
1414
1414
54
1414
1414
54
1414
1414
54
1414
1414
1414
54
1414
54
1414
1414
1414
54
1414
54
1414
1414
1414
54
1414
54
1414
1414
1414
54
1414
54
1414
1414
1414
1414
1414
54
1414
1414
1414
54
1414
1414
1414
54
1414
1414
1414
54
1414
1414
1414
1414
1414
1414
1414
1414
1414
1414
54
1414
1414
1414
1414
1414
1414
1414
1414
1414
1414
54
1414
1414
1414
1414
1414
1414
1414
1414
1414
1414
54
1414
1414
1414
1414
1414
1414
1414
54
1414
1414
1414
1414
54
1414
54
1414
1414
1414
1414
54
1414
1414
1414
1414
1414
1414
1414
1414
54
1414
1414
1414
1414
1414
1414
1414
54
1414
1414
1414
1414
1414
1414
1414
54
1414
1414
1414
1414
1414
1414
1414
54
1414
1414
1414
1414
1414
1414
54
1414
1414
1414
1414
1414
1414
1414
1414
54
1414
1414
1414
1414
1414
1414
54
1414
1414
1414
1414
1414
1414
54
1414
1414
1414
1414
1414
1414
1414
1414
1414
1414
54
1414
1414
1414
1414
1414
1414
1414
1414
1414
54
1414
1414
1414
1414
1414
1414
1414
1414
54
1414
1414
1414
1414
1414
54
1414
1414
1414
1414
1414
54
1414
1414
1414
1414
1414
1414
1414
1414
1414
54
1414
1414
1414
1414
1414
1414
1414
1414
54
1414
1414
1414
1414
1414
1414
1414
1414
54
1414
1414
1414
1414
1414
1414
1414
54
1414
1414
1414
1414
1414
1414
54
1414
1414
1414
1414
1414
1414
54
1414
1414
1414
1414
1414
1414
1414
1414
1414
1414
54
1414
1414
1414
1414
1414
1414
1414
1414
1414
54
1414
1414
1414
1414
1414
1414
1414
1414
1414
1414
54
1414
1414
54
1414
54
1414
1414
1414
1414
1414
1414
54
1414
1414
1414
1414
1414
54
1414
1414
1414
1414
1414
54
1414
1414
1414
1414
1414
54
1414
1414
1414
1414
1414
54
1414
1414
1414
1414
1414
54
1414
1414
1414
1414
1414
54
1414
1414
1414
1414
1414
54
1414
1414
1414
1414
1414
54
1414
1414
1414
1414
1414
54
1414
1414
1414
1414
54
1414
1414
1414
1414
54
1414
1414
1414
1414
1414
54
1414
1414
1414
1414
1414
1414
54
1414
1414
1414
1414
1414
1414
1414
1414
1414
54
1414
1414
1414
1414
1414
1414
54
1414
1414
1414
1414
1414
1414
54
1414
1414
1414
1414
1414
1414
1414
1414
1414
1414
54
1414
1414
1414
1414
1414
1414
1414
1414
1414
1414
54
1414
1414
54
1414
1414
1414
1414
54
1414
1414
54
1414
1414
1414
1414
1414
54
1414
1414
1414
1414
54
1414
1414
1414
1414
1414
1414
1414
54
1414
1414
54
1414
1414
54
1414
1414
1414
54
1414
54
1414
1414
54
1414
1414
54
1414
1414
54
1414
1414
54
1414
1414
54
1414
1414
54
1414
1414
54
1414
1414
54
1414
1414
54
1414
1414
54
1414
1414
54
1414
1414
54
1414
1414
1414
54
1414
1414
54
1414
1414
54
1414
1414
1414
54
1414
1414
1414
1414
1414
1414
54
1414
1414
1414
1414
54
1414
1414
1414
54
1414
1414
1414
54
1414
1414
1414
54
1414
1414
1414
54
1414
1414
1414
54
1414
1414
1414
1414
1414
1414
1414
1414
1414
54
1414
1414
1414
1414
1414
1414
1414
54
1414
1414
1414
1414
1414
54
1414
1414
1414
1414
1414
54
1414
1414
1414
1414
54
1414
1414
1414
54
1414
1414
1414
54
1414
1414
1414
54
1414
1414
54
1414
1414
1414
1414
1414
54
1414
1414
1414
1414
54
1414
1414
1414
54
1414
1414
1414
1414
1414
1414
1414
1414
54
1414
1414
1414
741
54
55
66
55
55
66
66
55
66
55
66
55
55
66
66
55
66
551
100
54
54
100
128
138
54
100
54
55
54
1414
870
54
359
54
55
66
435
54
129
92
100
54
100
100
54
66
55
66
55
66
54
54
85
85
54
85
66
85
66
379
1344
54
54
54
54
54
66
85
54
54
66
54
155
54
1414
1414
54
1414
102
54
188
54
54
113
1414
1414
1414
1414
54
54
54
54
54
1414
1414
1414
1414
1414
1414
1414
1414
289
54
54
54
55
66
54
1414
1414
1414
1414
54
1414
1414
1414
1414
54
1414
986
54
54
54
54
54
54
54
54
54
54
491
54
55
66
99
85
54
54
54
130
54
54
66
54
55
55
66
66
54
54
54
54
528
100
335
54
54
54
100
55
55
202
54
100
54
66
66
55
66
55
66
55
66
534
100
55
54
54
100
128
54
92
100
54
100
55
55
55
55
66
66
66
66
66
55
54
66
55
66
117
54
54
54
54
55
85
54
54
54
85
66
66
54
55
66
55
66
55
66
55
66
437
100
54
54
100
129
54
92
100
54
100
100
54
66
55
55
66
55
66
55
66
379
1344
54
534
100
54
54
100
128
92
100
54
100
100
54
66
85
54
54
55
66
55
66
55
66
55
66
55
66
55
55
66
66
54
54
55
66
55
66
55
55
66
66
55
55
55
66
66
66
219
100
1361
54
55
54
54
100
66
127
54
245
100
54
55
66
326
100
54
54
100
209
54
100
54
91
54
54
439
100
54
129
92
100
54
100
100
54
54
55
66
55
66
55
66
55
66
55
66
535
54
128
92
100
54
100
54
117
54
54
54
54
55
66
508
100
500
507
517
503
54
54
54
54
54
54
100
125
54
138
100
186
100
186
100
54
186
100
102
138
54
100
54
54
536
135
100
54
54
54
100
184
54
1390
1390
54
1390
1390
54
1390
1390
1390
54
1390
1390
1390
54
1390
1390
54
1414
1366
54
1414
1414
54
1414
1318
54
1414
1414
220
54
100
125
138
54
100
54
54
379
1344
54
55
66
55
66
55
66
162
100
54
54
134
100
426
100
546
204
100
54
54
1414
742
1414
929
1414
54
742
1414
1414
102
774
1414
742
774
1414
742
54
1414
329
54
100
54
100
184
1390
1390
1390
54
54
100
1390
1390
1390
1390
1390
1390
1390
1390
1390
1414
54
1366
54
1414
1414
1414
54
1318
54
55
54
54
1414
1414
475
54
100
54
100
129
92
100
54
100
105
92
100
54
100
100
1414
54
742
1099
54
100
54
66
141
100
54
54
54
54
100
186
1390
54
1390
1390
54
1390
1390
54
1390
54
1414
1414
54
1414
1414
54
1414
1414
54
1414
1414
54
1414
1363
54
100
100
54
66
55
55
66
66
55
66
55
55
66
66
55
55
66
66
55
55
66
66
316
54
218
369
54
987
987
1414
742
1414
742
66
54
1414
742
54
1414
779
1414
742
1414
742
1414
1414
1414
70
54
166
1414
742
1414
742
1414
742
1414
742
1414
54
1414
1414
70
54
66
66
1414
1414
1414
1414
1414
906
1414
1414
735
138
54
100
66
54
285
66
54
285
54
54
54
1414
1414
938
1414
1414
938
54
54
345
345
364
188
467
177
100
148
364
54
560
464
465
100
523
460
542
270
54
54
1347
1349
54
54
164
1390
1390
1390
1390
1390
1390
1390
54
1390
1390
1390
1390
1390
1414
1366
1414
1414
1414
54
1318
1414
1414
1414
54
154
54
100
129
54
92
100
54
100
105
92
100
54
100
106
92
100
54
100
557
105
92
100
54
100
54
66
173
100
208
100
1414
542
54
100
1414
1414
54
1414
1414
1414
1414
54
1414
1414
1414
1414
1414
54
966
54
1414
1414
566
54
1414
1414
1414
902
54
1414
1414
54
1414
1414
54
54
1414
1414
54
1414
54
1414
1414
1414
1414
1414
1414
1414
118
54
1414
1414
1414
1414
54
1414
1414
54
1414
1414
54
1414
1414
1414
54
710
54
1414
1414
54
1414
1350
54
1414
118
54
1414
1414
1414
54
1414
1414
1414
1414
1414
1414
1414
54
100
1414
1414
1414
1414
54
54
1414
1414
1350
54
1414
1414
54
1414
1414
54
1414
54
1414
1414
1414
1414
1414
54
1414
124
54
54
1414
1414
1414
54
1414
822
1414
54
1414
1414
1414
54
1414
1414
54
1414
54
1414
1414
54
1414
1414
54
66
54
54
54
269
1414
1414
1414
1414
100
183
54
54
1390
1390
1390
1390
54
1390
1390
54
1390
1390
1390
54
1390
1390
646
54
1414
1414
1414
54
1414
1414
1414
1414
54
54
1414
1390
1414
1366
54
1414
1414
1414
193
54
1414
54
54
54
100
1414
1414
1414
1414
1318
1414
1414
1414
886
54
54
54
105
92
100
54
100
1414
1414
582
1414
1414
54
54
100
1414
1414
1414
1414
1414
1414
1414
1414
1414
1414
54
1414
1414
1414
1414
128
92
100
105
225
1414
54
54
54
1414
1414
1414
1414
1414
1414
1414
1414
1414
1414
54
54
1414
1414
1414
54
1414
100
100
1414
1414
54
1414
1414
1414
54
1137
1414
1414
1414
54
100
1414
1414
1414
54
1414
1414
1414
1414
1414
1414
1414
1414
54
1414
1414
1414
1414
54
1414
1414
54
1414
1414
1414
1414
1414
1414
1414
1414
54
1414
54
1414
1414
1414
1414
1414
1414
54
1414
1414
1414
1414
1414
54
1414
1414
1414
1414
1414
1414
1414
1414
1414
1414
54
1414
1414
54
1414
1414
54
1414
1414
1414
1414
1414
1414
1414
1414
54
1414
1414
1414
1414
1414
1414
1414
54
1414
1414
1414
1414
1414
66
66
1414
1414
1414
66
66
66
1414
1414
1414
66
66
74
1414
1414
1414
74
82
82
1414
1414
1414
1414
1414
1414
1414
1414
1414
1414
82
82
90
90
90
90
90
90
90
90
1414
1414
1414
1414
90
90
90
90
192
1414
1414
1414
90
90
90
1414
1414
90
90
1414
1414
1414
90
90
90
1414
1414
90
90
1414
1414
90
90
1414
90
1414
1414
90
90
1414
1414
90
90
1414
1414
1414
1414
1414
1414
1414
90
90
90
90
90
90
90
1414
1414
1414
1414
1414
1414
90
90
90
90
90
90
1414
1414
1414
90
90
90
1414
54
1414
90
1414
1414
182
66
1414
1414
1414
90
90
90
1414
90
1414
1414
1414
1414
90
90
90
90
1414
1414
1414
90
90
90
1414
1414
90
90
1414
1414
1414
1414
1414
1414
1414
1414
1414
1414
90
90
90
90
90
90
90
90
90
90
1414
1414
1414
1414
1414
1414
1414
1414
1414
1414
90
90
90
90
90
90
90
90
90
90
1414
1414
1414
54
1414
1414
1414
1414
1414
1414
90
90
90
90
90
90
90
90
90
1414
1414
1414
1414
1414
1414
1414
1414
1414
1414
90
90
90
90
90
90
90
90
90
90
1414
1414
1414
1414
1414
1414
90
90
90
90
90
90
1414
1414
90
90
1414
1414
1414
90
90
90
1414
1414
1414
1414
1414
90
90
90
90
90
1414
1414
1414
1414
1414
90
90
90
90
90
1414
1414
90
90
1414
1414
90
90
1414
1414
1414
1414
90
90
90
90
1414
1414
1414
90
90
90
1414
1414
1414
1414
1414
90
90
90
90
90
1414
1414
1414
90
90
90
1414
1414
90
90
1414
1414
1414
1414
1414
90
90
90
90
90
1414
90
1414
90
66
1414
1414
1414
1414
90
90
90
90
1414
1414
90
90
1414
1414
1414
1414
1414
90
90
90
90
90
1414
1414
1414
1414
1414
1414
90
82
74
74
66
54
54
54
54
54
194
1390
54
1390
1390
1390
1390
54
1390
1390
1390
1390
54
1390
1390
1414
54
1414
1414
54
1414
1414
54
1414
1390
54
1414
1366
1414
1414
1414
54
54
1414
1414
54
1414
54
1414
1414
1414
629
54
1414
1414
54
1414
1318
1414
1414
1414
1414
54
1414
54
1414
1414
1414
1414
1414
54
1414
1414
1414
1414
1414
1414
67
54
100
1354
70
54
345
54
1414
1414
1414
1414
1414
54
1414
1414
1414
1414
54
1414
1414
1414
1414
1414
1414
54
1414
1414
1414
1414
54
1414
1414
1414
1414
54
107
104
96
989
1414
1414
54
1414
1414
54
1414
1414
1414
54
1414
1414
1414
54
1414
1414
54
1414
1414
1414
54
1414
1414
54
1414
1414
54
1414
1414
54
1414
1414
54
1414
1414
54
1414
1414
1414
54
1414
1414
54
1414
1414
1414
1414
1414
54
1414
1414
1414
54
1414
1414
54
1414
1414
54
1414
1414
54
1414
54
1414
1414
54
1414
1414
54
1414
1414
66
74
1414
1414
82
82
1414
1414
1414
82
90
90
1414
90
1414
1414
90
90
1414
1414
1414
1414
1414
90
90
90
90
90
1414
1414
1414
1414
1414
1414
1414
1414
1414
90
90
90
90
90
90
90
90
90
1414
1414
1414
1414
90
90
90
90
1414
1414
1414
90
90
90
1414
1414
90
90
1414
1414
1414
90
90
90
1414
1414
90
90
1414
1414
90
90
1414
1414
90
90
1414
1414
90
90
1414
1414
90
90
1414
1414
90
90
1414
1414
1414
90
90
90
1414
90
1414
1414
90
90
1414
1414
1414
1414
1414
1414
1414
1414
1414
1414
90
90
90
90
90
90
90
90
90
90
1414
1414
1414
1414
1414
1414
1414
90
90
90
90
90
90
90
1414
1414
1414
1414
1414
1414
1414
1414
1414
90
90
90
90
90
90
90
90
90
1414
1414
1414
90
90
90
1414
1414
1414
90
90
90
1414
1414
90
90
1414
1414
90
90
1414
90
1414
1414
90
90
1414
1414
1414
1414
90
90
90
90
1414
1414
1414
90
90
90
1414
1414
1414
1414
1414
1414
1414
1414
90
90
90
90
90
90
90
90
1414
1414
1414
90
90
90
1414
1414
1414
348
110
90
90
90
54
96
54
92
54
92
1355
54
54
1414
90
1414
90
1414
1414
1414
1414
90
90
90
82
1414
1414
1414
1414
82
82
82
82
1414
1414
1414
82
82
82
1414
1414
82
74
1414
1414
74
74
1414
1414
74
74
1414
74
1414
1414
1414
1414
1414
1414
74
74
74
74
74
74
1414
1414
1414
1414
74
74
74
74
1414
1414
74
74
1414
1414
74
74
1414
1414
1414
66
74
74
74
54
279
1414
66
1414
54
1414
1414
54
1414
1414
54
1414
1414
1414
54
1414
1414
54
1414
1414
1414
1414
54
1414
1414
1414
54
1414
1414
54
1414
1414
54
1414
1414
54
1414
1414
54
54
1414
1414
1414
54
1414
54
1414
1414
1414
54
1414
1414
1414
54
1414
1414
1414
1414
54
1414
1414
1414
1414
54
1414
1414
54
1414
1414
54
1414
1414
54
1414
1414
1414
1414
1414
1414
66
66
54
1414
1414
66
66
1414
1414
66
74
1414
74
1414
1414
74
82
1414
1414
1414
1414
90
90
74
74
1414
90
1414
1414
90
90
1414
1414
1414
1414
90
90
90
90
1414
1414
1414
90
90
90
1414
1414
90
82
1414
1414
90
90
1414
1414
90
90
1414
1414
90
90
912
1414
90
90
1414
1414
90
90
1414
1390
409
90
66
66
1414
90
1414
1414
90
90
1414
1414
90
90
1414
1414
90
90
1414
1414
90
90
1414
1414
90
90
1414
1414
90
90
1414
1414
90
90
1414
1414
90
90
1414
1414
90
90
1414
1414
90
90
1414
1414
90
90
1414
1414
1414
1414
1414
90
90
90
90
90
1414
1414
1414
90
90
90
1414
1414
90
90
1414
1414
1414
1414
90
90
90
90
1414
1414
90
90
1414
1414
1414
90
90
90
1414
1414
90
90
1414
1414
90
90
1286
1414
90
90
1414
1414
90
90
1414
1414
90
90
1414
1414
90
90
1414
90
1414
1414
1414
1414
82
90
90
74
1414
66
1414
1414
90
90
1286
1414
1414
1414
1414
90
90
82
74
66
1414
54
1414
1414
66
54
1358
661
267
54
54
741
100
54
54
54
133
133
137
138
137
138
200
100
1414
1414
1414
1414
54
1414
1414
1414
1414
54
1414
1414
1414
54
1414
54
1414
1414
54
1414
1414
54
1414
1414
54
1414
1414
54
1414
1414
54
1414
1414
54
1414
1414
1414
54
54
1414
1414
1414
70
54
54
1414
1414
54
1414
1414
1414
604
54
180
1414
1414
1414
54
1414
1414
1414
1414
1414
1414
1414
1414
54
1414
1414
1414
54
1414
54
1414
1414
1414
1414
106
92
100
1414
54
54
1414
1414
54
100
1414
1414
1414
1414
54
1414
102
138
1414
1414
54
54
1414
1414
54
100
1414
1414
54
1414
1414
54
1414
54
1414
1414
54
1414
1414
54
1414
1414
54
1414
1414
54
1414
1414
54
1414
100
1414
1414
1414
1414
1414
54
1414
1414
1414
1414
54
1414
1414
54
1414
1414
54
1414
54
1414
54
1414
1414
54
1414
1414
1414
1414
54
1414
209
1414
54
54
100
1414
1414
54
1414
1414
1414
54
1414
1414
1414
1414
1414
1414
1414
54
1414
1414
1414
1414
54
1414
1414
1414
54
1414
1414
54
1414
1414
54
1414
1414
1414
1414
1414
54
1414
1414
54
1414
1414
54
1414
1414
54
1414
1414
1414
1414
54
1414
1414
1414
54
1414
1414
54
1414
1414
54
1414
54
54
183
54
1390
1390
54
1179
100
1414
1414
54
1414
1414
54
1414
1414
54
54
100
185
1390
1343
100
291
1390
54
1390
1244
100
1414
54
100
100
1414
1414
54
1414
183
1390
54
54
1414
726
1414
1414
1414
1414
1414
1414
1414
1414
54
54
1414
1414
1414
54
1414
54
100
1414
94
1414
1414
1414
951
54
54
54
100
1414
1414
1414
1414
1414
183
1390
100
1414
66
66
66
66
66
74
100
1414
74
100
1414
1414
74
74
1414
1414
74
74
1414
1414
1414
1414
1414
74
82
82
82
82
1414
1414
912
1414
1414
82
82
90
90
100
1414
1414
1414
1414
1414
1414
1414
1414
90
90
90
90
90
90
90
90
1414
1414
1414
1414
1414
1414
90
90
90
90
90
90
1414
1414
1414
1414
90
90
90
90
1414
1414
90
90
1414
1414
90
90
1247
1414
1414
1414
1414
100
90
90
90
90
121
1414
1414
1414
1414
82
82
82
74
1414
1414
1414
1414
74
74
74
74
66
1414
1414
1414
1414
1414
1414
1414
1414
66
66
66
66
54
54
1414
1414
1414
1414
1414
1414
1414
1414
54
1414
1414
1414
1414
1414
1414
54
1414
1414
1414
54
1414
1414
1414
54
1414
1414
54
1414
1414
54
1414
1414
54
1414
1414
1414
54
1414
1414
1414
54
1414
1414
54
1414
1414
54
1414
1414
1414
1414
1414
1414
1414
1414
1414
54
1414
1414
1414
1414
1414
54
1414
1414
1414
54
1414
1414
54
1414
1414
1414
54
1414
1414
54
1414
1414
54
1414
1414
54
1414
1414
1414
54
1414
1414
1414
1414
1414
1414
1414
1414
1414
54
1414
1414
1414
1414
54
1414
54
1414
1414
1414
54
1414
1414
1414
54
1414
1414
54
1414
1414
54
1414
1414
1414
54
1414
1414
54
1414
1414
54
54
1414
1414
54
1414
1414
1414
1414
1414
54
1414
1414
1414
1414
54
1414
1414
1414
1414
1414
54
1414
1414
1414
1414
54
873
54
1414
1414
1414
1414
1414
54
1414
1414
1414
1414
1414
1414
54
1414
1414
54
1414
1414
1414
1414
1414
1414
1414
54
1414
1414
1414
1414
1414
1414
54
54
54
1414
1414
54
1414
1414
1302
54
54
54
100
1414
1414
1414
54
1414
1414
54
1414
1414
1414
1414
1414
54
1414
1414
1414
1414
1414
1414
316
54
1414
1414
1414
54
1414
66
1414
54
54
276
1414
1414
1414
54
812
1414
1414
1414
1414
1414
1414
1414
100
54
1414
1414
1414
54
1414
1414
1414
54
1414
1414
1414
54
1414
1414
54
1414
1414
1414
1414
1414
1414
1414
54
1414
54
1414
1414
54
1414
1414
1414
54
1414
1414
1414
1414
1414
54
1414
1414
1414
1414
1414
1414
1414
54
1414
54
1414
1414
1414
54
495
1414
1414
100
54
1414
1414
132
1414
1414
331
100
1414
54
54
1414
1414
1414
54
1414
1414
1414
54
100
1207
1414
1414
1414
1414
1414
1414
1414
1414
1414
1414
54
1414
1414
1414
1414
1414
54
1414
1414
1414
1414
1414
1414
54
1414
1414
1414
54
1414
1414
1414
1414
1414
1414
54
1414
1414
1414
1414
1414
54
131
618
100
100
1414
1414
1414
1414
54
1414
1414
1414
54
1414
1414
1414
1414
1414
1414
1414
54
1414
1414
54
54
1414
54
1414
1414
1414
1414
54
1414
1414
1414
1414
1414
1414
1414
54
1414
1414
1414
1414
1414
1414
1414
54
1414
1414
1414
1414
54
1414
1414
1414
54
1414
1414
1414
54
1414
1414
54
1414
1414
1414
1414
1414
1414
54
1414
1414
1414
1414
1414
1414
1414
1414
1414
1414
54
1414
1414
1414
54
54
1414
1414
1414
1414
1414
54
1414
1414
1414
54
1414
1414
1414
1414
54
1414
1414
54
1414
1414
1414
54
1414
1414
1414
54
1414
1414
1414
1414
54
1414
54
1414
1414
1414
54
1414
1414
54
1414
1414
1414
1414
54
1414
1414
1414
54
1414
54
1414
54
1414
1414
54
1356
1414
54
100
1414
54
1414
1414
1414
1414
54
1414
1414
1414
1414
1414
1414
54
1414
1414
1414
1414
54
1414
1414
1414
54
1414
1414
54
1414
1414
54
54
1414
1414
54
1414
54
1414
1414
54
1414
1414
54
1414
1414
54
1414
1414
54
1414
1414
1414
54
1414
1414
54
1414
1414
54
125
92
100
54
54
100
1414
1414
54
1414
1414
54
1414
1414
54
1414
1414
54
1414
1414
54
1414
1414
54
1414
1414
1414
54
1414
1414
1414
1414
54
1414
1414
54
54
1414
1414
1414
54
1414
1414
54
1414
1414
1414
54
54
1414
1414
1414
54
1414
1414
54
1414
1414
54
1414
1414
54
1414
1414
1414
54
1414
1414
54
1414
1414
54
1414
1414
1414
1414
54
1414
1414
66
66
1414
66
1414
1414
66
74
1414
74
1414
66
1414
1414
1414
66
82
90
1414
1414
74
90
1414
1414
90
90
1414
1414
74
82
1414
1414
82
90
1414
1414
90
90
1414
1414
1414
1414
90
90
90
90
1414
1414
1414
90
90
90
1414
1414
90
90
1414
1414
90
90
1414
1414
90
90
1414
1414
1414
1414
1414
1414
1414
1414
1414
90
90
90
90
90
90
90
90
90
1414
1414
1414
1414
54
1414
90
90
90
90
1414
1414
70
54
1414
1414
1414
90
90
90
1414
1414
1414
1414
1414
1414
90
90
90
90
90
90
1414
90
1414
1414
1414
90
90
90
1414
1414
1414
1414
90
90
90
90
1414
1414
1414
1414
1414
1414
1414
1414
102
138
90
90
90
90
90
90
90
90
54
1414
1414
1414
90
90
90
100
1414
1414
1414
1414
1414
1414
90
90
90
90
90
90
1414
1414
1414
1414
1414
1414
1414
90
90
90
90
90
90
90
1414
1414
1414
1414
90
90
90
82
1414
1414
1414
82
90
90
1414
1414
1414
1414
1414
1414
1414
1414
90
90
82
82
90
90
90
74
1414
1414
74
1414
1414
54
1414
347
1414
1414
1414
1414
1414
1414
74
66
66
54
82
82
82
1414
1414
1414
1414
66
82
74
74
1414
1414
66
66
1414
1414
66
66
1414
1414
66
66
1414
1414
66
66
1414
1414
66
66
1414
1414
66
54
1414
1414
54
1414
1414
54
1414
109
709
100
54
54
1414
1414
100
1414
1414
54
54
1414
1414
54
1414
1414
54
1414
1414
1414
54
54
1414
1414
1414
54
54
1414
1414
1414
1414
54
1414
1414
1414
54
54
1414
1414
54
1414
1414
1414
54
1414
54
1414
1414
1414
1414
1414
54
54
1414
1414
54
54
1414
66
1414
1414
1414
1414
1414
66
66
66
54
1414
1414
118
1414
66
54
1414
1414
66
66
1414
1414
66
66
1414
1414
66
66
1414
1414
1414
1414
1414
66
66
66
66
66
1360
1414
1414
1414
1414
66
66
66
66
1414
1414
66
66
1414
1414
66
66
1414
1414
66
66
1414
1414
1414
66
66
66
1414
1414
1414
66
54
1414
54
1414
54
1414
1414
54
1414
1414
54
1414
54
1414
1414
54
1414
1414
54
1414
1403
54
1414
1414
1414
1414
1414
1414
1414
1414
132
1390
1414
54
54
1366
1390
1390
54
1390
1390
1390
1390
54
1390
1390
1414
1414
1414
1414
1414
1414
1414
1414
54
54
1414
1414
1414
1414
1414
54
1414
1414
54
1414
1414
54
1414
1414
1414
1414
1414
1414
54
1414
54
54
1414
1414
1414
54
1414
1414
54
1414
1414
1414
54
1414
1414
1414
54
1414
54
1414
1414
1414
54
66
66
1414
54
1414
1414
1414
54
1414
54
1414
1414
1414
1414
1414
1414
1414
1414
1414
1414
54
1414
1414
1414
1414
1414
1414
1414
1414
54
1414
1414
1414
54
1414
54
1414
1414
54
1414
1414
54
1414
1414
54
1414
1414
54
1414
1414
1414
1414
54
1414
1414
54
1414
1414
54
1414
1414
1414
54
1414
1414
54
1414
1414
54
1414
54
1414
1414
1414
54
1414
1414
54
1414
1414
1414
1414
1414
1414
1414
1414
1414
54
1414
1414
1414
1414
1414
54
1414
1414
358
1414
54
1414
1414
1414
54
1414
1414
54
1110
1414
54
1414
1414
54
1414
1414
54
1414
1414
1414
1414
1414
1414
1414
1414
1414
1414
54
1414
1414
1414
1414
54
1414
1414
1414
1414
1414
54
1414
1414
54
1414
1414
1414
1414
54
1414
1414
54
1414
1414
54
1414
1414
54
1414
1414
54
1414
1414
66
54
66
1414
1414
1414
1414
54
54
54
276
1414
1414
1414
276
54
1414
1414
1414
54
1414
1414
1414
54
1414
1414
1414
1414
1414
54
1414
1414
1414
54
1414
1414
54
1414
1414
54
1414
1414
54
1414
1414
54
1414
1414
54
1414
54
1414
1414
54
1414
1414
54
1414
1414
54
1414
1414
1414
1414
54
1414
1414
54
1414
1414
1414
54
1414
1414
54
1414
1414
54
1414
1414
1414
1414
54
54
1414
1414
54
1414
1414
54
1414
1414
1414
54
1414
1414
54
1414
1414
1414
1414
54
1414
1414
54
1414
1414
54
1414
1414
54
1414
1414
54
1414
1414
1414
1414
1414
1414
1414
54
1414
1414
1414
1414
54
1414
1414
1414
1414
54
1414
1414
1414
1414
54
1414
1414
54
1414
1414
1414
54
1414
1414
54
1414
1414
54
1414
1414
54
1414
1414
1414
54
1414
1414
54
1414
54
1414
1414
54
1414
1414
1414
1414
422
54
1414
1414
54
1414
54
1414
1414
54
1414
1414
54
1414
1414
54
1414
1414
54
1414
1414
1414
54
1414
1414
54
1414
1414
54
1414
1414
54
1414
1414
54
1414
1414
54
1414
54
1414
1414
54
1414
1414
54
1414
1414
1414
1414
54
1414
1414
1414
1414
1414
1414
54
1414
1414
1414
54
1414
1414
1414
1414
54
54
1414
1414
54
1414
1414
1414
1414
54
1414
1414
1414
54
66
1414
1414
54
1414
1414
54
1414
1414
54
1414
1414
54
1414
1414
54
1414
1414
1414
54
54
1414
1414
1354
1046
54
54
1414
1414
1414
913
54
1414
1414
1354
1414
54
54
1414
1414
1414
54
1414
1414
54
345
1414
1414
54
1414
1414
54
345
100
1414
1414
1414
1414
54
1414
1414
1414
54
1414
1414
1414
1414
1414
1414
1414
1414
54
1414
1414
1414
1414
54
1414
1414
1414
54
1414
1414
54
1414
1414
54
54
54
1414
1414
54
1414
1414
54
107
104
96
1414
1414
1414
1414
1414
1414
54
1392
155
133
1414
1414
1414
54
1414
1414
1414
1414
1414
1414
54
1414
1414
1414
1414
54
1414
1414
54
1414
1414
1414
1414
1414
54
1414
1414
1414
54
1414
1414
54
1414
1414
1414
54
1414
1414
54
1414
1414
54
1414
54
1414
1414
54
1414
1414
54
1414
1414
54
1414
1414
1414
54
1414
1414
54
1414
54
1414
1414
54
1414
1414
54
1414
1414
1414
1414
54
1414
1414
54
1414
1414
163
1414
1414
1414
1414
1414
1414
54
1414
1414
54
1414
1414
54
1414
1414
54
1414
1414
1414
54
1414
1414
54
345
1414
1414
54
1414
1414
1414
1414
54
1414
1414
1414
54
1414
1414
54
1414
1414
54
107
104
96
292
1414
1414
1414
1414
1414
1414
1414
1414
1414
1414
54
1414
1414
1414
1414
1414
54
1414
1414
54
1414
1414
1414
54
1414
1414
54
1414
1414
1414
1414
66
54
54
276
1414
1414
1414
54
1414
1414
1414
54
1414
1414
54
1414
1414
54
1414
1414
54
1414
1414
54
1414
348
110
96
1414
54
54
92
1414
1414
54
1414
1414
54
1414
1414
54
1414
348
54
110
96
54
1414
1414
54
1414
1414
54
1414
1414
54
1414
1414
54
1414
1414
54
1414
1414
54
1414
1414
54
1414
1414
54
1414
1414
1414
1414
54
1414
1414
1414
54
1414
1414
54
1414
1414
54
1414
1414
54
1414
1414
1414
1414
1414
54
1414
1414
1414
54
1414
1414
54
1414
1414
54
1414
1414
1414
1414
54
1414
92
1414
1414
54
1414
1414
1414
1414
1414
54
1414
1414
54
54
1414
1414
1414
54
1414
1414
1414
54
1414
447
1390
54
1390
1390
54
1390
1390
54
1390
1390
54
1390
54
1390
1390
54
1390
1414
1414
1414
1414
1414
1414
1414
1414
54
1414
1414
1414
1414
1414
54
1414
1414
1414
54
1414
1414
1414
54
1414
1414
54
1414
1414
54
1414
1414
54
1414
1414
54
1414
1414
54
1414
1414
1414
1414
1414
1414
1414
1414
54
1414
1414
1414
1414
54
1414
1414
54
1414
1414
1414
54
1414
1414
54
1414
1414
54
1414
1414
54
1414
54
1414
54
1414
1414
54
1414
54
348
110
96
54
92
1414
1414
1414
1414
54
1414
1414
54
1414
1414
54
1414
1414
54
1414
1414
54
1414
1414
54
1414
1414
1414
1414
54
54
1414
1414
1414
54
1414
1414
54
1414
1414
54
1414
1414
54
1414
54
92
54
1414
1414
54
1414
1414
54
54
1414
1414
1414
1414
1414
1414
54
1414
1414
1414
1414
1414
1414
54
1414
1414
1354
1414
54
1414
1414
1414
54
1414
1414
54
1414
1414
54
1414
1414
54
1414
345
1414
1414
54
1414
1414
54
1414
1414
1414
1414
54
1414
1414
1414
54
1414
1414
54
1414
455
54
1414
1390
312
100
54
54
100
1414
1414
1414
54
1414
1414
1414
1414
1414
1414
1414
54
1414
1414
1414
54
1414
1414
54
1414
1414
54
1414
1414
54
1414
1414
54
1414
1414
54
1414
1414
54
1414
1414
54
1414
1414
54
1414
1414
54
1414
54
1414
1414
54
1414
1414
54
1414
1414
1414
358
54
100
1414
1414
54
1414
1414
54
1366
1414
54
1158
1414
54
1414
1414
54
1414
1414
1414
54
54
214
1414
1414
54
1414
1414
54
1342
54
1414
1414
54
1414
1414
54
1414
1414
1414
54
1414
1414
54
66
1414
1414
1414
1414
54
1414
1414
1414
54
1414
1414
1414
1414
54
1251
1414
1414
1414
54
1414
1414
54
1414
1414
1414
1414
1414
1414
1414
1414
1414
1414
54
1414
1414
1414
54
1414
1414
1414
1414
1414
1414
1414
54
1414
1414
1414
54
1414
1414
1414
1414
1414
54
1414
1414
1414
54
1414
1414
1414
1414
1414
1414
1414
1414
1414
54
1414
1414
1414
1414
54
1414
1414
54
1414
1414
54
1414
1414
54
136
1414
1414
54
1414
1414
54
66
1414
1414
54
1414
1414
54
1414
1414
54
1414
1414
54
1414
1414
1414
1414
1414
1414
1414
54
1414
1414
1414
1414
1414
1414
1414
1414
1414
1414
54
348
110
54
96
1414
1414
1414
54
1414
1414
54
1414
1414
54
1414
1414
1414
1414
1414
1414
1414
54
1414
1414
1414
1414
1414
54
1414
1414
1414
54
1414
1414
54
1414
1414
54
1414
1414
1414
54
1414
1414
54
1414
1414
1414
54
1414
1414
1414
1414
54
1414
1414
1414
54
1414
1414
54
1414
1414
54
1414
1414
54
1414
1414
54
1414
54
1414
1414
54
1414
1414
54
1326
1414
1414
54
1414
1414
54
1414
1414
54
1414
1414
54
1414
1414
54
1414
1414
54
1414
1414
1414
1414
54
54
1414
1414
1414
54
1414
1414
54
1414
1414
54
1414
454
1014
54
100
1414
1414
54
1414
54
1414
1414
54
1414
1414
54
1414
1414
54
1414
1414
54
1414
511
54
1414
1414
54
1414
66
1414
54
54
1414
1414
54
100
279
1414
1414
1414
1414
54
1414
1414
54
1414
1414
1414
54
1414
54
1414
1414
1414
1414
1414
1414
54
1414
1414
1414
54
1414
1414
54
1414
1414
1414
1414
54
1414
1414
54
1414
1414
54
1414
1414
54
1414
1414
155
237
100
1414
1414
54
54
100
1414
1414
1414
54
1414
1414
1414
1414
1414
1414
1414
1414
54
1414
1414
1414
1414
1414
1414
1414
54
1414
1414
1414
124
237
100
54
1414
1414
1414
54
54
100
1414
1414
1414
1414
66
1414
54
54
271
1414
1414
1414
54
245
100
1414
1414
1414
1414
1414
1414
1414
1414
54
1414
1414
1414
1414
54
1414
1414
1414
54
1414
1414
1414
54
1414
1414
54
1414
54
1414
1414
1414
1414
1414
1414
1414
1414
54
1414
1414
1414
1414
54
1414
1414
1414
1414
1414
1414
1414
54
1414
1414
1414
1414
54
1414
54
1414
54
54
1414
1414
1414
1414
54
1414
1414
1414
54
1414
1414
1414
54
1414
1414
54
1414
1414
54
1414
1414
54
1414
1414
1414
1414
1414
1414
54
1414
1414
1414
54
1414
1414
1414
54
1414
1414
54
1414
1414
54
1414
1414
54
1414
1414
1414
54
1414
1414
54
1414
1414
54
1414
1414
54
1414
1414
54
1414
1414
54
1414
1414
1414
54
1414
1414
54
1414
1414
54
1414
1414
54
1414
1414
54
1414
54
1414
1414
54
1414
1414
54
1414
1414
54
1414
1414
1414
54
1414
54
1414
1414
1414
54
54
1414
1414
1414
54
1414
1414
1414
54
1369
1414
54
1414
1414
54
1414
1414
1414
54
1414
1414
54
1414
1414
54
1414
54
1414
1414
54
345
1414
1414
54
1414
1414
54
1414
1414
54
1414
1414
54
1414
1414
54
1414
1414
54
1414
1414
54
1414
1414
54
1414
1414
54
1414
1414
1414
54
1414
1414
54
1414
1414
1414
54
107
104
96
1414
1414
54
299
1414
1414
54
1414
1414
54
1414
1414
1414
1414
54
1414
1414
54
1414
1414
1414
54
1414
1414
54
1414
1414
1414
54
1414
1414
1414
54
1414
1414
54
1414
1414
54
1414
54
1414
1414
54
1414
1414
54
1414
1414
1414
1414
54
1414
54
1414
54
1414
1414
1414
54
1414
1414
54
1414
70
163
1414
100
1414
1414
54
54
1414
1414
1414
54
1414
1414
1414
54
1414
1414
54
1414
1414
54
345
1414
1414
54
1414
1414
54
1414
1414
1414
54
1414
1414
1414
54
1414
1414
54
54
1414
1414
1414
54
1414
1414
54
1414
177
384
1414
1414
1414
1414
54
54
100
107
104
96
1414
163
168
1414
1414
1414
1414
54
1414
1414
1414
1414
1414
1414
1414
1414
54
1414
54
1414
1414
1414
54
1414
1414
54
1414
1414
1414
1414
1414
1414
1414
1414
1414
1414
54
1414
1414
1414
1414
1414
1414
1414
54
1414
1414
1414
1414
1414
1414
1414
1414
1414
1414
54
1414
54
1414
1414
54
1414
1414
1414
1414
1414
1414
54
54
1414
1414
54
1414
1414
348
110
96
54
54
92
1414
1414
54
1414
1414
1414
1414
1414
1414
54
1414
1414
1414
54
1414
1414
54
1414
1414
54
1414
54
1414
1414
54
1414
54
92
1414
54
1414
1414
1414
341
54
54
1390
1390
54
1390
1390
54
1390
1390
54
1390
1390
54
1390
1390
54
1414
1414
54
1414
1414
54
1414
54
1414
1414
54
1414
1414
54
1414
1414
54
1414
1414
54
1414
1414
1414
1414
54
1414
1414
54
1414
1414
54
1414
1414
54
1414
1414
54
1414
1414
1414
1414
1414
54
1414
1414
54
1414
1414
54
1414
1414
54
1414
1414
54
1414
1414
54
1414
1414
54
1414
1414
54
1414
1414
1414
54
1414
1414
54
1414
1414
54
1414
1414
54
1414
1414
54
1414
1414
54
1414
1414
1414
54
1414
1414
54
1414
1414
1414
1414
54
1414
1414
54
1414
1414
54
1414
1414
54
1414
1414
54
1414
1414
54
1414
54
1414
1414
54
1414
1414
54
1414
1414
54
1414
1414
54
1414
1414
54
1414
1414
54
1414
1414
54
1414
1414
54
1414
1414
54
1414
1414
54
1414
348
1414
54
1414
110
96
1414
1414
54
54
92
1414
1414
54
1414
1414
1414
1414
54
1414
1414
54
1414
1414
54
1414
1414
54
1414
1414
54
1414
54
1414
1414
1414
54
1414
1414
1414
54
1414
1414
54
1414
1414
54
1414
1414
54
1414
92
1414
54
1414
1414
54
1414
1414
54
1414
1414
54
1414
1414
54
1414
1414
54
1414
1414
1414
54
1414
1414
54
1414
54
1414
200
92
100
1414
1414
1414
1414
1414
1414
54
54
232
92
100
1414
1414
1414
54
54
100
100
1393
1414
1414
1414
1414
54
54
1414
1414
1414
1414
54
1414
1414
1414
54
1414
1414
54
1414
1414
54
1414
1414
54
1414
1414
54
1414
1414
1414
54
1414
54
1414
1414
331
1414
1414
1158
1414
1414
1414
54
54
1414
1414
1414
1414
54
54
1414
1366
1414
66
66
1414
1414
1414
1302
74
54
1414
1414
1414
1414
1414
1414
1414
66
66
74
82
82
82
82
1414
1414
82
82
1271
1414
1414
82
82
1414
1414
1414
1414
1414
1414
82
82
82
82
82
82
1414
1414
1414
1414
82
82
82
82
1414
1414
1414
82
82
82
1414
1414
82
82
1414
1414
82
82
1414
1414
82
82
1414
1414
82
82
1414
82
1414
1414
82
82
1414
1414
82
82
1414
1414
1414
1414
82
82
82
82
1414
1414
1414
82
82
82
1414
1414
82
82
1414
1414
82
82
1414
1414
82
82
1414
1414
1414
82
82
74
1414
66
1414
1414
54
1414
1414
1414
1414
1414
54
1414
1414
54
1414
1414
54
1414
1414
54
1414
1414
1414
54
1414
1414
54
1414
54
1414
1414
54
1414
1414
54
1414
1414
54
1414
1414
1414
1414
54
1414
1414
54
1414
1414
54
1414
1414
1414
1414
1414
54
1414
1414
1414
54
1414
1414
1414
54
1414
1414
54
1414
54
1414
1414
54
1414
1414
54
1414
1414
54
1414
1414
54
1414
1414
1414
54
1414
54
1414
1414
1414
54
1414
1414
1414
54
1414
1414
54
1414
1414
54
1414
1414
54
1414
1414
54
1414
1414
54
1414
1414
54
1414
1414
54
1414
1414
1414
1414
1414
1414
54
1414
1414
97
1414
1414
74
74
74
54
1414
1414
54
1414
1414
1414
1414
54
1357
1414
1414
1414
54
1414
54
1414
1414
1414
54
1414
1414
1414
1414
1414
54
1414
1414
1414
1414
54
1414
1414
54
1414
1414
74
1414
1414
74
74
1371
1414
74
54
1414
1414
1414
1414
54
1414
1414
54
1414
1414
54
1414
1414
118
74
74
74
1414
1414
54
1414
1414
1414
54
1414
1414
1414
214
66
54
1414
54
1414
54
1414
1414
54
1414
54
1414
1414
1414
1414
1414
1414
1414
1414
54
54
1414
1414
1414
1414
54
1414
1414
54
1414
1414
54
1414
1414
1414
54
1414
1414
54
1414
1414
54
1414
54
1414
1414
54
1414
54
1414
54
1414
1414
1414
1414
54
1414
1414
1414
1414
1414
1414
1414
1414
54
54
1414
1414
1414
54
1414
1414
54
1414
1414
233
1390
1390
54
54
1184
100
1414
1414
54
54
54
100
1414
1414
1414
1414
1414
54
54
1414
1414
1414
54
1414
1414
1414
1414
1414
1414
1414
54
54
1414
1414
1414
1414
54
54
1414
1414
54
1414
1414
54
1414
1414
54
1414
1414
1414
1414
54
54
1414
1414
1414
54
1414
1414
54
1414
1414
66
1414
1414
1414
1414
1414
1414
66
66
66
66
66
1414
1414
66
66
1414
1414
1414
66
66
66
1414
1414
66
66
1414
1414
66
66
1414
1414
66
66
1414
1414
66
66
1414
1414
66
66
1414
66
1414
1414
66
74
1414
1414
74
74
1414
1414
74
66
1414
1414
1414
1414
66
66
66
74
1414
1414
74
74
1414
1414
1414
1414
74
66
66
74
1414
1414
1414
66
74
66
1414
1414
1414
1414
74
74
66
66
1414
1414
74
74
1414
1414
74
74
1414
1414
66
66
1414
74
1414
1414
74
74
1414
1414
74
66
1414
1414
66
74
1414
1414
74
74
1414
1414
66
82
1414
1414
74
74
1414
74
1414
74
1414
1414
1414
1414
82
74
74
74
1414
1414
1414
74
74
74
1414
1414
74
74
1414
1414
74
66
1414
1414
66
66
1414
1414
74
74
1414
1414
66
66
1414
74
1414
66
1414
1414
1414
1414
74
66
74
66
1414
1414
1414
1350
1414
754
1414
1414
1414
1414
74
66
74
74
74
66
54
1414
1414
1414
1414
1414
1414
1414
1414
1414
537
54
66
66
66
54
54
100
1414
1414
1414
1414
1414
1414
54
1414
54
1414
1414
54
1414
1414
54
1414
1414
1414
54
1414
1414
54
1414
54
1414
1414
54
1414
1414
54
1414
1414
54
1414
1414
1414
1414
1414
1414
1414
1414
54
1414
1357
1414
54
1414
1414
54
1414
1414
54
1414
1414
54
1414
1414
1414
1414
1414
1414
1414
1414
1414
1414
54
1414
1414
1414
1414
1414
54
1414
54
250
1414
1414
54
1414
1414
54
1414
1414
54
54
1414
1414
54
1414
1414
54
1414
1414
54
1414
1414
54
1414
1414
54
1414
1414
1414
1414
1414
1414
54
1414
1414
54
1414
1414
54
1414
1414
54
1414
1414
1414
1414
1414
54
1414
1414
1414
1414
1414
1414
1414
1414
1414
54
54
67
1414
1414
1414
1414
1414
1414
1414
1414
1414
1414
1414
54
1414
1414
54
1414
1414
54
1414
1414
1414
1414
1414
1414
1414
1414
1414
1414
54
1414
1414
1414
54
54
205
1390
662
54
54
100
54
100
54
1414
1414
54
1414
1414
54
1414
1414
54
1414
1414
54
1414
1414
1414
1414
54
1414
1414
54
1414
1414
54
1414
1414
54
1414
1414
54
1414
1414
1414
54
1414
54
1414
1414
54
1414
1414
54
1414
1414
54
1414
1414
54
1414
1414
54
1414
1414
54
1414
1414
54
1414
1414
54
1414
1414
54
1414
1414
1414
54
1414
54
1414
1414
54
1414
1414
54
1414
1414
54
1414
1414
1414
54
1414
1414
54
1414
1414
54
1360
1414
1414
1414
1414
1414
1414
1414
1414
1414
1414
54
1414
1414
54
1414
54
1414
1414
1414
1414
1414
1414
54
1414
1414
1414
54
1414
1414
1414
54
1414
1414
54
1414
1414
54
1414
1414
54
1414
1414
54
1414
1414
1414
54
1414
1414
1414
1414
54
1414
54
1414
1414
1414
54
1414
1414
54
1414
1414
54
1414
1414
54
1414
1414
54
1414
1414
54
1414
1414
54
1414
1414
54
1414
1414
54
1414
1414
54
1414
1414
54
1414
1414
54
1414
54
1414
1414
54
1414
1414
54
1414
1414
1414
1414
54
1414
1414
54
1414
1414
1414
1414
1414
1414
1414
1414
1414
1414
54
1414
1414
1414
1414
1414
54
54
1414
1414
1414
1414
1414
1414
1414
1414
54
1414
1414
1414
1414
1414
54
54
1414
1414
1414
54
1414
1414
54
1414
1414
54
1414
54
1414
1414
54
1414
1414
1414
1414
54
1414
1414
54
1414
1414
1414
1414
1414
1414
1414
1414
1414
54
54
1414
1414
1414
1414
54
1414
1414
1414
1414
1414
1414
1414
54
1414
1414
54
54
1414
1414
54
1414
1414
1414
1414
1414
1414
54
54
1414
1414
1414
1414
1414
1414
1414
1414
1414
1414
54
54
1414
1414
1414
1414
1414
54
1414
1414
1414
1414
1414
1414
54
1414
1414
1414
54
1414
1414
1414
1414
1414
1414
1414
1414
54
54
1414
54
1414
1414
1414
1414
1414
1414
1414
1414
1414
1414
54
54
1414
1414
1414
54
1414
1414
1414
1414
1414
1414
1414
54
54
1414
1414
1414
1414
54
54
1414
1414
1414
1414
1414
1414
1414
1414
54
54
1414
1414
1414
1414
1414
54
1414
1414
1414
54
1414
1414
1414
54
54
1414
1414
54
1414
1414
1414
54
1414
1414
1414
1414
54
1414
1414
1414
1414
1066
1414
54
54
1414
1414
1414
54
1414
1414
1414
54
1414
1414
54
1414
1414
1414
54
1414
54
1414
1414
54
1414
1414
54
1414
1414
1414
54
1414
54
1414
1414
54
1414
1414
54
1414
1414
1414
54
1414
1414
54
1414
54
1414
1414
54
1414
1414
54
1414
1414
54
1414
1414
1414
54
1414
54
1414
1414
54
1414
1414
1414
1414
1414
1414
1414
1414
54
1414
1414
1414
1414
54
1414
1414
1414
1414
54
1414
1414
1414
54
1414
54
1414
1414
1414
1414
1414
1414
54
1414
1414
54
1414
1414
54
1414
1414
54
1414
1414
1414
1414
1414
54
1414
1414
1414
54
1414
1414
1414
1414
54
1414
1414
54
1414
1414
54
1414
1414
54
1414
1414
54
1414
1414
54
1414
1414
54
1414
1414
54
1414
1414
1414
1414
1414
1414
54
1414
1414
54
1414
1414
54
1414
1414
54
1414
1414
54
1414
1414
54
1414
1414
1414
54
1414
1414
54
1414
54
1414
1414
54
1414
1414
54
1414
1414
54
1414
1414
1414
54
1414
54
1414
1414
1414
1414
54
1414
1414
1414
1414
54
1414
1414
54
1414
1414
1414
54
1414
1414
54
1414
1414
54
1414
1414
54
1414
1414
1414
1414
54
1414
1414
54
1414
1414
54
1414
1414
54
1414
1414
54
1414
54
1414
1414
1414
54
1414
1414
54
1414
1414
54
1414
54
1414
1414
1414
54
1414
1414
1414
54
1414
1414
54
1414
1414
54
1414
1414
54
1414
1414
54
1414
1414
54
1414
1414
54
1414
1414
1414
54
1414
1414
54
1414
54
1414
1414
54
1414
1414
54
1414
1414
54
1414
1414
54
1414
1414
54
1414
1414
1414
1414
1414
1414
1414
1414
1414
1414
54
1414
1414
1414
1414
1414
1414
1414
54
1414
1414
1414
1414
1414
1414
54
1414
54
1414
1414
54
1414
1414
54
1414
1414
54
1414
1414
1414
54
1414
1414
54
1414
1414
54
1414
1414
1414
54
1414
1414
1414
1414
54
1414
1414
54
1414
1414
54
1414
1414
1414
1414
1414
1414
1414
54
1414
1414
1414
1414
54
1414
1414
1414
54
1414
1414
1414
1414
54
1414
1414
54
1414
1414
54
1414
1414
54
1414
1414
1414
1414
1414
1414
1414
1414
1414
54
1414
1414
1414
1414
1414
1414
54
1414
1414
1414
1414
1414
54
1414
1414
1414
54
1414
54
1414
1414
54
1414
1414
1414
1414
1414
1414
54
1414
1414
1414
54
1414
1414
54
1414
1414
54
1414
54
1414
1414
54
1414
1414
54
1414
1414
1414
54
1414
1414
54
1414
1414
54
1414
1414
54
1414
1414
54
1414
1414
54
1414
1414
54
1414
1414
54
1414
1414
54
1414
1414
54
1414
1414
54
1414
1414
1414
54
1414
1414
1414
54
1414
1414
1414
54
1414
1414
54
1414
1414
54
1414
1414
54
1414
1414
54
1414
1414
54
1414
1414
1414
54
1414
1414
54
1414
1414
54
1414
1414
54
1414
1414
54
1414
1414
54
1414
54
1414
1414
54
1414
1414
54
1414
1414
54
1414
1414
54
1414
1414
54
1414
1414
54
1414
1414
54
1414
1414
1414
54
1414
1414
54
1414
1414
54
1414
1414
54
1414
1414
54
1414
1414
1414
1414
1414
1414
54
1414
1414
1414
54
1414
1414
1414
54
1414
1414
54
1414
1414
54
1414
1414
1414
54
1414
1414
1414
1414
1414
1414
1414
1414
54
1414
1414
54
1414
1414
1414
54
1414
54
1414
1414
54
1414
1414
1414
54
1414
1414
54
1414
1414
54
1414
1414
1414
1414
54
1414
1414
54
1414
1414
54
1414
1414
54
1414
1414
1414
54
1414
1414
1414
54
1414
1414
54
1414
54
1414
1414
54
1414
1414
54
1414
1414
1414
54
1414
1414
54
1414
1414
54
1414
1414
54
1414
1414
1414
1414
1414
1414
1414
1414
1414
54
1414
1414
1414
1414
54
1414
1414
1414
1414
54
1414
1414
54
1414
1414
1414
1414
54
1414
1414
1414
1414
54
1414
1414
54
1414
1414
54
1414
1414
1414
1414
1414
1414
1414
1414
1414
1414
54
1414
1414
1414
1414
1414
1414
54
1414
1414
1414
54
1414
1414
54
1414
1414
54
1414
1414
1414
1414
54
1414
1414
1414
54
1414
1414
54
1414
1414
1414
54
1414
54
1414
1414
54
1414
1414
1414
54
1414
54
1414
1414
54
1414
1414
54
1414
1414
54
1414
1414
54
1414
1414
54
1414
1414
54
1414
1414
54
1414
1414
54
1414
1414
54
1414
1414
1414
54
1414
1414
1414
1414
54
1414
1414
1414
54
1414
1414
54
1414
1414
1414
54
1414
1414
54
1414
1414
54
1414
1414
54
1414
1414
54
1414
1414
54
1414
1414
1414
1414
1414
54
1414
1414
54
1414
1414
54
1414
1414
54
1414
1414
1414
1414
54
1414
1414
54
1414
1414
54
1414
1414
1414
54
1414
1414
1414
1414
54
1414
1414
54
1414
1414
1414
54
1414
1414
1414
54
1414
1414
54
1414
1414
1414
1414
54
1414
1414
1414
54
1414
1414
1414
1414
54
1414
1414
1414
54
1414
1414
54
1414
1414
54
1414
1414
54
1414
1414
1414
1414
1414
1414
54
1414
1414
1414
54
1414
1414
54
1414
1414
54
1414
1414
54
1414
1414
54
1414
1414
1414
1414
1414
54
1414
1414
1414
54
1414
1414
1414
54
1414
1414
54
1414
1414
54
1414
1414
54
1414
1414
54
1414
1414
54
1414
1414
54
1414
1414
54
1414
54
1414
1414
1414
1414
1414
54
1414
1414
1414
54
1414
1414
1414
1414
1414
1414
54
1414
1414
1414
54
1414
1414
1414
1414
1414
1414
1414
1414
1414
1414
54
1414
1414
1414
1414
1414
54
1414
1414
54
1414
1414
54
1414
1414
54
1414
1414
1414
54
1414
1414
54
1414
1414
1414
54
1414
1414
1414
1414
1414
1414
1414
1414
54
1414
1414
1414
1414
1414
54
1414
54
1414
1414
1414
54
1414
1414
54
1414
1414
1414
54
1414
1414
1414
54
1414
54
1414
1414
54
1414
1414
1414
1414
1414
1414
1414
1414
1414
54
1414
1414
1414
1414
54
1414
1414
1414
54
1414
1414
1414
1414
54
1414
1414
54
1414
1414
54
1414
1414
54
1414
1414
54
1414
1414
54
1414
1414
1414
54
1414
54
1414
1414
1414
54
1414
1414
54
1414
1414
54
1414
1414
54
1414
1414
54
1414
1414
54
1414
1414
54
1414
54
1414
1414
1414
1414
1414
1414
54
1414
1414
54
1414
1414
1414
54
1414
1414
54
1414
1414
54
1414
1414
1414
1414
54
1414
1414
1414
54
1414
1414
1414
54
1414
1414
54
1414
54
1414
1414
54
1414
1414
1414
54
1414
1414
54
1414
1414
54
1414
54
1414
1414
54
1414
1414
1414
54
1414
1414
54
1414
1414
54
1414
1414
54
1414
1414
54
1414
54
1414
1414
54
1414
1414
1414
1414
1414
1414
1414
1414
1414
1414
54
1414
1414
1414
1414
1414
1414
1414
1414
1414
54
1414
1414
1414
1414
1414
54
1414
1414
1414
1414
1414
1414
1414
54
1414
54
1414
1414
54
1414
1414
54
1414
1414
1414
54
1414
1414
54
1414
1414
54
1414
1414
54
1414
1414
54
1414
1414
54
1414
1414
54
1414
54
1414
1414
1414
54
1414
1414
54
1414
1414
54
1414
1414
54
1414
54
1414
1414
54
1414
1414
1414
1414
1414
1414
1414
1414
1414
1414
54
1414
1414
1414
1414
1414
1414
54
1414
1414
1414
1414
54
1414
1414
1414
54
1414
54
1414
1414
54
1414
1414
54
1414
1414
54
1414
1414
1414
1414
1414
1414
1414
1414
1414
54
1414
1414
1414
1414
1414
54
1414
1414
1414
54
1414
54
1414
1414
54
1414
1414
54
1414
1414
54
1414
1414
1414
54
1414
1414
1414
54
1414
1414
54
1414
1414
1414
1414
1414
1414
1414
54
1414
1414
1414
1414
54
1414
1414
1414
54
1414
1414
54
1414
1414
54
1414
1414
54
1414
1414
1414
54
1414
1414
54
1414
54
1414
1414
1414
54
1414
54
1414
1414
54
1414
1414
54
1414
1414
54
1414
1414
54
1414
1414
54
1414
1414
54
1414
1414
54
1414
1414
54
1414
1414
54
1414
1414
1414
54
1414
1414
54
1414
1414
54
1414
1414
54
1414
54
1414
1414
54
1414
1414
1414
1414
54
1414
1414
1414
54
1414
1414
54
1414
1414
54
1414
1414
54
1414
1414
1414
1414
54
1414
1414
1414
54
1414
1414
54
1414
1414
54
1414
1414
54
1414
1414
1414
54
1414
1414
54
1414
1414
54
1414
1414
54
1414
1414
54
1414
1414
54
1414
1414
54
1414
54
1414
1414
54
1414
1414
54
1414
1414
54
1414
1414
54
1414
1414
54
1414
1414
54
1414
1414
54
1414
1414
54
1414
1414
1414
1414
1414
54
1414
1414
1414
54
1414
1414
54
1414
1414
54
1414
1414
54
1414
1414
1414
54
1414
1414
54
1414
1414
54
1414
1414
1414
54
1414
1414
54
1414
1414
54
1414
1414
1414
54
1414
1414
54
1414
1414
1414
54
1414
1414
54
1414
1414
54
1414
1414
54
1414
1414
54
1414
1414
54
1414
1414
54
1414
1414
1414
1414
1414
1414
1414
1414
1414
1414
54
1414
1414
1414
1414
1414
54
1414
1414
1414
54
1414
1414
54
1414
1414
1414
1414
54
1414
1414
54
1414
1414
54
1414
1414
1414
1414
1414
1414
1414
1414
1414
1414
54
1414
1414
1414
1414
1414
1414
1414
54
1414
1414
1414
54
1414
1414
1414
1414
1414
1414
1414
1414
1414
1414
54
1414
1414
54
1414
1414
1414
1414
1414
1414
1414
54
1414
1414
1414
1414
1414
1414
1414
1414
54
1414
1414
1414
1414
54
1414
1414
1414
54
1414
1414
54
1414
1414
54
1414
1414
1414
1414
1414
54
1414
1414
1414
54
1414
1414
1414
1414
54
1414
1414
54
1414
1414
1414
1414
1414
54
1414
1414
1414
1414
1414
54
1414
1414
1414
54
1414
1414
54
1414
1414
1414
54
1414
1414
1414
1414
1414
1414
1414
54
1414
1414
1414
54
1414
1414
54
1414
1414
54
1414
1414
54
1414
1414
54
1414
1414
54
1414
1414
54
1414
1414
54
1414
1414
54
1414
1414
1414
1414
54
1414
1414
54
1414
1414
54
1414
1414
54
1414
1414
54
1414
1414
54
1414
1414
1414
1414
1414
1414
1414
1414
1414
1414
54
1414
1414
1414
1414
1414
54
1414
1414
1414
1414
54
1414
1414
1414
1414
1414
1414
1414
1414
1414
54
1414
1414
1414
1414
1414
54
1414
1414
54
1414
54
1414
1414
54
1414
1414
54
1414
1414
1414
54
1414
1414
1414
54
1414
1414
1414
54
1414
1414
1414
54
1414
1414
1414
1414
54
1414
1414
1414
54
1414
1414
54
1414
1414
54
1414
1414
54
1414
1414
54
1414
1414
54
1414
1414
1414
1414
54
1414
1414
54
1414
1414
54
1414
1414
1414
1414
1414
1414
1414
54
1414
1414
1414
54
1414
1414
54
1414
1414
1414
1414
1414
1414
54
1414
1414
1414
54
1414
1414
1414
54
1414
1414
54
1414
1414
54
1414
1414
54
1414
54
1414
1414
1414
1414
1414
1414
1414
1414
54
1414
1414
1414
1414
54
1414
1414
54
1414
1414
54
1414
1414
54
1414
1414
1414
1414
54
1414
1414
1414
54
1414
1414
1414
54
1414
1414
1414
1414
1414
1414
1414
1414
1414
1414
54
1414
1414
1414
54
1414
54
1414
1414
54
1414
1414
54
1414
1414
1414
54
1414
1414
1414
54
1414
1414
54
1414
1414
54
1414
1414
54
1414
1414
1414
1414
1414
54
1414
1414
1414
54
1414
1414
1414
1414
1414
54
1414
1414
1414
54
1414
1414
1414
1414
1414
1414
1414
1414
1414
1414
54
1414
1414
1414
1414
1414
1414
1414
1414
1414
1414
54
1414
1414
1414
1414
1414
1414
1414
1414
1414
1414
54
1414
1414
54
1414
1414
54
1414
1414
1414
54
1414
1414
1414
1414
54
1414
54
1414
1414
1414
1414
1414
54
1414
1414
1414
1414
1414
1414
1414
1414
1414
1414
54
1414
1414
54
1414
1414
54
1414
1414
54
1414
54
1414
1414
54
1414
1414
54
1414
1414
54
1414
1414
54
1414
1414
1414
1414
1414
1414
1414
1414
1414
1414
1414
54
1414
1414
54
1414
1414
54
1414
54
1414
1414
54
1414
1414
54
1414
1414
54
1414
1414
54
1414
1414
54
1414
1414
54
1414
1414
54
1414
1414
54
1414
1414
54
1414
1414
1414
1414
1414
54
1414
1414
54
1414
54
1414
1414
54
1414
1414
1414
1414
1414
1414
1414
1414
1414
54
1414
1414
54
1414
1414
1414
1414
54
1414
1414
54
1414
1414
54
1414
1414
54
1414
1414
1414
1414
1414
1414
1414
1414
54
1414
1414
1414
1414
1414
54
1414
1414
1414
54
1414
1414
54
1414
1414
54
1414
1414
1414
54
1414
1414
54
1414
1414
54
1414
1414
54
1414
1414
54
1414
1414
54
1414
1414
1414
1414
1414
1414
1414
1414
1414
1414
54
1414
1414
1414
1414
1414
54
1414
1414
1414
1414
1414
54
1414
1414
1414
1414
1414
1414
54
1414
1414
54
1414
1414
54
1414
1414
1414
1414
1414
1414
1414
54
1414
1414
1414
1414
1414
1414
1414
54
1414
1414
1414
1414
54
1414
1414
1414
54
1414
1414
54
1414
1414
54
1414
1414
54
1414
1414
1414
1414
1414
54
1414
1414
1414
54
1414
1414
1414
54
1414
1414
54
1414
1414
54
1414
1414
1414
1414
1414
1414
1414
1414
1414
1414
1414
54
1414
1414
1414
1414
1414
1414
1414
1414
1414
1414
54
1414
1414
1414
1414
1414
1414
1414
1414
1414
1414
54
1414
1414
1414
1414
1414
1414
1414
1414
1414
1414
54
1414
54
1414
1414
54
1414
1414
1414
54
1414
54
1414
1414
1414
54
1414
54
1414
1414
1414
1414
54
1414
1414
54
1414
1414
54
1414
1414
1414
1414
54
1414
1414
1414
54
1414
1414
1414
54
1414
1414
1414
1414
1414
1414
54
1414
1414
54
1414
1414
54
1414
1414
1414
1414
1414
1414
1414
54
1414
1414
1414
54
1414
1414
54
1414
1414
1414
1414
1414
1414
1414
54
1414
1414
1414
1414
1414
54
1414
1414
1414
54
1414
1414
54
1414
1414
54
1414
1414
1414
54
1414
1414
1414
54
1414
1414
1414
54
1414
1414
54
1414
1414
1414
1414
54
1414
1414
54
1414
1414
1414
1414
1414
54
1414
1414
1414
54
1414
1414
54
1414
1414
54
1414
1414
54
1414
1414
1414
54
1414
1414
54
1414
1414
54
1414
1414
54
1414
1414
54
1414
1414
54
1414
1414
54
1414
1414
54
1414
1414
54
1414
54
1414
1414
54
1414
1414
1414
1414
1414
1414
54
1414
1414
54
1414
1414
54
1414
1414
1414
54
1414
1414
54
1414
1414
1414
54
1414
1414
54
1414
1414
1414
54
1414
1414
1414
54
1414
1414
54
1414
1414
1414
1414
1414
54
1414
1414
1414
54
1414
1414
1414
54
1414
1414
1414
54
1414
1414
1414
54
1414
1414
54
1414
1414
54
1414
1414
54
1414
1414
54
1414
54
1414
1414
54
1414
1414
1414
54
1414
1414
54
1414
1414
54
1414
1414
54
1414
1414
54
1414
1414
54
1414
1414
1414
54
1414
1414
1414
54
1414
1414
54
1414
1414
54
1414
1414
1414
1414
54
1414
1414
54
1414
1414
54
1414
1414
54
1414
1414
1414
1414
54
1414
1414
1414
54
1414
1414
54
1414
1414
54
1414
1414
54
1414
1414
54
1414
1414
54
1414
1414
54
1414
1414
54
1414
1414
54
1414
1414
1414
1414
1414
1414
1414
1414
54
1414
1414
1414
1414
54
1414
1414
1414
54
1414
1414
54
1414
1414
54
1414
1414
54
1414
1414
54
1414
1414
1414
1414
54
1414
1414
54
1414
1414
54
1414
1414
1414
1414
1414
1414
1414
1414
1414
54
1414
1414
1414
1414
1414
1414
54
1414
1414
1414
1414
1414
1414
1414
1414
54
1414
1414
1414
54
1414
54
1414
1414
1414
54
1414
1414
54
1414
1414
54
1414
1414
1414
1414
1414
1414
1414
54
1414
1414
1414
1414
54
1414
1414
1414
54
1414
1414
54
1414
1414
54
1414
1414
54
1414
1414
54
1414
1414
1414
54
1414
1414
1414
54
1414
1414
1414
1414
54
1414
1414
54
1414
1414
54
1414
1414
54
1414
1414
54
1414
1414
54
1414
54
1414
1414
54
1414
1414
54
1414
1414
54
1414
1414
54
1414
1414
1414
54
1414
1414
54
1414
1414
54
1414
1414
54
1414
1414
54
1414
1414
1414
54
1414
1414
1414
1414
1414
1414
1414
1414
1414
1414
54
1414
1414
1414
1414
1414
54
1414
1414
1414
54
1414
1414
54
1414
1414
54
1414
1414
54
1414
1414
54
1414
1414
1414
54
1414
1414
54
1414
1414
54
1414
1414
54
1414
1414
54
1414
1414
1414
1414
54
1414
1414
1414
54
1414
1414
54
1414
1414
54
1414
1414
54
1414
1414
1414
54
1414
1414
1414
1414
1414
54
1414
1414
54
1414
1414
1414
54
1414
1414
1414
1414
54
1414
1414
1414
1414
1414
54
1414
1414
1414
1414
1414
54
1414
1414
1414
1414
1414
1414
1414
54
1414
1414
1414
54
1414
1414
1414
54
1414
1414
1414
54
1414
1414
54
1414
1414
54
1414
1414
1414
54
1414
1414
54
1414
1414
1414
1414
1414
1414
1414
54
1414
1414
1414
1414
54
1414
1414
54
1414
1414
54
1414
1414
1414
1414
1414
1414
1414
1414
54
1414
1414
1414
1414
54
1414
1414
1414
54
1414
1414
54
1414
1414
54
1414
1414
54
1414
1414
54
1414
1414
1414
54
1414
1414
54
1414
54
1414
1414
1414
1414
1414
1414
1414
1414
1414
1414
54
1414
1414
1414
1414
1414
54
1414
1414
1414
54
1414
1414
54
1414
1414
54
1414
1414
54
1414
1414
1414
1414
54
1414
1414
1414
1414
54
1414
1414
1414
1414
1414
1414
54
1414
1414
1414
1414
54
1414
1414
54
1414
1414
54
1414
1414
54
1414
1414
54
1414
1414
54
1414
1414
54
1414
1414
54
1414
1414
54
1414
1414
54
1414
1414
1414
54
1414
54
1414
1414
54
1414
1414
54
1414
1414
1414
1414
1414
1414
54
1414
1414
54
1414
1414
1414
54
1414
1414
54
1414
1414
54
1414
54
1414
1414
1414
54
1414
1414
54
1414
1414
54
1414
1414
54
1414
1414
54
1414
1414
54
1414
1414
1414
1414
1414
1414
1414
1414
1414
54
1414
1414
54
1414
1414
54
1414
1414
1414
54
1414
1414
54
1414
1414
54
1414
1414
1414
54
1414
1414
54
1414
1414
1414
54
1414
1414
1414
1414
1414
54
1414
1414
1414
54
1414
1414
54
1414
1414
1414
54
1414
1414
54
1414
1414
54
1414
1414
54
1414
1414
1414
1414
54
1414
1414
1414
54
1414
1414
54
1414
1414
1414
54
1414
1414
1414
54
1414
1414
54
1414
1414
1414
54
1414
1414
54
1414
1414
54
1414
1414
1414
54
1414
1414
54
1414
1414
54
1414
1414
54
1414
1414
54
1414
54
1414
1414
54
1414
1414
1414
1414
54
1414
1414
54
1414
1414
54
1414
1414
54
1414
1414
1414
54
1414
1414
54
1414
1414
54
1414
1414
54
1414
1414
54
1414
1414
54
1414
54
1414
1414
54
1414
1414
54
1414
1414
54
1414
1414
54
1414
1414
54
1414
1414
1414
1414
1414
1414
1414
1414
54
1414
1414
1414
1414
54
1414
1414
1414
54
1414
1414
54
1414
1414
54
1414
54
1414
1414
1414
1414
1414
1414
54
1414
1414
1414
54
1414
1414
54
1414
1414
54
1414
1414
1414
1414
1414
1414
1414
1414
66
66
1414
1414
1414
1414
1414
1414
1414
1414
66
66
66
66
66
66
66
66
1414
1414
66
66
1414
1414
1414
1414
1414
1414
1414
66
66
66
66
66
66
66
1414
1414
1414
1414
66
66
66
66
1414
1414
1414
1414
1414
1414
1414
1414
66
66
66
66
66
66
66
66
1414
1414
1414
1414
66
66
66
66
1414
1414
1414
66
66
66
1414
1414
1414
66
66
66
1414
1414
66
66
1414
1414
66
66
1414
1414
66
66
1414
1414
1414
1414
66
66
66
66
1414
1414
1414
66
66
66
1414
1414
1414
1414
1414
1414
66
66
54
54
54
1414
1414
54
1414
1414
54
1414
1414
54
1414
1414
54
1414
1414
54
1414
1414
54
1414
1414
54
1414
1414
1414
54
1414
1414
54
1414
1414
1414
1414
54
1414
1414
54
1414
1414
54
1414
1414
1414
54
1414
1414
1414
1414
1414
1414
54
1414
1414
1414
54
1414
1414
1414
54
1414
1414
54
1414
1414
1414
54
1414
1414
54
1414
1414
54
1414
1414
54
1414
1414
54
1414
1414
54
1414
1414
54
1414
1414
54
1414
1414
54
1414
1414
54
1414
54
1414
1414
54
1414
1414
54
1414
1414
54
1414
1414
1414
54
1414
1414
54
1414
1414
54
1414
1414
54
1414
1414
54
1414
1414
1414
1414
54
1414
1414
1414
54
1414
1414
54
1414
1414
54
1414
1414
54
1414
1414
1414
54
1414
1414
1414
54
1414
1414
54
1414
1414
54
1414
1414
1414
54
1414
1414
54
1414
1414
54
1414
1414
54
1414
1414
54
1414
1414
54
1414
54
1414
1414
54
1414
1414
54
1414
1414
1414
54
1414
1414
1414
1414
54
1414
1414
1414
54
1414
1414
54
1414
1414
54
1414
1414
54
1414
1414
1414
1414
54
1414
1414
1414
54
1414
1414
1414
1414
1414
1414
1414
1414
1414
54
1414
1414
1414
1414
1414
54
1414
1414
1414
54
1414
1414
54
1414
1414
1414
1414
54
1414
1414
54
1414
1414
54
1414
1414
54
1414
1414
54
1414
1414
54
1414
1414
1414
1414
1414
1414
1414
1414
54
1414
1414
1414
1414
54
1414
1414
1414
54
1414
1414
1414
54
1414
1414
54
1414
1414
54
1414
1414
54
1414
1414
1414
54
1414
1414
54
1414
1414
1414
1414
1414
1414
1414
54
1414
1414
54
1414
1414
1414
1414
1414
1414
54
1414
1414
1414
54
1414
1414
54
1414
1121
54
658
54
129
92
100
54
100
100
54
66
663
1026
54
54
213
100
54
1358
1414
1414
1414
1414
1414
1414
54
1414
1414
1414
54
1414
1414
54
1414
1414
54
1414
1414
1414
1414
1414
54
1414
1414
54
1414
1414
54
1414
1414
1414
1414
54
1414
1414
54
1414
1414
1414
1414
1414
1414
54
1414
1414
1414
1414
54
1414
1414
54
1414
1414
1414
1414
1414
1414
54
1414
1414
1414
1414
54
1414
1414
54
1414
1414
54
1414
1414
54
1414
1414
1414
1414
1414
1414
1414
54
1414
1414
1414
54
1414
1414
1414
1414
54
1414
1414
1414
1414
1414
1414
1414
1414
1414
1414
1414
54
1414
54
1414
1414
1414
1414
1414
1414
54
1414
1414
1414
1414
54
1414
1414
54
1414
1414
54
1414
1414
54
1414
1414
54
1414
1414
1414
1414
1414
1414
54
1414
1414
54
1414
1414
54
1414
1414
54
1414
1414
1414
54
1414
1414
1414
1414
54
1414
1414
54
1414
1414
1414
54
1414
1414
1414
54
1414
1414
54
1414
1414
54
1414
1414
1414
54
1414
1414
1414
1414
1414
1414
54
1414
1414
1414
54
1414
1414
54
1414
1414
54
1414
1414
54
1414
1414
54
1414
1414
54
1414
54
1414
1414
54
1414
1414
1414
1414
54
1414
1414
54
1414
1414
54
1414
1414
1414
1414
1414
54
1414
1414
1414
54
1414
1414
1414
54
1414
1414
1414
1414
1414
54
1414
1414
1414
54
1414
1414
54
1414
1414
54
1414
54
1414
1414
1414
1414
54
1414
1414
1414
54
1414
1414
1414
1414
54
1414
1414
54
1414
1414
54
1414
1414
54
1414
1414
54
1414
1414
54
1414
1414
54
1414
1414
54
1414
1414
54
1414
1414
54
1414
1414
54
1414
1414
54
1414
1414
54
1414
1414
54
1414
1414
54
1414
1414
54
1414
1414
54
1414
1414
1414
1414
54
1414
1414
1414
1414
54
1414
1414
1414
54
1414
1414
54
1414
1414
54
1414
1414
1414
1414
1414
1414
1414
54
1414
1414
1414
1414
1414
54
1414
1414
1414
54
1414
1414
1414
1414
1414
54
1414
1414
1414
1414
54
1414
1414
352
54
55
66
55
66
1361
1414
1414
1414
1414
1414
1414
1414
1414
1414
1414
54
1414
1414
1414
1414
1414
1414
54
1414
1414
1414
1414
1414
1414
1414
1414
1414
1414
1414
54
1414
1414
1414
1414
1414
1414
1414
54
1414
1414
54
1414
1414
1414
1414
1414
1414
1414
1414
1414
1414
54
1414
1414
1414
1414
1414
1414
1414
1414
1414
1414
54
1414
1414
1414
1414
1414
54
1414
54
1414
1414
1414
1414
1414
1414
1414
1414
1414
54
1414
1414
1414
54
512
1414
1414
1414
1414
1414
1414
1414
1414
1414
1414
54
1414
1414
1414
1414
1414
1414
1414
1414
1414
1414
54
1414
1414
1414
1414
54
1414
1414
54
1414
1414
1414
1414
1414
1414
1414
1414
1414
1414
54
1414
1414
54
1414
1414
1414
1414
54
1414
1414
54
1414
1414
54
1414
1414
54
1414
1414
54
1414
1414
54
1414
1414
1414
1414
1414
54
1414
1414
54
1414
54
1414
1414
54
1414
1414
54
1414
1414
1414
54
1414
1414
54
1414
54
1414
1414
1414
54
1414
1414
1414
54
1414
1414
1414
54
1414
1414
54
1414
1414
1414
54
1414
1414
1414
1414
1414
54
1414
1414
1414
54
1414
1414
54
1414
1414
1414
1414
1414
1414
1414
1414
1414
54
1414
54
1414
1414
1414
1414
1414
54
1414
1414
1414
1414
1414
1414
1414
1414
1414
1414
54
1414
1414
1414
1414
1414
1414
1414
1414
1414
1414
54
1414
1414
1414
1414
1414
54
1414
1414
54
1414
1414
1414
1414
1414
1414
54
1414
1414
1414
1414
54
1414
1414
54
1414
1414
1414
1414
1414
1414
1414
1414
1414
1414
54
1414
1414
1414
1414
1414
1414
1414
54
1414
1414
1414
1414
1414
1414
1414
1414
54
1414
1414
1414
1414
54
1414
54
1414
1414
1414
1414
1414
1414
1414
1414
1414
1414
54
1414
1414
1414
1414
1414
1414
54
1414
1414
1414
1414
1414
1414
54
1414
1414
1414
1414
54
1414
1414
1414
54
1414
1414
54
1414
1414
54
54
1414
1414
54
1414
1414
54
1414
1414
54
1414
129
92
100
1414
54
54
100
1414
1414
1414
54
1414
1414
54
1414
1414
54
1414
1414
54
1414
1414
54
1414
1414
1414
1414
54
1414
1414
1414
54
1414
1414
1414
54
1414
1414
1414
54
1414
1414
54
1414
1414
54
1414
1414
54
1414
1414
54
1414
1414
1414
1414
1414
1414
1414
54
1414
1414
1414
54
1414
1414
1414
54
1414
1414
1414
54
1414
1414
1414
54
1414
1414
1414
54
1414
1414
54
1414
1414
54
1414
1414
54
1414
1414
54
1414
1414
54
1414
1414
54
1414
1414
54
1414
1414
54
1414
1414
54
1414
1414
1414
1414
54
1414
1414
1414
1414
1414
54
1414
1414
1414
1414
54
1414
1414
1414
66
66
66
1414
1414
1414
66
66
66
1414
1414
66
66
1414
1414
66
66
1414
1414
66
66
1414
1414
1414
1414
1414
1414
1414
1414
1414
1414
66
66
66
66
66
66
66
66
66
66
1414
1414
1414
1414
1414
1414
66
66
66
66
66
66
1414
1414
1414
1414
1414
1414
1414
1414
66
66
66
66
66
66
66
74
1414
1414
1414
74
74
74
1414
1414
1414
1414
1414
1414
74
74
74
74
74
74
1414
1414
1414
1414
74
74
74
74
1414
1414
1414
74
74
74
1414
1414
1414
74
74
74
1414
1414
74
74
1414
1414
74
74
1414
1414
1414
1414
74
66
66
66
1414
66
1414
66
1414
66
1414
1414
1414
1414
1414
1414
1414
66
66
66
66
66
66
66
1414
1414
66
66
1414
1414
66
66
1414
1414
66
66
1414
1414
54
1414
1414
54
1414
1414
1414
54
1414
1414
1414
1414
1414
1414
1414
1414
54
1414
1414
1414
1414
1414
54
1414
1414
1414
1414
54
1414
1414
1414
1414
1414
1414
54
1414
1414
1414
54
1414
1414
1414
1414
1414
1414
1414
1414
54
1414
1414
1414
1414
1414
1414
1414
1414
1414
1414
54
1414
1414
1414
1414
1414
1414
1414
54
1414
54
1414
1414
1414
54
1414
1414
1414
54
1414
1414
1414
54
1414
1414
54
1414
1414
1414
54
1414
1414
54
1414
1414
54
1414
1414
54
1414
1414
1414
1414
54
1414
1414
1414
1414
54
1414
1414
1414
54
1414
1414
1414
1414
1414
54
1414
1414
1414
1414
54
1414
1414
1414
54
1414
1414
54
1414
1414
54
1414
1414
1414
1414
54
1414
1414
1414
54
1414
1414
1414
54
1414
1414
54
1414
1414
54
1414
1414
1414
1414
54
1414
1414
54
1414
1414
1414
54
1414
1414
1414
1414
1414
1414
54
1414
1414
1414
54
1414
1414
54
1414
1414
54
1414
1414
1414
54
1414
1414
1414
1414
1414
54
1414
1414
1414
1414
54
1414
1414
1414
54
1414
1414
54
1414
1414
1414
1414
54
1414
1414
1414
54
1414
1414
1414
54
1414
1414
54
1414
1414
54
1414
1414
1414
1414
1414
54
1414
1414
1414
1414
1414
1414
54
1414
1414
1414
54
1414
1414
54
1414
1414
1414
1414
54
1414
1414
1414
1414
1414
1414
54
1414
1414
1414
1414
1414
1414
1414
1414
1414
1414
54
1414
1414
54
1414
1414
1414
1414
1414
1414
1414
1414
54
1414
1414
1414
1414
1414
1414
1414
54
1414
1414
1414
1414
54
1414
1414
1414
1414
1414
1414
1414
1414
1414
1414
54
1414
54
1414
1414
1414
1414
1414
1414
54
1414
1414
1414
1414
54
1414
1414
1414
54
1414
1414
54
1414
1414
1414
54
1414
1414
1414
1414
54
1414
1414
1414
1414
54
1414
1414
1414
54
1414
1414
1414
1414
1414
1414
1414
1414
1414
1414
54
1414
1414
54
1414
1414
54
1414
1414
1414
54
1414
1414
1414
54
1414
1414
1414
54
1414
1414
1414
1414
1414
1414
54
1414
1414
1414
1414
54
1414
1414
1414
1414
1414
1414
1414
54
1414
1414
1414
1414
54
1414
1414
1414
54
1414
1414
54
1414
1414
1414
54
1414
54
1414
1414
1414
1414
1414
1414
54
1414
1414
1414
1414
1414
54
1414
1414
1414
1414
54
1414
1414
1414
54
1414
1414
54
1414
1414
54
1414
1414
54
1414
1414
54
1414
1414
1414
1414
1414
1414
1414
1414
1414
1414
54
1414
1414
1414
1414
1414
1414
54
1414
1414
1414
1414
54
1414
1414
1414
54
1414
1414
1414
1414
1414
1414
1414
54
1414
1414
1414
1414
1414
1414
1414
1414
54
1414
1414
1414
1414
1414
54
1414
1414
1414
54
1414
1414
1414
54
1414
1414
54
1414
54
1414
1414
1414
1414
1414
1414
54
1414
1414
1414
54
1414
1414
54
1414
54
1414
1414
1414
1414
1414
1414
1414
1414
54
1414
1414
1414
1414
1414
1414
1414
54
1414
1414
1414
1414
1414
1414
54
1414
1414
1414
1414
54
1414
1414
1414
1414
1414
1414
54
1414
1414
1414
54
1414
1414
1414
1414
1414
1414
1414
54
1414
1414
54
1414
54
1414
1414
1414
1414
1414
54
1414
1414
1414
1414
1414
1414
1414
1414
54
1414
54
1414
1414
1414
1414
1414
1414
1414
1414
54
1414
1414
1414
1414
54
1414
1414
1414
54
1414
1414
1414
1414
54
1414
1414
1414
54
1414
1414
1414
1414
1414
54
1414
1414
1414
54
1414
1414
54
1414
1414
1414
54
1414
1414
54
1414
1414
1414
54
1414
1414
1414
1414
1414
54
1414
1414
1414
1414
1414
54
1414
1414
1414
1414
54
1414
1414
1414
54
1414
1414
54
1414
1414
1414
1414
54
1414
1414
1414
1414
54
1414
1414
54
1414
1414
54
1414
1414
1414
54
1414
1414
1414
1414
1414
1414
54
1414
1414
1414
1414
54
1414
1414
1414
1414
54
1414
1414
1414
1414
54
1414
1414
1414
54
1414
1414
1414
54
1414
1414
1414
54
1414
1414
1414
1414
1414
1414
54
1414
1414
54
1414
1414
1414
1414
54
1414
1414
1414
54
1414
1414
54
1414
1414
54
1414
1414
1414
54
1414
1414
1414
1414
54
1414
1414
1414
54
1414
1414
1414
54
1414
1414
54
1414
1414
1414
54
1414
1414
54
1414
1414
54
1414
1414
54
1414
1414
54
1414
1414
54
1414
1414
54
1414
1414
54
1414
1414
54
1414
1414
1414
1414
1414
1414
54
1414
1414
1414
54
1414
1414
54
1414
1414
54
1414
1414
54
1414
1414
54
1414
1414
54
55
1414
1414
54
1414
1414
1414
1414
1414
1414
1414
1414
54
1414
1414
1414
1414
54
1414
1414
1414
54
1414
1414
54
1414
1414
54
1414
1414
54
1414
1414
54
1414
1414
54
1414
1414
54
1414
1414
54
1414
1414
54
1414
1414
54
1414
1414
1414
1414
1414
1414
1414
1414
54
1414
1414
1414
1414
54
1414
1414
1414
1414
54
1414
1414
1414
54
1414
1414
1414
1414
54
1414
1414
54
1414
1414
54
1414
1414
54
1414
1414
1414
54
1414
1414
1414
1414
1414
1414
1414
54
1414
1414
1414
1414
1414
1414
54
1414
1414
1414
1414
54
1414
1414
1414
1414
1414
1414
1414
1414
1414
1414
54
1414
54
1414
1414
1414
1414
1414
1414
1414
1414
54
1414
1414
1414
1414
1414
1414
1414
1414
1414
54
1414
1414
1414
1414
1414
1414
54
1414
1414
1414
1414
1414
54
1414
1414
1414
1414
54
1414
1414
1414
54
1414
1414
1414
54
1414
1414
1414
54
1414
1414
1414
54
1414
1414
1414
1414
1414
54
1414
1414
1414
1414
54
1414
1414
1414
54
1414
1414
1414
1414
1414
54
1414
1414
1414
54
1414
1414
1414
54
1414
1414
1414
1414
1414
1414
54
1414
1414
1414
1414
1414
54
1414
1414
1414
1414
54
1414
1414
1414
1414
54
1414
1414
1414
54
1414
1414
54
1414
1414
1414
54
1414
1414
1414
66
54
1414
1414
1414
54
1414
1414
1414
54
1414
1414
54
1414
1414
1414
54
1414
1414
1414
1414
1414
1414
54
1414
1414
54
1414
1414
54
1414
1414
1414
1414
54
1414
1414
54
1414
1414
54
1414
1414
54
1414
1414
1414
1414
1414
1414
54
1414
1414
1414
1414
1414
1414
1414
1414
54
1414
55
1414
1414
1414
1414
1414
1414
1414
1414
1414
1414
54
1414
1414
1414
1414
1414
1414
1414
1414
1414
1414
54
1414
54
1414
1414
1414
1414
1414
54
1414
1414
1414
54
1414
1414
54
1414
1414
54
1414
1414
54
1414
1414
54
1414
1414
54
1414
1414
54
1414
1414
1414
1414
1414
54
1414
1414
66
1414
1414
54
1414
1414
1414
1414
1414
1414
1414
1414
1414
54
1414
1414
1414
1414
54
1414
1414
1414
54
1414
1414
1414
1414
1414
1414
1414
54
1414
1414
54
1414
1414
54
1414
1414
1414
1414
1414
1414
1414
1414
1414
1414
1414
54
1414
1414
54
1414
54
1414
1414
1414
1414
1414
1414
1414
1414
1414
1414
54
1414
1414
1414
1414
1414
54
1414
1414
1414
1414
1414
54
1414
1414
54
1414
1414
54
1414
1414
54
1414
1414
1414
1414
1414
1414
1414
54
1414
1414
54
1414
1414
54
1414
1414
54
1414
1414
1414
1414
1414
1414
1414
1414
1414
1414
54
1414
54
1414
1414
1414
1414
54
1414
1414
1414
1414
1414
54
1414
1414
1414
54
1414
1414
54
1414
1414
1414
1414
54
1414
1414
1414
54
1414
1414
54
1414
1414
1414
1414
54
1414
1414
54
1414
1414
54
1414
1414
54
1414
1414
54
1414
1414
54
1414
1414
54
1414
1414
54
1414
1414
54
1414
1414
54
1414
1414
54
1414
1414
54
1414
1414
1414
54
1414
1414
1414
1414
54
1414
1414
1414
54
1414
54
1414
1414
54
1414
1414
1414
54
1414
1414
1414
1414
54
1414
1414
54
1414
1414
1414
1414
54
1414
1414
1414
54
1414
1414
54
1414
1414
54
1414
1414
1414
1414
1414
54
1414
1414
1414
1414
54
1414
1414
1414
54
1414
1414
1414
1414
54
1414
1414
54
1414
1414
1414
1414
1414
1414
1414
1414
1414
54
1414
1414
1414
1414
1414
54
1414
1414
1414
1414
54
1414
1414
1414
1414
54
1414
1414
1414
1414
54
1414
1414
1414
54
1414
54
1414
1414
1414
54
1414
54
1414
1414
1414
1414
1414
1414
1414
1414
1414
1414
1414
54
1414
54
1414
1414
1414
1414
1414
1414
1414
1414
54
1414
1414
1414
1414
54
1414
1414
54
1414
1414
1414
1414
1414
1414
1414
1414
54
1414
1414
1414
1414
54
1414
1414
54
1414
1414
1414
1414
1414
54
1414
1414
1414
1414
1414
54
1414
1414
1414
54
1414
1414
1414
54
1414
1414
54
1414
1414
54
1414
1414
54
1414
1414
54
1414
1414
54
1414
1414
1414
54
1414
1414
54
1414
1414
54
1414
1414
1414
54
1414
1414
1414
54
1414
54
1414
1414
1414
1414
1414
1414
54
1414
1414
54
1414
1414
54
1414
1414
1414
1414
1414
54
1414
1414
1414
54
1414
1414
1414
54
1414
54
1414
1414
54
1414
1414
1414
54
1414
1414
54
1414
1414
54
1414
1414
54
1414
1414
54
1414
54
1414
1414
54
1414
1414
54
1414
1414
1414
1414
1414
54
1414
1414
1414
54
1414
1414
54
1414
1414
54
1414
1414
54
1414
1414
54
1414
1414
1414
54
1414
1414
54
1414
1414
1414
54
1414
1414
54
1414
1414
54
1414
1414
54
1414
1414
54
1414
1414
54
1414
1414
1414
1414
54
1414
1414
54
1414
1414
54
1414
1414
1414
1414
54
1414
1414
1414
1414
1414
1414
1414
1414
1414
1414
54
1414
1414
54
1414
1414
54
1414
1414
1414
54
1414
1414
1414
1414
54
1414
1414
1414
1414
1414
1414
54
1414
1414
1414
1414
1414
1414
54
1414
1414
1414
54
1414
1414
1414
54
1414
1414
1414
1414
54
1414
1414
1414
54
1414
1414
1414
1414
1414
1414
1414
1414
1414
1414
66
66
66
66
66
66
66
66
66
1414
1414
66
66
1414
1414
1414
1414
1414
1414
1414
1414
66
66
66
66
66
66
66
66
1414
66
1414
1414
1414
66
66
66
1414
1414
1414
1414
1414
1414
66
66
66
66
66
66
1414
66
1414
1414
1414
1414
1414
1414
1414
1414
1414
1414
66
66
66
66
66
66
66
66
66
66
1414
1414
66
66
1414
1414
1414
1414
1414
1414
66
66
66
66
66
66
1414
1414
1414
1414
1414
66
66
66
66
66
1414
1414
1414
66
66
54
1414
1414
1414
54
1414
1414
54
1414
1414
1414
1414
1414
1414
1414
1414
1414
1414
1414
54
1414
1414
1414
1414
1414
1414
1414
54
1414
1414
1414
54
1414
1414
1414
1414
54
1414
1414
1414
1414
54
1414
1414
54
1414
1414
1414
54
1414
1414
1414
54
1414
54
1414
1414
1414
54
1414
54
1414
1414
1414
1414
1414
1414
1414
54
1414
1414
1414
1414
1414
54
1414
1414
1414
1414
54
1414
1414
54
1414
1414
54
1414
1414
54
1414
1414
54
1414
1414
1414
54
1414
1414
54
1414
1414
54
1414
1414
54
1414
1414
54
1414
54
1414
1414
1414
54
1414
1414
54
1414
1414
54
1414
54
1414
1414
1414
1414
1414
1414
1414
1414
54
1414
1414
1414
1414
1414
1414
1414
1414
1414
1414
54
1414
1414
54
1414
1414
1414
1414
1414
1414
1414
1414
1414
1414
54
1414
1414
54
1414
1414
54
1414
1414
1414
1414
1414
1414
1414
1414
1414
1414
54
1414
1414
54
1414
1414
54
1414
1414
1414
1414
1414
1414
1414
54
1414
1414
54
1414
1414
54
1414
54
1414
1414
1414
54
1414
54
1414
1414
54
1414
1414
54
1414
1414
1414
1414
54
1414
1414
54
1414
1414
1414
54
1414
54
1414
1414
54
1414
1414
54
1414
1414
1414
54
1414
1414
54
1414
54
1414
1414
1414
54
1414
1414
54
1414
1414
54
1414
1414
1414
1414
54
1414
1414
54
1414
1414
54
1414
1414
54
1414
1414
54
1414
1414
1414
1414
1414
54
1414
1414
1414
54
1414
1414
54
1414
54
1414
1414
1414
1414
1414
1414
54
1414
1414
1414
1414
54
1414
1414
54
1414
1414
1414
54
1414
1414
54
1414
1414
54
1414
1414
1414
1414
54
1414
1414
54
1414
54
1414
1414
1414
1414
54
1414
1414
1414
1414
54
1414
1414
54
1414
1414
54
1414
1414
54
1414
1414
1414
1414
1414
1414
54
1414
1414
1414
54
1414
1414
54
1414
1414
54
1414
1414
54
1414
54
1414
1414
1414
1414
1414
54
1414
1414
1414
54
1414
575
1414
1414
1414
1414
1414
1414
1414
1414
54
1414
1414
1414
1414
1414
1414
1414
1414
1414
1414
54
1414
1414
1414
1414
1414
1414
1414
1414
1414
1414
54
1414
1414
1414
54
1414
1414
1414
1414
1414
1414
1414
1414
54
1414
54
1414
1414
1414
54
1414
54
1414
1414
54
1414
1414
54
1414
1414
54
1414
1414
54
1414
1414
54
1414
1414
54
1414
1414
54
1414
1414
54
1414
1414
54
1414
1414
54
1414
1414
54
1414
1414
54
1414
1414
1414
54
1414
54
1414
1414
54
1414
1414
1414
1414
54
1414
1414
54
1414
1414
54
1414
1414
1414
1414
54
1414
1414
1414
54
1414
1414
54
1414
1414
54
1414
54
1414
1414
1414
1414
1414
54
1414
1414
54
1414
1414
1414
54
1414
1414
1414
54
1414
1414
1414
1414
54
1414
1414
1414
1414
54
1414
1414
54
1414
1414
54
1414
1414
54
1414
1414
54
1414
1414
54
1414
1414
54
1414
1414
54
1414
1414
54
1414
1414
54
1414
54
1414
1414
54
1414
1414
54
1414
1414
1414
1414
1414
1414
1414
1414
54
1414
1414
1414
1414
1414
1414
1414
1414
1414
1414
54
1414
1414
1414
1414
1414
1414
1414
54
1414
1414
1414
1414
1414
1414
1414
1414
1414
1414
54
1414
54
1414
1414
54
54
1414
1414
54
1414
1414
128
92
100
1414
54
54
100
1414
1414
54
1414
1414
54
1414
1414
1414
1414
1414
1414
54
1414
1414
54
1414
1414
1414
1414
1414
1414
1414
1414
54
1414
1414
1414
1414
54
1414
54
1414
1414
1414
54
1414
1414
1414
1414
1414
54
1414
1414
1414
1414
1414
1414
1414
54
1414
1414
54
1414
1414
1414
54
1414
1414
1414
1414
54
1414
1414
1414
1414
1414
54
1414
1414
1414
54
1414
1414
1414
54
1414
1414
54
1414
1414
54
1414
1414
54
1414
1414
54
1414
1414
54
1414
1414
54
1414
1414
54
1414
1414
54
1414
1414
54
1414
1414
54
1414
54
1414
1414
54
1414
1414
54
1414
1414
54
1414
1414
1414
1414
1414
1414
54
1414
1414
1414
54
1414
54
1414
1414
1414
1414
1414
1414
1414
54
1414
1414
1414
54
1414
1414
1414
54
1414
1414
1414
1414
1414
1414
54
1414
1414
1414
54
1414
1414
54
1414
1414
54
1414
1414
54
1414
1414
1414
1414
54
1414
1414
1414
54
1414
1414
1414
54
1414
1414
1414
54
1414
1414
1414
1414
54
1414
1414
1414
54
1414
1414
54
1414
1414
1414
1414
54
1414
1414
1414
54
1414
1414
54
1414
1414
54
1414
1414
54
1414
54
1414
1414
54
1414
1414
54
1414
1414
54
1414
1414
54
1414
1414
54
1414
1414
54
1414
1414
54
1414
1414
54
1414
1414
54
1414
1414
54
1414
1414
54
1414
1414
1414
54
1414
1414
54
1414
1414
1414
1414
54
1414
1414
1414
54
1414
1414
54
1414
1414
1414
54
1414
1414
54
1414
1414
1414
1414
54
1414
1414
54
1414
1414
54
1414
1414
54
1414
1414
54
1414
1414
54
1414
54
1414
1414
1414
1414
1414
1414
1414
1414
54
1414
1414
1414
1414
1414
54
1414
1414
54
1414
1414
54
1414
1414
1414
1414
54
1414
1414
54
1414
1414
1414
1414
54
1414
1414
1414
54
1414
1414
54
1414
1414
1414
1414
1414
1414
1414
1414
54
1414
1414
1414
1414
54
1414
1414
1414
54
1414
1414
1414
1414
1414
1414
1414
1414
1414
1414
54
1414
1414
1414
54
1414
1414
54
1414
1414
1414
1414
1414
1414
1414
54
1414
1414
1414
1414
54
1414
1414
54
1414
1414
1414
1414
54
1414
1414
1414
54
1414
1414
1414
1414
54
1414
1414
54
1414
1414
54
1414
54
1414
54
1414
1414
54
1414
1414
54
1414
1414
54
1414
1414
54
1414
1414
54
1414
1414
1414
54
1414
1414
54
1414
1414
1414
54
1414
1414
1414
54
1414
1414
54
1414
1414
1414
54
1414
1414
54
1414
1414
1414
54
1414
1414
54
1414
1414
1414
1414
1414
1414
1414
1414
1414
1414
54
1414
1414
1414
1414
1414
54
1414
1414
54
1414
1414
1414
1414
54
1414
1414
54
1414
1414
1414
54
1414
1414
54
1414
1414
54
1414
1414
54
1414
1414
54
1414
54
1414
1414
54
1414
1414
54
1414
1414
54
1414
1414
1414
1414
54
1414
1414
1414
54
1414
1414
54
1414
1414
54
1414
1414
54
1414
1414
54
1414
1414
54
1414
54
1414
1414
54
1414
1414
54
1414
1414
54
1414
1414
54
1414
1414
1414
1414
1414
1414
1414
1414
1414
1414
54
1414
1414
1414
1414
1414
1414
54
1414
1414
1414
1414
1414
1414
1414
54
1414
1414
54
1414
54
1414
1414
1414
1414
54
1414
1414
54
1414
1414
54
1414
1414
54
1414
1414
54
1414
1414
54
1414
1414
54
1414
1414
54
1414
1414
54
1414
1414
1414
54
1414
1414
54
1414
1414
54
1414
1414
1414
1414
1414
1414
1414
54
1414
1414
1414
1414
1414
1414
1414
1414
54
1414
1414
1414
1414
1414
54
1414
1414
54
1414
1414
1414
54
1414
1414
54
1414
1414
54
1414
1414
54
1414
1414
1414
1414
1414
1414
1414
54
1414
54
1414
1414
1414
1414
1414
1414
54
1414
1414
1414
1414
54
1414
1414
1414
54
1414
1414
54
1414
1414
54
1414
1414
54
1414
1414
1414
1414
1414
1414
1414
1414
1414
1414
54
1414
1414
1414
1414
1414
1414
54
1414
1414
1414
54
1414
1414
54
1414
1414
1414
1414
54
1414
1414
54
1414
1414
54
1414
1414
1414
1414
54
1414
1414
1414
1414
54
1414
1414
1414
1414
1414
1414
54
1414
1414
1414
1414
1414
1414
54
1414
1414
1414
54
1414
1414
54
1414
1414
54
1414
1414
54
1414
54
1414
1414
54
1414
1414
54
1414
1414
1414
1414
54
1414
135
54
55
66
1359
1414
1414
1414
1414
1414
1414
54
1414
1414
1414
1414
1414
1414
1414
1414
1414
54
1414
1414
1414
1414
1414
54
1414
1414
1414
54
1414
54
1414
1414
1414
1414
1414
1414
1414
1414
1414
1414
1414
54
1414
1414
54
1414
1414
1414
1414
1414
1414
1414
1414
54
1414
1414
1414
1414
54
1414
1414
1414
54
1414
1414
1414
54
1414
1414
1414
1414
1414
1414
54
1414
1414
1414
1414
54
1414
1414
1414
1414
54
1414
1414
54
1414
1414
54
1414
1414
54
1414
1414
54
1414
1414
54
1414
1414
54
1414
1414
54
1414
1414
54
1414
1414
54
1414
1414
54
1414
1414
54
1414
1414
1414
54
1414
1414
1414
54
1414
1414
1414
54
1414
1414
54
1414
1414
1414
1414
1414
54
1414
1414
54
1414
1414
54
1414
1414
1414
54
1414
1414
1414
54
1414
1414
1414
54
1414
1414
1414
54
1414
1414
54
1414
1414
54
1414
1414
54
1414
1414
1414
54
1414
1414
54
1414
1414
1414
54
1414
54
1414
1414
1414
54
1414
1414
54
1414
1414
1414
1414
1414
54
1414
1414
1414
54
1414
54
1414
1414
54
1414
1414
54
1414
1414
1414
54
1414
1414
54
1414
1414
54
1414
1414
54
1414
54
1414
1414
1414
54
1414
1414
54
1414
1414
54
1414
1414
54
1414
1414
1414
54
1414
1414
54
1414
1414
1414
54
1414
1414
1414
54
1414
1414
1414
54
1414
1414
54
1414
1414
54
1414
1414
54
1414
1414
1414
1414
1414
1414
54
1414
1414
1414
1414
54
1414
1414
1414
54
1414
1414
54
1414
1414
1414
54
1414
1414
54
1414
1414
1414
1414
1414
1414
1414
1414
1414
1414
54
1414
1414
1414
54
1414
1414
1414
1414
1414
1414
1414
54
1414
1414
1414
1414
1414
54
1414
1414
1414
1414
1414
54
1414
1414
1414
1414
54
1414
1414
1414
1414
1414
1414
54
1414
1414
1414
54
1414
1414
1414
54
1414
1414
1414
54
1414
1414
1414
1414
1119
54
179
100
54
54
100
207
54
135
100
54
100
54
1362
1414
1414
54
1414
1414
1414
1414
1414
54
1414
1414
54
1414
1414
1414
54
1414
1414
54
1414
1414
54
1414
1414
54
1414
1414
54
1414
1414
54
1414
1414
54
1414
1414
1414
1414
1414
1414
1414
1414
54
1414
1414
1414
54
1414
1414
1414
54
1414
1414
1414
54
1414
1414
54
1414
1414
54
1414
1414
1414
1414
1414
54
1414
1414
54
1414
1414
1414
54
1414
1414
1414
54
1414
1414
1414
54
1414
1414
1414
54
1414
1414
54
1414
1414
54
1414
1414
1414
1414
1414
1414
1414
54
1414
1414
1414
54
1414
1414
1414
54
1414
1414
1414
1414
1414
1414
54
1414
54
1414
1414
54
1414
1414
1414
54
1414
1414
54
1414
54
1414
1414
54
1414
1414
1414
1414
1414
1414
1414
1414
54
1414
1414
1414
54
1414
1414
54
1414
1414
1414
1414
54
1414
1414
54
1414
1414
1414
1414
66
1414
66
1414
1414
1414
1414
66
74
74
74
1414
1414
1414
74
74
74
1414
1414
1414
1414
74
82
82
82
1414
1414
1414
1414
82
82
82
82
1414
1414
1414
1414
1414
90
90
90
90
90
1414
1414
1414
1414
90
90
90
90
1414
1414
90
90
1414
1414
1414
90
90
90
1414
1414
1414
90
90
90
1414
1414
1414
90
90
90
1414
1414
90
90
1414
1414
90
90
1414
1414
90
90
1414
1414
1414
1414
1414
1414
90
90
90
90
90
90
1414
1414
1414
90
90
90
1414
1414
1414
90
90
90
1414
1414
90
90
1414
1414
1414
90
90
90
1414
1414
1414
90
90
90
1414
1414
1414
1414
1414
1414
1414
90
90
90
90
90
90
90
1414
1414
90
90
1414
1414
1414
1414
90
90
90
90
1414
1414
1414
1414
90
90
90
90
1414
1414
90
90
1414
1414
1414
90
90
90
1414
1414
90
90
1414
1414
1414
1414
90
90
90
90
1414
1414
90
90
1414
1414
1414
1414
1414
90
90
90
90
90
1414
1414
1414
90
90
90
1414
1414
1414
90
90
90
1414
1414
1414
90
90
90
1414
1414
90
90
1414
1414
1414
90
90
90
1414
1414
1414
90
90
90
1414
1414
1414
1414
1414
90
90
90
90
82
1414
1414
1414
82
82
82
1414
1414
1414
1414
1414
1414
1414
82
82
74
74
74
66
66
1414
1414
1414
66
54
1414
1414
54
1414
1414
54
1414
1414
1414
54
1414
1414
1414
66
1414
1414
66
66
1414
1414
1414
1414
66
66
66
66
1414
1414
1414
66
66
66
1414
1414
66
66
1414
1414
74
74
1414
1414
74
74
1414
1414
74
82
1414
1414
82
82
1414
1414
82
82
1414
1414
82
82
1414
1414
1414
82
82
82
1414
1414
82
82
1414
1414
82
90
1414
1414
1414
90
90
90
1414
1414
1414
90
90
90
1414
1414
90
90
1414
1414
90
90
1414
1414
1414
1414
1414
90
90
90
90
90
1414
1414
1414
90
90
90
1414
1414
90
90
1414
1414
1414
1414
1414
90
90
90
90
90
1414
1414
1414
90
90
90
1414
1414
1414
1414
90
90
90
90
1414
1414
1414
90
90
90
1414
1414
1414
1414
1414
90
90
90
90
90
1414
1414
1414
90
90
90
1414
1414
1414
90
90
90
1414
1414
1414
90
90
90
1414
1414
82
82
1414
1414
1414
1414
1414
1414
1414
1414
82
82
82
82
82
82
82
74
1414
74
1414
1414
1414
1414
1414
1414
1414
1414
1414
74
66
66
66
66
66
66
66
66
1414
1414
1414
1414
1414
1414
1414
1414
66
54
54
1414
1414
1414
1414
54
1414
1414
1414
1414
1414
1414
1414
54
1414
1414
1414
1414
1414
1414
54
1414
1414
54
1414
1414
54
1414
54
1414
1414
1414
1414
54
1414
1414
54
1414
1414
1414
54
1414
1414
1414
1414
54
1414
1414
1414
1414
54
1414
1414
54
1414
1414
1414
1414
1414
54
1414
1414
1414
54
1414
1414
54
1414
1414
54
1414
1414
1414
54
1414
1414
1414
1414
1414
54
1414
1414
1414
54
1414
1414
54
1414
1414
54
1414
1414
1414
54
1414
1414
54
1414
54
1414
1414
54
1414
1414
54
1414
1414
54
1414
1414
54
1414
1414
1414
54
1414
54
1414
1414
54
1414
1414
54
1414
1414
54
1414
1414
54
1414
1414
1414
1414
54
1414
1414
54
1414
1414
1414
1414
54
1414
1414
1414
54
1414
1414
54
1414
1414
1414
1414
1414
1414
1414
54
1414
1414
54
1414
1414
1414
54
1414
1414
54
1414
1414
54
1414
1414
54
1414
1414
54
1414
1414
54
1414
1414
54
1414
54
1414
1414
54
1414
1414
54
1414
1414
54
1414
1414
54
1414
1414
1414
1414
1414
54
1414
1414
1414
1414
54
1414
1414
1414
54
1414
1414
1414
54
1414
1414
1414
54
1414
1414
1414
1414
1414
54
1414
1414
54
1414
1414
54
1414
1414
54
1414
1414
1414
54
1414
1414
1414
54
1414
1414
54
1414
1414
54
1414
1414
54
1414
54
1414
1414
54
1414
1414
1414
1414
1414
1414
1414
1414
1414
1414
1414
54
1414
1414
1414
1414
1414
54
1414
1414
1414
1414
1414
1414
54
1414
1414
1414
54
1414
1414
1414
54
1414
1414
54
1414
1414
1414
54
1414
1414
1414
54
1414
1414
1414
1414
1414
1414
1414
1414
1414
1414
1414
54
1414
1414
1414
1414
1414
54
1414
1414
1414
1414
1414
1414
1414
54
1414
1414
1414
1414
1414
1414
1414
1414
1414
1414
54
1414
1414
1414
54
1414
1414
1414
1414
1414
1414
1414
1414
1414
54
1414
1414
1414
1414
54
1414
54
1414
1414
54
1414
1414
54
1414
1414
1414
1414
54
1414
1414
1414
54
1414
1414
1414
54
1414
1414
1414
54
525
1414
1414
1414
1414
54
548
1414
1414
1414
54
54
1414
1414
1414
54
1414
1414
1414
1414
1414
1414
1414
1414
1414
1414
1414
1414
1414
1414
1414
1414
1414
1414
1414
1414
1414
1414
1414
1414
1414
1414
1414
1414
1414
1414
1414
1414
1414
1414
1414
1414
1414
1414
1414
1414
1414
1414
1414
1414
54
54
54
54
54
54
54
54
54
54
54
54
54
54
54
54
54
54
54
54
54
54
54
54
54
54
54
54
129
92
100
105
92
100
54
54
54
54
54
54
54
54
54
54
54
54
54
54
54
54
54
54
54
54
54
54
54
54
54
54
54
54
54
54
54
54
54
54
54
54
54
54
54
54
54
54
54
54
55
66
