frame.len
66
66
54
244
1474
1474
1420
54
268
161
331
1474
1474
1474
1474
54
1474
127
54
54
54
507
54
66
66
54
259
54
1474
1474
54
1310
167
54
345
107
104
96
432
348
110
96
54
92
54
92
54
54
514
1474
1474
54
428
54
1474
1474
1474
1474
1474
1474
1474
1474
1474
1474
1474
774
54
1474
1474
54
1474
1474
54
1474
1474
1474
54
1474
54
1474
1474
1474
1244
301
1474
1474
54
1474
1474
1474
1474
157
92
54
100
54
100
66
54
66
54
268
54
1474
1474
54
1424
345
107
104
96
323
66
66
54
278
348
110
96
54
54
92
1474
1474
846
54
54
92
54
345
364
351
54
92
100
54
100
465
270
1332
66
66
54
571
1474
1474
1474
54
1474
1474
54
1474
54
1474
1474
54
1474
1474
54
54
205
1474
1474
54
1474
270
1334
1474
54
1474
1474
1474
1474
1474
1474
54
1474
1474
1474
54
1474
1474
54
1474
1474
54
1474
1474
54
1474
54
1474
54
1474
54
1474
1474
54
1474
1474
1474
1474
54
1474
1474
1474
54
1474
1474
54
1474
1474
54
1474
1474
54
1474
1474
1474
54
1474
1474
1474
1474
1474
54
1474
1057
54
1474
1474
54
1474
1474
1474
1474
54
1474
1474
54
1474
1474
1474
1474
54
1474
1474
54
1474
1474
1474
54
1474
54
1474
1474
54
54
1474
1474
54
1474
1474
54
1474
1474
1474
54
1474
1474
54
1474
1474
54
1474
1474
54
1474
1474
1474
1474
54
260
1474
1474
54
1474
1474
1474
1474
1474
1474
1474
1474
1474
1474
1474
54
1474
1474
1474
1474
1474
54
1474
1474
1474
1474
1474
54
1474
1474
1474
1474
54
1474
1474
54
1474
1474
1474
1474
54
1474
1474
54
1474
1294
54
1474
1474
54
1474
1474
1474
1474
54
1474
1474
1474
54
1474
54
1474
1474
54
1474
1474
1474
1474
234
54
1474
54
1474
1474
1474
1474
54
1474
1474
1474
1474
54
1474
1474
54
1474
1474
54
1474
1474
1474
54
1294
1474
1474
54
1474
1474
1474
54
1474
234
54
1474
1474
54
1474
1474
54
1474
1294
54
1474
1294
54
1474
1474
1474
1474
1474
1474
1474
1474
54
1474
1474
1474
1474
54
1474
1474
54
1474
414
710
54
54
66
211
915
100
54
100
66
54
257
54
54
1474
1474
54
1310
167
54
345
107
104
96
816
348
110
96
54
92
54
92
54
357
54
92
100
54
100
54
586
66
560
54
130
92
100
54
100
66
54
255
105
92
100
54
100
54
1474
1474
54
1424
345
107
104
96
324
54
54
559
474
1340
348
110
96
54
92
1474
1474
1474
54
1474
1474
1474
54
1474
1474
1474
1474
54
1474
1474
1474
1474
1474
1474
1474
1474
1474
1474
1474
54
92
1474
1474
1474
1474
1474
1474
1474
54
1474
1474
1474
54
1474
1474
54
1474
1474
230
92
100
1474
1474
54
54
100
1474
1474
1474
1474
1474
54
1474
1474
54
1474
1474
1294
54
1474
1474
1229
54
54
54
128
138
54
100
105
92
100
54
100
1342
763
525
263
66
54
1474
1474
1474
54
1474
54
1474
1474
1474
1474
1474
54
1474
1474
54
1474
54
1474
1474
1474
1474
54
1474
1474
54
1474
1474
1474
54
1474
1474
54
1341
1474
1474
54
1474
1474
1474
1474
1474
1474
1474
1474
1474
54
1474
1474
1474
1474
1474
54
1474
1474
1474
54
1474
1474
54
1474
1474
1294
234
54
1474
1474
54
1474
1294
1474
54
1474
1474
1474
54
1474
1474
54
1474
1474
1474
54
1474
1474
54
1474
1474
54
1474
54
1474
1474
1474
54
1474
54
1474
54
234
1474
54
1474
1474
1474
54
1474
1474
1474
1474
54
1474
1474
54
1474
1474
54
1474
1474
54
1474
1474
54
1474
1474
54
1474
1474
54
1474
1474
1474
1474
54
54
1474
1474
1474
54
1474
1474
54
1474
54
1474
1474
54
1474
1474
54
1474
1474
1474
54
1474
1474
66
1474
1294
1474
1474
1474
1474
1474
1474
1474
1474
1474
66
66
66
66
66
66
74
74
74
82
82
1474
1474
1474
1474
1474
1294
74
82
82
90
90
90
1474
1474
1474
90
90
90
1474
1474
1474
1474
90
90
90
90
1474
1474
1474
1474
90
90
90
90
1474
414
1474
90
90
90
1474
1474
1474
90
90
90
1474
1474
1474
90
90
90
1474
1474
1474
90
90
90
1474
1474
90
90
1474
1474
90
90
1294
1474
1474
90
90
90
1474
1474
1474
1474
1474
90
90
90
90
90
1474
1474
1474
90
90
90
1474
1474
1474
90
90
90
1474
1474
90
90
1474
1474
90
90
1474
1474
234
90
90
90
1474
90
1474
90
1474
1474
90
90
1474
1474
1474
1474
1474
1474
90
90
90
90
90
90
1474
1474
90
90
1474
1474
1474
1474
90
90
90
90
1474
1474
1474
90
90
90
1474
1474
1474
90
90
90
1474
1474
1474
90
90
90
1474
90
1474
1474
1474
1474
90
90
90
90
1474
1474
90
90
1474
1474
1474
234
90
90
90
90
1474
1474
1294
1474
1474
54
66
90
90
90
90
90
54
271
1474
90
1474
1474
90
90
1474
90
1474
90
1474
90
1474
90
128
92
100
1474
1294
113
92
100
90
90
54
54
100
1474
90
100
1474
90
1474
82
234
1474
74
66
1474
90
1474
90
1294
1474
1474
1474
90
90
90
90
1474
90
1474
54
1474
90
1474
1474
1474
1474
1474
90
90
90
90
90
1474
1474
90
90
1474
1474
90
90
1474
1474
105
92
100
1474
90
90
90
54
1474
1474
1474
100
90
90
90
1474
1474
1474
90
90
90
1474
90
1474
1474
1474
1474
90
90
90
82
1474
1474
74
1474
1474
66
54
1474
1474
1474
1474
54
54
1474
1474
54
1474
1474
1474
1474
54
1474
54
1474
1474
54
1474
1474
1474
1474
234
1474
1474
1474
1474
54
54
1474
1474
1474
1474
54
54
1474
1474
54
1474
1474
1474
1474
54
54
1474
1474
1474
54
1474
54
1474
1474
1474
54
1474
1474
54
1474
54
1474
1474
54
1474
1474
1474
1474
1474
1474
54
1474
1474
1474
54
1474
1474
54
1474
54
1474
1474
1474
1474
1474
54
54
1474
1474
1474
54
1474
1474
1474
54
1474
1474
1474
1474
1474
54
1474
1474
1474
54
1474
1474
54
1474
54
1474
1474
1474
1474
54
54
1474
54
1474
1474
1032
54
1474
1474
54
1474
54
1474
1474
1474
1474
1474
54
1474
1474
1474
1474
54
1474
54
1344
1474
1474
54
1474
1474
54
1474
1474
54
1474
1474
54
1474
1474
54
1474
1474
54
1474
1474
1474
1474
54
1474
1474
1474
54
1474
54
1474
1474
54
1474
1474
1474
54
1474
54
1474
1474
54
1474
1474
54
1474
1474
1474
54
1474
54
1474
1474
1474
54
1474
54
1474
1474
1474
54
1474
1474
1474
54
1474
1474
54
1474
1474
1474
1474
1474
54
1474
54
1474
1474
54
1474
1474
54
1474
1474
54
1474
1474
54
1474
1474
54
1474
1474
54
1474
1474
54
1474
1474
1474
54
1474
54
1474
1474
54
1474
1474
1474
1474
54
1474
54
1474
1474
1474
54
1474
1474
1474
1474
54
1474
1474
54
54
1474
1474
1474
1474
54
1474
1474
54
1474
1474
1474
54
1474
1474
54
1474
1474
54
1474
1474
54
1474
1474
54
1474
1474
54
1474
54
54
1474
1474
54
1474
1474
1474
54
1474
1474
1474
54
1474
1474
1474
1474
1474
1187
1474
1474
1474
1474
1474
54
54
54
1474
1474
1474
1474
54
1474
1474
1474
66
54
345
1474
1474
1474
1474
1474
1474
1474
66
66
66
74
74
82
82
1474
1474
1474
1474
744
1474
1474
1474
90
90
90
90
66
74
74
1474
1474
1474
1474
82
82
90
90
1474
1474
90
90
1474
1474
1474
90
90
90
1474
1474
90
90
107
104
96
634
1474
1474
90
90
1474
1474
1474
1474
1474
1474
1474
1474
1474
90
90
90
90
90
90
90
90
90
1474
90
1474
54
1474
1474
1474
90
90
90
90
1474
1474
1474
1474
90
90
90
90
1474
1474
1474
1474
90
90
90
90
1474
1474
90
90
1474
90
1474
82
1474
74
1474
66
1474
90
1294
1474
1474
1474
90
54
90
82
1474
1474
74
66
1474
54
54
1474
54
1474
1474
54
1474
1474
54
1474
1474
54
1474
1474
54
1474
1474
54
1474
1474
54
1474
1474
54
234
1474
1474
1474
54
1474
1474
54
1474
1474
54
1474
1474
54
1474
1474
54
1474
1474
1474
54
1474
1474
54
1474
54
1474
1474
54
1474
1474
54
1474
1474
54
1474
1474
54
1474
1474
54
1474
1474
54
1474
1474
1474
1474
1474
54
1474
54
1474
1474
54
1474
1474
1474
54
1474
1474
54
1474
1474
1474
54
1474
1474
1474
1474
54
1474
1474
54
1474
1474
1474
54
1474
1474
1474
54
1474
1474
54
1474
1474
54
1474
1474
1474
54
1474
54
1474
1474
54
1474
1474
1474
54
1474
54
1474
1474
1474
54
1474
1474
54
1474
54
1474
1474
54
1474
1474
1474
1474
1474
54
1474
1474
1474
54
1474
1474
54
1474
1474
54
1474
1474
1474
54
1474
1474
54
1474
1474
54
1474
1474
54
1474
364
110
96
1474
1474
1474
54
54
92
1474
1474
1474
54
1474
1474
1474
54
1474
1474
1474
1474
1474
1474
54
1474
1474
1474
54
1474
1474
1474
1474
1474
54
92
54
1474
1474
54
1474
1474
1474
1474
54
1474
1474
1474
54
54
1474
1474
1474
54
1474
54
1474
1474
1474
54
1474
1474
1474
1474
1474
1474
1474
1474
1474
54
1474
1474
1474
54
1474
1474
1474
54
1474
1474
54
1474
1474
54
1474
1474
1474
54
1474
1474
1474
54
1474
1474
54
1474
1474
1474
54
1474
1474
1474
1474
1474
1474
54
1474
1474
1474
1474
54
1474
1474
54
1474
1474
1474
54
1474
1474
1474
1474
54
1474
1474
1474
1474
1474
1474
1474
1474
54
1474
1474
54
1474
1474
54
1474
1474
1474
1474
1474
1474
1474
54
1474
54
1474
1474
1474
54
1474
1474
1474
1474
54
1474
1474
1474
1474
1474
1474
1474
1474
1474
54
1474
1474
1474
1474
1474
1474
1474
1474
1474
54
1474
1474
1474
1474
1474
54
1474
1474
54
1474
1474
1474
54
1474
1474
54
1474
446
134
100
1474
1474
54
54
1474
1474
1474
54
100
1474
1474
54
1474
1474
1474
54
1474
1474
1474
1474
1474
1474
54
1342
1474
1474
1474
1474
54
1474
1474
54
1474
1474
54
1474
1474
54
1474
1474
1474
1474
1474
54
1474
1474
1474
54
1474
1474
54
1474
1474
1474
54
1474
54
1474
1474
54
1474
1474
1474
54
1474
1474
54
1474
1474
54
1474
1474
1474
54
1474
1474
1474
1474
1474
54
1474
1474
54
1474
1474
1474
54
1474
1474
1474
1474
54
1474
1474
54
1474
1474
1474
1474
54
54
1474
1474
1474
54
1474
1474
54
1474
1474
54
1474
1474
1474
54
1474
1474
54
54
1474
1474
54
1474
1474
54
1474
1474
1474
54
1474
54
1474
1474
1474
1474
54
54
1474
1474
1474
54
1474
1474
1474
1474
1474
1474
1474
1474
54
54
1474
1474
1474
54
1474
1474
1474
54
1474
1474
1474
1474
1474
54
54
1474
1474
54
1474
1474
1474
66
54
1474
1474
66
1474
1474
1474
54
1474
1474
54
1474
1474
1474
1474
66
66
54
1474
1474
66
74
1474
1474
1474
74
54
1474
1474
74
1474
1474
82
66
1474
66
1474
66
1474
1474
1474
82
74
74
1474
1474
82
82
1474
1474
1474
82
82
82
1474
1474
1474
1474
82
82
82
90
1474
1474
1474
90
90
90
1474
1474
1474
1474
1474
1474
90
90
90
90
90
90
1474
1474
1474
90
90
90
1474
1474
1474
1474
90
90
90
90
1474
1474
1474
1474
1474
1474
1474
1474
1474
90
90
90
90
90
90
90
90
90
1474
1474
1474
1474
1474
90
90
90
90
90
1474
1474
1474
90
90
90
1474
1474
90
90
1474
90
1474
1474
1474
90
90
90
1474
1474
1474
90
90
90
1474
1474
1474
90
90
90
1474
1474
1474
1474
1474
90
90
90
90
90
1474
1474
90
90
1474
1474
1474
90
90
90
1474
90
1474
1474
1474
90
90
90
1474
90
1474
54
1474
90
90
1474
1474
1474
90
90
90
1474
1474
1474
90
90
90
1474
1474
1474
90
90
90
1474
90
1474
82
54
1474
82
1474
1474
82
90
1474
1474
82
90
1474
1474
82
90
1474
1474
1474
82
82
82
1474
82
1474
74
1474
74
1474
1474
1474
1474
1474
1474
82
66
82
66
66
66
1474
1474
1474
1474
74
66
66
66
1474
1474
1474
54
66
54
1474
1474
1474
66
54
1474
1474
54
1474
1474
1474
1474
54
1474
1474
54
1474
1474
54
1474
1474
1474
54
54
1474
1474
1474
1474
1474
54
54
1474
54
1474
1474
54
1474
1474
54
1474
1474
54
1474
1474
1474
54
1474
1474
54
1474
1474
1474
54
1474
1474
1474
54
54
1474
1474
1474
1474
54
54
1474
1474
54
1474
1474
54
1474
1474
54
1474
1474
54
1474
1474
1474
1474
1474
54
54
1474
1474
54
1474
1474
54
1474
54
1474
54
1474
1474
54
1474
1474
1474
1474
54
54
1474
1474
1474
54
1474
1474
1474
54
1474
54
1474
1474
1474
54
1474
1474
1474
54
1474
1474
1474
54
54
1474
1474
1474
1474
54
1474
1474
54
1474
1474
1474
54
1474
1474
1474
54
54
1474
1474
1474
54
1474
1474
54
1474
1474
54
1474
1474
1474
54
1474
1474
54
1474
1474
54
1474
1474
627
54
1474
1474
54
1474
1474
54
1474
1474
54
1474
1474
1474
1474
54
1474
1474
54
1474
1474
1474
54
1345
1474
1474
1474
54
1474
1474
1474
1474
1474
1474
1474
1474
1474
1474
1474
1474
1474
54
1474
1474
1474
1474
1474
54
1474
1474
1474
54
1474
54
1474
1474
1474
1474
1474
1474
1474
54
1474
1474
1474
54
1474
1474
54
1474
1474
1474
54
1474
1474
1474
1474
1474
54
1474
1474
54
1474
1474
1474
54
1474
1474
54
1474
1474
54
1474
1474
54
1474
1474
54
1474
1474
54
1474
1474
54
1474
1474
1474
1474
54
54
1474
1474
1474
1474
54
54
1474
1474
1474
54
1474
1474
1474
54
54
1474
1474
1474
1474
1474
1474
1474
54
54
1474
1474
1474
54
54
1474
1474
54
1474
1474
54
1474
1474
54
1474
1474
1474
54
1474
54
1474
1474
1474
54
1474
1474
54
1474
54
1474
1474
54
1474
1474
1474
1474
1474
1474
1474
1474
54
54
1474
1474
1474
54
1474
54
1474
1474
54
1474
1474
1474
54
54
1474
1474
1474
1474
66
66
54
1474
1474
1474
1474
1474
66
66
74
54
1474
1474
1474
74
54
1474
1474
1474
54
1474
1474
1474
54
1474
1474
1474
82
82
1474
1474
82
54
1474
1474
1474
1474
1474
1474
82
82
82
54
1474
1474
1474
66
82
82
1474
1474
1474
1474
1474
66
66
90
66
66
1474
1474
1474
66
66
90
1474
1474
1474
1474
90
66
66
66
1474
1474
1474
1474
1474
66
90
90
90
90
1474
66
1474
1474
1474
66
90
90
1474
66
1474
1474
1474
1474
66
90
66
66
1474
1474
66
66
1474
1474
1474
82
82
66
1474
1474
1474
1474
74
66
66
66
1474
1474
1474
66
66
66
1474
1474
1474
66
66
66
1474
1474
1474
66
66
66
1474
1474
1474
66
66
66
1474
66
1474
1474
1474
66
66
66
1474
1474
66
66
1474
1474
54
54
1474
1474
1474
1474
1474
54
54
1474
1474
1474
1474
1474
54
54
1474
1474
54
1474
1474
54
1474
1474
1474
54
54
1474
1474
1474
1474
54
54
1474
1474
1474
1474
1474
1474
54
54
1474
1474
54
1474
1474
1474
1474
1474
1474
54
54
1474
1474
54
1474
1474
1474
54
1474
1474
1474
1474
54
54
1474
54
1474
1474
1474
1474
54
54
1474
1474
1474
54
1474
54
1474
1474
54
1474
1474
1474
54
1474
1474
54
1474
54
1474
1474
1474
1474
54
54
1474
1474
54
1474
1474
54
1474
1474
54
1474
1474
1474
1474
1474
54
54
1474
1474
1474
1474
1474
1474
1474
1474
54
54
1474
1474
1474
1474
1474
54
54
1474
1474
1474
54
1474
1474
1474
1474
1474
54
54
1474
1474
54
1474
1474
1474
54
1474
54
1474
1474
1474
1474
54
54
1474
1474
54
1474
1474
1474
1474
54
1474
1474
54
1474
1474
54
1474
1474
54
1474
1474
1474
54
1474
1474
54
1474
1474
54
1474
1474
54
1474
1474
1474
54
1474
1474
1474
1474
1474
54
54
1474
1474
1474
54
54
1474
1474
1474
1474
54
1474
54
1474
1474
1474
1474
1474
1474
1474
1474
1474
1474
54
54
1474
1474
1474
1474
1474
54
54
1474
1474
1474
54
1474
1474
1474
54
1474
1474
1474
54
1474
54
1474
1474
1474
54
1474
54
1474
1474
1474
1474
1474
54
54
1474
54
1474
1474
1474
54
1474
1474
54
1474
1474
1474
54
54
1474
1474
1474
54
1474
1474
54
1474
1474
54
1474
1474
1474
54
1474
54
1474
1474
54
1474
1474
1474
1474
1474
1474
1474
1474
54
54
1474
1474
54
1474
1474
54
1474
1474
54
1474
1474
1474
54
1474
1474
54
54
1474
1474
1474
54
1474
1474
54
1474
1474
54
1474
1474
54
1474
1474
54
1474
1474
1474
54
54
1474
1474
1474
1474
54
54
1474
1474
1474
1474
1474
1474
54
54
1474
1474
1474
54
1474
1474
1474
54
1474
1474
1474
54
54
1474
1474
1474
54
54
1474
1474
54
1474
1474
1474
1474
54
1474
1474
54
54
1474
1474
1474
1474
54
54
1474
1474
1474
54
1474
1474
54
1474
1474
1474
1474
54
54
1474
1474
1474
1474
54
54
1474
1474
54
1474
54
1474
1474
1474
1474
54
54
1474
1474
1474
1474
1474
1474
1474
1474
54
54
1474
54
1474
1474
1474
1474
54
1474
1474
54
1474
799
1474
1474
1474
54
54
1474
1474
1474
54
1474
1474
54
1474
1474
1474
1474
1474
54
1474
1474
1474
1474
1474
1474
1474
1474
1474
54
1474
1474
54
1474
1474
54
1474
1474
1474
54
1474
54
1474
1474
54
1474
1474
54
1474
1474
54
1474
1474
54
1474
1474
1474
1474
1474
1474
1474
54
1474
54
1474
1474
54
1474
1474
1474
54
1474
54
1474
1474
54
1474
1474
54
1474
1474
1474
54
1474
54
1474
1474
1474
1474
1474
1474
54
1474
1474
54
1474
1474
54
1474
1474
1474
1474
54
1474
1474
54
1474
1474
54
1474
1474
54
1474
1474
54
1474
1474
1474
54
1474
54
1474
1474
54
1474
1474
1474
1474
54
1474
1474
1474
54
1474
1474
54
1474
1474
54
1474
1474
1474
1474
54
1474
54
1474
1474
1474
54
1474
1474
1474
54
1474
1474
1474
1474
1474
1474
1474
1474
54
1474
1474
1474
1474
1474
1474
1474
1474
1474
1474
1474
54
1474
1474
1474
1474
54
1474
1474
54
1474
1474
54
1474
54
1474
1474
54
1474
1474
1474
54
1474
54
1474
1474
54
1474
1474
54
1474
1474
1474
54
1474
1474
54
1474
1474
1474
54
1474
1474
54
1474
1474
1474
54
1474
1474
1474
54
1474
1474
54
1474
1474
54
1474
1474
54
1474
1474
54
1474
1474
1474
54
1474
1474
54
1474
1474
54
1474
1474
1474
1474
1474
54
1474
1474
54
1474
1474
1474
54
1474
1474
54
1474
1474
54
1474
1474
54
1474
54
1474
1474
54
1474
1474
54
1474
1474
54
1474
1474
1474
1474
1474
54
1474
1474
1474
1474
1474
54
1474
1474
1474
54
1474
1474
1474
54
1474
1474
1474
54
1474
1474
54
1474
1474
1474
54
1474
1474
1474
54
1474
1474
1474
54
1474
1474
54
1474
1474
54
1474
1474
1474
54
1474
1474
54
1474
1474
1474
54
1474
1474
1474
54
1474
1474
54
1474
54
1474
1474
54
1474
1474
1474
54
1474
54
1474
1474
54
1474
1474
54
1474
1474
1474
1474
54
1474
1474
1474
54
1474
1474
1474
1474
1474
1474
1474
1474
1474
1474
1474
54
1474
1474
1474
1474
1474
54
1474
1474
1474
1474
1474
54
1474
1474
1474
1474
1474
1474
1474
1474
54
1474
1474
54
1474
1474
1474
1474
1474
1474
54
1474
1474
1474
1474
54
1474
1474
54
1474
1474
54
1474
1474
54
1474
1474
1474
54
1474
1474
54
1474
1474
54
1474
1474
54
1474
54
1474
1474
1474
54
1474
1474
1474
1474
1474
1474
1474
1474
1474
1474
1474
1474
1474
1474
54
1474
1474
1474
1474
1474
54
1474
1474
1474
54
1474
1474
54
1474
1474
54
1474
54
1474
1474
54
1474
1474
54
1474
1474
1474
54
1474
54
1474
1474
1474
54
1474
54
1474
1474
1474
54
1474
1474
54
1474
54
1474
1474
54
1474
1474
54
1474
1474
54
1474
1474
54
1474
1474
54
1474
1474
54
1474
1474
54
1474
1474
54
1474
1474
1474
54
1474
1474
54
1474
1474
54
1474
1474
54
1474
1474
1474
54
1474
1474
54
1474
1474
54
1474
1474
54
1474
1474
1474
54
1474
54
1474
1474
54
1474
1474
1474
54
1474
54
1474
1474
54
1474
1474
1474
54
1474
1474
54
1474
1474
1474
54
1474
1474
1474
1474
54
1474
1474
54
1474
1474
54
1474
1474
1474
54
1474
1474
1474
54
1474
1474
1474
54
1474
1474
54
1474
1474
54
1474
54
1474
1474
1474
54
1474
54
1474
1474
54
1474
1474
54
1474
1474
1474
1474
1474
54
1474
1474
1474
54
1474
1474
1474
1474
54
1474
1474
54
1474
1474
1474
54
1474
1474
1474
54
1474
1474
1474
1474
1474
54
1474
54
1474
1474
54
1474
1474
1474
1474
54
1474
1474
1474
54
1474
1474
54
1474
1474
54
1474
1474
1474
54
1474
1474
54
1474
1474
54
1474
1474
1474
1474
54
1474
1474
54
1474
1474
1474
1474
54
1474
1474
1474
54
1474
1474
54
1474
54
1474
1474
54
1474
1474
54
1474
1474
1474
54
1474
1474
54
1474
1474
1474
54
1474
1474
1474
1474
1474
1474
1474
1474
1474
54
1474
1474
1474
1474
54
1474
1474
1474
54
1474
1474
54
1474
1474
1474
54
1474
1474
1474
1474
1474
54
1474
1474
1474
54
1474
1474
1474
54
1474
1474
1474
1474
1474
1474
1474
1474
1474
1474
1474
1474
1474
1474
1474
1474
1474
1474
1474
1474
1474
1474
1474
1474
1474
1474
1474
54
1474
1474
1474
1474
1474
54
1474
1474
54
1474
1474
54
1474
1474
1474
1474
54
1474
1474
1474
1474
1474
1474
54
1474
1474
1474
54
1474
1474
1474
1474
1474
1474
54
1474
1474
1474
1474
1474
1474
54
1474
1474
1474
1474
1474
1474
1474
54
1474
1474
1474
1474
1474
54
1474
1474
1474
54
1474
1474
54
1474
1474
54
1474
1474
1474
1474
54
1474
1474
1474
1474
54
1474
1474
1474
54
1474
1474
1474
1474
54
1474
1474
1474
54
1474
1474
54
1474
1474
1474
54
1474
54
1474
1474
54
1474
1474
54
1474
1474
1474
54
1474
54
1474
1474
1474
54
1474
1474
1474
54
1474
1474
1474
1474
54
1474
1474
54
1474
1474
1474
54
1474
1474
1474
1474
1474
1474
1474
1474
1474
1474
1474
1474
1474
54
1474
1474
1474
1474
54
1474
1474
1474
54
1474
1474
54
1474
1474
54
1474
1474
1474
54
1474
1474
54
1474
1474
54
1474
1474
1474
54
1474
1474
54
1474
1474
1474
54
1474
1474
1474
1474
1474
54
1474
1474
1474
54
1474
1474
54
1474
1474
1474
1474
1474
1474
54
1474
1474
1474
54
1474
54
1474
1474
1474
54
1474
1474
54
1474
54
1342
1474
1474
1474
1474
1474
1474
1474
1474
1474
1474
1474
54
1474
1474
1474
1474
1474
54
1474
1474
1474
1474
1474
1474
1474
1474
54
1474
1474
1474
1474
1474
54
1474
54
1474
1474
1474
54
1474
54
1474
1474
1474
54
1474
54
1474
1474
54
1474
1474
54
1474
1474
1474
1474
54
1474
1474
1474
54
1474
54
1474
1474
54
1474
1474
1474
54
1474
54
1474
1474
1474
54
1474
1474
54
1474
1474
1474
54
1474
54
1474
1474
54
1474
1474
1474
54
54
1474
1474
1474
1474
1474
1474
1474
1474
1474
1474
1474
1474
54
54
1474
1474
1474
1474
54
54
1474
1474
1474
1474
1474
54
54
1474
54
1474
1474
54
1474
1474
1474
1474
54
54
1474
1474
54
1474
1474
1474
1474
1474
54
54
1474
1474
1474
1474
1474
1474
1474
1474
1474
54
54
1474
1474
1474
1474
54
54
1474
1474
1474
54
1474
1474
1474
54
1474
1474
54
54
1474
1474
54
1474
1474
1474
54
1474
1474
54
1474
1474
1474
54
1474
1474
54
1474
1474
54
1474
1474
54
1474
1474
54
1474
1474
1474
1474
54
1474
1474
710
54
54
1474
1474
1474
54
1474
1474
1474
54
1474
1474
1474
54
1474
54
1474
1474
54
1474
1474
54
1474
1474
54
1474
1474
54
1474
1474
54
1474
1474
54
1474
1474
54
1474
1474
54
1474
1474
54
1474
1474
54
1474
1474
54
1474
1474
54
1474
1474
54
1474
1474
54
1474
1474
1474
54
1474
1474
54
1474
54
1474
1474
54
1474
1474
54
1474
1474
54
1474
1474
54
1474
1474
1474
54
1474
1474
54
1474
1474
54
1474
1474
54
1474
54
1474
1474
1474
54
1474
54
1474
1474
1474
54
1474
1474
54
1474
1474
1474
54
1474
1474
54
1474
1474
1474
54
1474
54
1474
1474
1474
54
1474
1474
54
1474
54
1474
1474
1474
54
1474
54
1474
1474
1474
54
1474
1474
1474
1474
1474
1474
1474
54
1474
1474
1474
1474
54
1474
1474
1474
1474
54
1474
1474
54
1474
1474
1474
54
1474
54
1474
1474
54
1474
1474
54
1474
1474
54
1474
1474
54
1474
1474
1474
1474
54
1474
1474
54
1474
1474
54
1474
1474
54
1474
1474
1474
1474
1474
54
1474
1474
54
1474
1474
1474
54
1474
1474
1474
54
1474
54
1474
1474
54
1474
1474
54
1474
1474
1474
54
1474
54
1474
1474
54
1474
1474
1474
1474
1474
1474
54
1474
1474
1474
54
1474
1474
1474
1474
1474
1474
54
1474
1474
54
1474
1474
1474
54
1474
1474
54
1474
1474
54
1474
1474
1474
54
1474
1474
54
1474
1474
1474
1474
54
1474
1474
54
1474
1474
1474
54
1474
1474
54
1474
1474
1474
1474
54
1474
1474
1474
1474
54
463
54
66
66
54
258
54
1474
682
1474
54
351
54
345
54
107
104
96
432
54
54
54
54
348
152
54
92
92
1474
54
228
100
54
192
439
54
166
1474
54
1404
100
54
100
54
1345
1474
1474
54
1474
1474
1474
54
1474
54
1474
1474
1474
54
1474
1474
1474
1474
1474
1474
1474
54
1474
1474
1474
1474
54
1474
1474
1474
1474
1474
54
1474
1474
1474
54
1474
1474
54
1474
1474
54
1474
1474
54
1474
1474
1474
54
1474
54
1474
1474
54
1474
1474
1474
1474
54
1474
1474
54
1474
1474
54
1474
1474
1474
1474
1474
54
1474
54
1474
1474
1474
1474
54
1474
1474
1474
1474
1474
1474
54
1474
1474
54
1474
1474
1474
54
1474
1474
54
1474
54
1474
1474
1474
54
1474
1474
1474
1474
1474
54
1474
1474
54
1474
1474
54
1474
1474
54
1474
1474
54
1474
1474
1474
1474
54
1474
1474
54
1474
1474
1474
54
1474
54
1474
1474
54
1474
1474
1474
54
1474
1474
54
1474
1474
54
1474
1474
54
1474
54
1474
1474
54
1474
1474
54
1474
1474
1474
54
1474
1474
54
1474
54
1474
1474
54
1474
1474
54
1474
1474
54
1474
1474
54
1474
1474
54
1474
1474
1474
54
1474
54
1474
1474
54
1474
1474
1474
54
1474
1474
1474
1474
1474
1474
54
1474
1474
1474
54
1474
1474
1474
54
1474
1474
54
1474
54
1474
1474
1474
1474
1474
1474
1474
54
1474
54
1474
1474
54
1474
1474
1474
1474
54
1474
1474
54
1474
1474
54
1474
1474
1474
54
1474
54
1474
1474
1474
1474
1474
1474
1474
54
1474
1474
54
1474
1474
1474
54
1474
1474
54
1474
1474
54
1474
1474
54
1474
1474
1474
54
1474
54
1474
1474
54
1474
1474
1474
54
1474
54
1474
1474
54
1474
1474
1474
54
1474
1474
54
1474
1474
1474
54
1474
1474
54
1474
1474
54
1474
1474
54
1474
1474
54
1474
1474
1474
1474
54
1474
1474
1474
1474
54
1474
1474
1474
54
1474
54
1474
1474
1474
54
1474
1474
54
1474
54
1474
1474
54
1474
1474
1474
54
1474
1474
1474
54
1474
1474
1474
1474
1474
54
1474
1474
1474
1474
1474
1474
1474
54
1474
1474
1474
1474
54
1474
1474
1474
54
1474
1474
1474
54
1474
1474
1474
54
1474
1474
54
1474
1474
54
1474
54
1474
1474
54
1474
1474
1474
54
1474
1474
54
1474
1474
54
1474
1474
54
1474
54
1474
1474
54
1474
1474
1474
54
1474
54
1474
1474
1474
54
1474
54
1474
1474
1474
54
1474
1474
1474
54
1474
1474
1474
54
1474
1474
54
1474
1474
1474
54
1474
1474
1474
1474
54
1474
1474
54
1474
1474
54
1474
1474
1474
54
1474
54
1474
1474
1474
1474
54
1474
1474
54
1474
1474
54
1474
1474
1474
1474
54
1474
1474
54
1474
1474
1474
1474
54
1474
1474
1474
54
1474
1474
1474
54
1474
1474
1474
54
1474
54
1474
1474
1474
54
1474
54
1474
1474
1474
54
1474
1474
54
1474
54
1474
1474
54
1474
1474
54
1474
1474
1474
54
1474
54
1474
1474
54
1474
1474
54
1474
1474
54
1474
1474
54
1474
1474
54
1474
1474
54
1474
1474
1474
54
1474
1474
54
1474
1474
54
1474
1474
54
1474
1474
1474
54
1474
1474
1474
54
1474
1474
1474
54
1474
1474
54
1474
1474
1474
54
1474
54
1474
1474
1474
1474
54
1474
1474
54
1474
1474
54
1474
1474
54
1474
1474
1474
54
1474
1474
54
1474
54
1474
1474
54
1474
1474
1474
54
1474
1474
1474
1474
1474
1474
1474
54
1474
1474
1474
1474
54
1474
1474
1474
1474
1474
54
1474
1474
54
1474
1474
1474
1474
1474
1474
1474
1474
1474
54
1474
1474
1474
54
1474
1474
54
1474
1474
1474
54
1474
1474
54
1474
1474
1474
54
1474
54
1474
1474
1474
1474
54
1474
1474
1474
1474
1474
54
1474
54
1474
1474
1474
1474
54
1474
1474
54
1474
1474
54
1474
1474
1474
1474
1474
1474
1474
1474
1474
1474
1474
54
1474
54
1474
1474
1474
1474
54
1474
1474
1474
54
1474
1474
54
1474
1474
1474
54
1474
1474
1474
1474
54
1474
1474
1474
1474
1474
54
1474
54
1474
1474
1474
1474
1474
1474
54
1474
1474
1474
1474
54
1474
1474
1474
1474
54
1474
1474
1474
54
1474
1474
54
1474
1474
54
1474
54
1474
1474
1474
54
1474
1474
54
1474
1474
1474
54
1474
1474
54
1474
1474
1474
54
1474
54
1474
1474
1474
54
1474
1474
54
1474
1474
54
1474
1474
1474
54
1474
1474
54
1474
1474
1474
54
1474
1474
54
1474
1474
54
1474
54
1474
1474
54
1474
1474
54
1474
1474
1474
1474
54
1474
1474
1474
1474
1474
1474
1474
1474
54
1474
1474
1474
1474
54
1474
1474
54
1474
1474
1474
1474
54
1474
1474
54
1474
1474
54
1474
1474
1474
54
1474
1474
1474
54
1474
1474
54
1474
1474
1474
54
1474
1474
54
1474
1474
54
1474
1474
54
1474
1474
1474
1474
54
1474
1474
1474
1474
1474
1474
54
1474
1474
1474
1474
54
1474
1474
1474
54
1474
1474
54
1474
1474
54
1474
1474
1474
54
1474
1474
1474
54
1474
1474
1474
54
1474
54
1474
1474
54
1474
1474
54
1474
1474
54
1474
1474
54
1474
1474
1474
54
1474
1474
54
1474
1474
1474
54
1474
1474
54
1474
1474
1474
1474
54
1474
1474
1474
54
1474
1474
54
1474
54
1474
1474
54
1474
1474
54
1474
1474
54
1474
1474
54
1474
1474
1474
54
1474
1474
54
1474
54
1474
1474
1474
54
1474
1474
1474
1474
1474
1474
54
1474
54
1474
1474
54
1474
1474
1474
1474
1474
54
1474
1474
54
1474
1474
1474
1474
1474
1474
54
1474
1474
1474
54
1474
1474
1474
1474
1474
1474
1474
54
1474
1474
1474
1474
54
1474
1474
1474
54
1474
1474
1474
54
1474
1474
54
1474
1474
54
1474
1474
54
1474
1474
1474
54
1474
1474
1474
1474
1474
1474
1474
1474
1474
1474
1474
1474
1474
1474
1474
1474
54
1474
1474
1474
1474
1474
54
1474
1474
1474
1474
54
1474
54
1474
1474
1474
54
1474
54
1474
1474
54
1474
1474
1474
1474
1474
1474
1474
54
1474
1474
1474
54
1474
1474
54
1474
1474
1474
54
1474
54
1474
1474
1474
1474
1474
54
1474
1474
1474
1474
1474
54
1474
1474
54
1474
1474
1474
54
1474
1474
54
1474
1474
54
1474
1474
54
1474
54
1474
1474
54
1474
1474
54
1474
1474
1474
1474
54
1474
1474
1474
1474
1474
54
1474
54
1474
1474
54
1474
1474
54
1474
1474
1474
1474
1474
54
1474
1474
54
1474
1474
54
1474
1474
1474
54
1474
1474
54
1474
1474
54
1474
1474
54
1474
1474
1474
54
1474
1474
54
1474
1474
1474
54
1474
1474
54
1474
1474
54
1474
1474
54
1474
1474
54
1474
1474
1474
54
1474
54
1474
1474
1474
1474
54
1474
1474
54
1474
1474
54
1474
1474
1474
54
1474
1474
54
1474
54
1474
1474
54
1474
1474
54
1474
1474
54
1474
1474
1474
54
1474
1474
54
1474
54
1474
1474
1474
54
1474
54
1474
1474
1474
54
1474
1474
54
1474
54
1474
1474
54
1474
1474
1474
54
1474
1474
1474
1474
54
1474
1474
1474
54
1474
1474
54
1474
1474
54
1474
1474
1474
54
1474
54
1474
1474
54
1474
1474
1474
54
1474
1474
1474
54
1474
1474
1474
1474
54
1474
1474
1474
54
1474
1474
1474
54
1474
1474
1474
54
1474
1474
54
1474
1474
54
1474
1474
1474
54
1474
1474
1474
54
1474
54
1474
1474
1474
54
1474
54
1474
1474
54
1474
1474
54
1474
1474
1474
54
1474
1474
1474
54
1474
1474
54
1474
1474
54
1474
1474
1474
54
1474
54
1474
1474
1474
1474
1474
1474
1474
1474
1474
54
1474
1474
1474
1474
1474
54
1474
1474
1474
54
1474
1474
1474
54
1474
1474
54
1474
1474
54
1474
1474
1474
1474
54
1474
1474
54
1474
1474
1474
54
1474
1474
54
1474
1474
1474
54
1474
1474
54
1474
1474
1474
54
1474
54
1474
1474
54
1474
1474
1474
54
1474
1474
54
1474
1474
54
1474
1474
54
1474
54
1474
1474
1474
1474
1474
54
1474
1474
54
1474
54
1474
1474
1474
54
1474
1474
54
1474
1474
1474
1474
54
1474
1474
54
1474
1474
1474
1474
54
1474
1474
1474
54
1474
1474
1474
1474
1474
1474
1474
54
1474
1474
1474
1474
54
1474
54
1474
1474
1474
54
1474
54
1474
1474
1474
54
1474
1474
1474
1474
1474
54
1474
1474
1474
54
1474
1474
1474
54
1474
1474
1474
1474
1474
54
1474
1474
54
1474
1474
1474
54
1474
1474
54
1474
1474
1474
54
1474
1474
54
1474
1474
54
1474
1474
1474
54
1474
1474
1474
1474
1474
54
1474
1474
1474
54
1474
1474
54
1474
1474
1474
54
1474
54
1474
1474
1474
1474
54
1474
1474
54
1474
1474
1474
1474
54
1474
1474
1474
1474
54
1474
1474
54
1474
1474
1474
1474
54
1474
1474
54
1474
1474
54
1474
1474
1474
54
1474
1474
1474
1474
1474
1474
54
1474
1474
1474
54
1474
1474
1474
1474
54
1474
1474
1474
1474
54
1474
1474
54
1474
1474
1474
54
1474
1474
54
1474
54
1474
1474
1474
54
1474
1474
1474
1474
54
1474
1474
54
1474
1474
54
1474
1474
54
1474
54
1474
1474
1474
1474
1474
1474
1474
1474
54
1474
1474
1474
1474
1474
54
1474
1474
1474
54
1474
1474
54
1474
1474
54
1474
1474
1474
54
1474
54
1474
1474
54
1474
1474
54
1474
1474
1474
54
1474
1474
54
1474
1474
1474
54
1474
1474
54
1474
1474
1474
54
1474
1474
54
1474
1474
54
1474
54
1474
1474
54
1474
1474
1474
1474
54
1474
1474
1474
1474
54
1474
1474
54
1474
1474
1474
54
1474
54
1474
1474
1474
54
1474
1474
54
1474
1474
1474
54
1474
1474
1474
54
1474
1474
1474
1474
1474
1474
1474
1474
54
1474
1474
1474
54
1474
1474
1474
54
1474
54
1474
1474
1474
54
1474
54
1474
1474
54
1474
1474
1474
1474
1474
1474
1474
1474
1474
1474
1474
1474
1474
1474
1474
1474
1474
54
1474
1474
54
1474
1474
54
1474
1474
1474
54
1474
1474
54
1474
1474
1474
54
1474
54
1474
1474
54
1474
1474
1474
54
1474
1474
1474
1474
54
1474
54
1474
1474
54
1474
1474
54
1474
1474
54
1474
1474
1474
54
1474
1474
1474
1474
54
1474
1474
54
1474
54
1474
1474
1474
1474
1474
1474
1474
1474
54
1474
1474
1474
1474
54
1474
1474
54
1474
1474
1474
54
1474
1474
54
1474
1474
1474
54
1474
1474
54
1474
1474
1474
54
1474
54
1474
1474
54
1474
1474
1474
54
1474
1474
54
1474
1474
54
1474
1474
1474
54
1474
1474
1474
54
1474
1474
1474
54
1474
1474
1474
1474
54
1474
1474
54
1474
1474
54
1474
1474
1474
1474
1474
1474
1474
1474
1474
1474
1474
54
1474
680
54
652
1045
54
54
218
92
100
54
100
54
1344
1474
1474
1474
54
1474
1474
1474
1474
54
1474
1474
1474
54
1474
1474
1474
1474
1474
1474
1474
1474
1474
54
1474
1474
1474
54
1474
1474
54
1474
1474
1474
1474
1474
54
1474
1474
1474
54
1474
1474
1474
1474
54
1474
1474
54
1474
1474
54
1474
1474
1474
54
1474
1474
54
1474
1474
1474
1474
1474
1474
1474
1474
1474
1474
1474
1474
54
1474
1474
1474
1474
1474
1474
1474
54
1474
1474
54
1474
1474
1474
1474
1474
1474
1474
1474
54
1474
1474
1474
54
1474
1474
54
1474
1474
54
1474
1474
1474
1474
1474
1474
1474
1474
1474
1474
54
1474
1474
1474
1474
1474
1474
1474
1474
1474
1474
1474
54
1474
1474
1474
1474
1474
1474
1474
1474
1474
54
1474
1474
1474
1474
1474
54
1474
1474
1474
54
1474
1474
1474
1474
54
1474
1474
54
1474
1474
1474
54
1474
1474
1474
1474
1474
54
1474
1474
1474
1474
1474
54
1474
1474
1474
54
1474
1474
54
1474
1474
1474
54
1474
1474
54
1474
1474
1474
1474
54
1474
1474
1474
1474
1474
1474
54
1474
1474
54
1474
1474
1474
54
1474
54
1474
1474
1474
1474
54
1474
1474
54
1474
1474
1474
54
1474
1474
54
1474
1474
1474
54
1474
1474
1474
1474
54
1474
1474
54
1474
1474
1474
54
1474
1474
54
1474
1474
1474
1474
1474
54
1474
1474
54
1474
1474
1474
54
1474
1474
1474
1474
1474
54
1474
1474
1474
54
1474
1474
1474
54
1474
1474
54
1474
1474
1474
54
1474
1474
1474
54
1474
1474
1474
1474
1474
1474
1474
1474
1474
1474
1474
1474
1474
506
54
532
435
54
54
128
92
100
54
100
105
92
100
54
100
54
1346
1474
1474
54
1474
1474
1474
54
1474
1474
54
1474
54
1474
1474
1474
1474
54
1474
1474
54
1474
1474
1474
1474
54
1474
1474
54
1474
1474
54
1474
1474
54
1474
1474
1474
54
1474
1474
54
1474
1474
1474
54
1474
1474
54
1474
1474
1474
54
1474
54
1474
1474
54
1474
1474
1474
54
1474
1474
54
1474
1474
54
1474
1474
54
1474
54
1474
1474
54
1474
1474
54
1474
1474
1474
54
1474
1474
54
1474
54
1474
1474
54
1474
1474
54
1474
1474
54
1474
1474
1474
1474
1474
1474
1474
1474
54
1474
1474
1474
1474
1474
54
1474
54
1474
1474
54
1474
1474
54
1474
1474
1474
54
1474
54
1474
1474
1474
1474
54
1474
1474
1474
1474
54
1474
1474
1474
1474
54
1474
1474
54
1474
1474
1474
54
1474
54
1474
1474
1474
54
1474
1474
1474
54
1474
1474
1474
1474
54
1474
1474
54
1474
1474
1474
1474
54
1474
1474
1474
54
1474
1474
1474
54
1474
1474
1474
54
1474
54
1474
1474
1474
54
1474
54
1474
1474
1474
54
1474
1474
54
1474
54
1474
1474
54
1474
1474
1474
54
1474
1474
1474
1474
54
1474
1474
54
1474
1474
54
1474
54
1474
1474
54
1474
1474
1474
54
1474
54
1474
1474
54
1474
1474
54
1474
1474
54
1474
1474
1474
1474
1474
1474
1474
1474
54
1474
1474
1474
1474
54
1474
1474
1474
54
1474
1474
54
1474
54
1474
1474
1474
1474
1474
54
1474
1474
54
1474
1474
1474
54
1474
1474
54
1474
1474
54
1474
1474
1474
54
1474
1474
54
1474
54
1474
1474
54
1474
1474
54
1474
1474
54
1474
1474
1474
1474
54
1474
1474
54
1474
1474
1474
54
1474
54
1474
1474
1474
54
1474
1474
54
1474
54
1474
1474
1474
1474
54
1474
1474
54
1474
1474
54
1474
1474
1474
54
1474
1474
54
1474
1474
1474
54
1474
1474
1474
54
1474
1474
1474
1474
1474
1474
54
1474
1474
1474
1474
1474
1474
1474
1474
1474
1474
1474
1474
1474
1474
1474
54
1474
1474
1474
1474
1474
54
1474
1474
1474
1474
54
1474
1474
54
1474
1474
54
1474
1474
1474
54
1474
1474
1474
54
1474
54
1474
1474
54
1474
1474
54
1474
1474
54
1474
1474
54
1474
1474
54
1474
1474
54
1474
1474
1474
1474
54
1474
1474
54
1474
1474
54
1474
1474
54
1474
1474
1474
54
1474
54
1474
1474
54
1474
1474
1474
54
1474
1474
54
1474
1474
1474
54
1474
1474
54
1474
1474
54
1474
1474
1474
1474
1474
1474
54
1474
1474
1474
1474
1474
54
1474
1474
54
1474
54
1474
1474
54
1474
1474
1474
54
1474
1474
1474
54
1474
1474
1474
54
1474
1474
1474
54
1474
1474
1474
54
1474
1474
1474
54
1474
1474
54
1474
1474
1474
1474
1474
54
1474
1474
1474
1474
1474
54
1474
1474
54
1474
1474
54
1474
1474
54
1474
1474
54
1474
1474
54
1474
1474
1474
54
1474
1474
1474
54
1474
1474
54
1474
1474
54
1474
1474
1474
54
1474
1474
54
1474
54
1474
1474
54
1474
1474
1474
54
1474
1474
1474
1474
1474
1474
54
1474
1474
1474
54
1474
1474
54
1474
1474
1474
54
1474
1474
1474
54
1474
1474
1474
54
1474
54
1474
1474
1474
1474
1474
54
1474
1474
1474
1474
1474
1474
1474
1474
54
1474
1474
54
1474
54
1474
1474
1474
54
1474
1474
1474
54
1474
1474
1474
1474
1474
1474
1474
1474
1474
1474
1474
1474
1474
1474
1474
1474
1474
1474
1474
1474
1474
1474
1474
1474
1474
1474
1474
1474
1474
1474
1474
1474
1474
54
1474
54
1474
1474
54
1474
1474
54
1474
1474
54
1474
1474
54
1474
1474
54
1474
1474
54
1474
1474
54
1474
1474
54
1474
1474
54
1474
1474
54
1474
1474
1474
54
1474
54
1474
1474
54
1474
1474
54
1474
1474
54
1474
1474
54
1474
1474
1474
1474
1474
54
1474
54
1474
1474
1474
54
1474
1474
1474
54
1474
1474
1474
54
1474
1474
1474
54
1474
1474
1474
1474
1474
1474
1474
54
1474
1474
1474
1474
54
1474
1474
54
1474
1474
1474
54
1474
1474
1474
54
1474
1474
1474
54
1474
1474
54
1474
1474
54
1474
1474
1474
54
1474
1474
54
1474
1474
1474
1474
1474
1474
1474
1474
1474
1474
1474
1474
1474
1474
1474
1474
1474
54
1474
1474
1474
1474
1474
54
1474
1474
1474
1474
54
1474
1474
1474
1474
54
1474
1474
1474
54
1474
1474
1474
54
1474
54
1474
1474
1474
54
1474
1474
54
1474
1474
1474
1474
1474
1474
1474
1474
1474
54
1474
1474
1474
1474
1474
1474
1474
54
1474
1474
1474
1474
54
1474
1474
1474
54
1474
1474
54
1474
1474
1474
1474
1474
54
1474
1474
1474
54
1474
1474
1474
54
1474
1474
54
1474
1474
54
1474
1474
1474
54
1474
1474
1474
54
1474
54
1474
1474
1474
1474
1474
54
1474
1474
1474
54
1474
1474
1474
1474
1474
54
1474
1474
1474
54
1474
1474
54
1474
1474
1474
54
1474
1474
1474
1474
1474
1474
54
1474
1474
1474
1474
54
1474
1474
1474
1474
1474
1474
1474
1474
1474
54
1474
1474
1474
1474
54
1474
1474
54
1474
1474
1474
1474
54
1474
1474
54
1474
1474
1474
1474
54
1474
1474
54
1474
1474
1474
54
1474
1474
1474
54
1474
1474
54
1474
1474
1474
1474
1474
1474
1474
1474
1474
1474
54
1474
1474
1474
54
1474
1474
1474
54
1474
1474
1474
1474
54
1474
1474
54
1474
1474
54
1474
1474
1474
54
1474
54
1474
1474
54
1474
1474
54
1474
1474
1474
54
1474
1474
54
1474
54
1474
1474
54
1474
1474
1474
1474
1474
54
1474
1474
54
1474
1474
54
1474
1474
54
1474
1474
1474
1474
1474
54
1474
1474
54
1474
1474
1474
54
1474
1474
54
1474
1474
54
1474
54
1474
1474
54
1474
1474
1474
1474
1474
1474
54
1474
1474
1474
54
1474
1474
54
1474
1474
1474
54
1474
1474
1474
1474
1474
54
1474
54
1474
1474
1474
54
1474
1474
54
1474
1474
1474
54
1474
1474
54
1474
1474
1474
54
1474
54
1474
1474
1474
54
1474
1474
54
1474
54
1474
1474
1474
54
1474
54
1474
1474
1474
54
1474
1474
54
1474
54
1474
1474
54
1474
1474
1474
54
1474
1474
54
1474
1474
54
1474
1474
54
1474
1474
54
1474
54
1474
1474
1474
54
1474
1474
1474
54
1474
1474
1474
54
1474
1474
1474
54
1474
1474
1474
1474
1474
1474
54
1474
1474
1474
1474
1474
54
1474
1474
1474
54
1474
1474
54
1474
1474
1474
54
1474
54
1474
1474
1474
1474
54
1474
1474
54
1474
1474
1474
54
1474
1474
1474
1474
1474
1474
1474
54
1474
1474
1474
54
1474
1474
54
1474
1474
1474
54
1474
1474
1474
54
1474
1474
54
1474
1474
54
1474
54
1474
1474
1474
54
1474
54
1474
1474
1474
1474
1474
54
1474
1474
1474
1474
54
1474
1474
54
1474
1474
54
1474
1474
54
1474
1474
1474
54
1474
1474
1474
54
1474
1474
54
1474
54
1474
1474
54
1474
1474
1474
54
1474
1474
54
1474
1474
1474
54
1474
1474
54
1474
1474
54
1474
1474
54
1474
1474
1474
1474
54
1474
1474
54
1474
1474
54
1474
1474
54
1474
1474
1474
54
1474
1474
54
1474
1474
1474
1474
1474
1474
1474
1474
1474
1474
54
1474
1474
1474
1474
1474
1474
1474
1474
1474
54
1474
1474
1474
54
1474
1474
1474
54
1474
1474
1474
1474
54
1474
1474
54
1474
1474
1474
54
1474
54
1474
1474
1474
1474
1474
1474
54
1474
1474
1474
54
1474
1474
54
1474
1474
54
1474
1474
54
1474
1474
1474
1474
54
1474
1474
1474
54
1474
1474
54
1474
1474
54
1474
1474
54
1474
1474
1474
1474
54
1474
1474
1474
1474
54
1474
1474
1474
54
1474
54
1474
1474
1474
54
1474
54
1474
1474
54
1474
1474
54
1474
1474
1474
1474
1474
54
1474
1474
1474
54
1474
1474
54
1474
1474
1474
1474
1474
1474
54
1474
1474
1474
1474
1474
1474
1474
1474
1474
1474
1474
1474
1474
1474
1474
54
1474
1474
1474
1474
1474
1474
1474
1474
1474
1474
1474
1474
1474
1474
1474
1474
1474
54
1474
1474
1474
1474
1474
1474
1474
1474
1474
1474
1474
1418
54
66
66
54
266
54
1474
1474
1071
54
345
107
104
96
899
802
348
110
96
54
92
54
92
54
390
54
377
100
54
100
54
54
1345
1474
1474
1474
1474
1474
1474
1474
54
1474
1474
1474
1474
1474
1474
1474
1474
1474
1474
1474
1474
1474
1474
54
1474
1474
1474
1474
1474
1474
1474
54
1474
1474
54
1474
1474
1474
1474
1474
54
1474
54
1474
1474
54
1474
1474
54
1474
1474
1474
54
1474
54
1474
1474
1474
54
1474
1474
54
1474
54
1474
1474
1474
54
1474
1474
54
1474
1474
54
1474
1474
1474
1474
54
1474
1474
54
1474
1474
54
1474
1474
54
1474
1474
54
1474
1474
1474
54
1474
1474
54
1474
1474
1474
54
1474
1474
1474
1474
54
1474
54
1474
1474
54
1474
1474
1474
1474
54
1474
1474
1474
1474
54
1474
1474
1474
54
1474
1474
1474
54
1474
1474
1474
1474
1474
54
1474
1474
1474
54
1474
1474
1474
54
1474
1474
54
1474
1474
1474
54
1474
1474
1474
54
1474
54
1474
1474
54
1474
1474
1474
54
1474
1474
1474
54
1474
1474
1474
54
1474
1474
1474
54
1474
1474
1474
1474
54
1474
1474
1474
1474
54
1474
1474
54
1474
1474
54
1474
1474
1474
54
1474
1474
1474
1474
1474
1474
1474
1474
1474
1474
1474
1474
54
1474
1474
1474
1474
1474
1474
54
1474
1474
1474
54
1474
1474
54
1474
1474
1474
54
1474
1474
54
1474
1474
54
1474
1474
54
1474
1474
54
1474
1474
1474
1474
1474
54
1474
1474
1474
1474
54
1474
1474
1474
1474
1474
54
1474
54
1474
1474
1474
54
1474
1474
1474
1474
1474
1474
1474
1474
54
1474
1474
1474
1474
54
1474
1474
1474
1474
54
1474
1474
54
1474
1474
1474
1474
1474
1474
1474
54
1474
1474
1474
54
1474
1474
54
1474
54
1474
418
54
388
1474
315
54
54
1346
1474
1474
54
1474
1474
1474
1474
1474
54
1474
1474
54
1474
1474
1474
54
1474
1474
1474
54
1474
1474
1474
54
1474
1474
54
1474
1474
1474
1474
1474
1474
1474
1474
54
1474
1474
1474
1474
1474
1474
1474
1474
1474
54
1474
1474
54
1474
1474
1474
1474
1474
1474
54
1474
1474
54
1474
54
1474
1474
54
1474
1474
1474
54
1474
1474
1474
1474
1474
1474
1474
1474
1474
54
1474
1474
1474
1474
1474
1474
1474
54
1474
1474
1474
54
1474
1474
1474
54
1474
54
1474
1474
1474
54
1474
54
1474
1474
1474
54
1474
1474
54
1474
1474
54
1474
1474
54
1474
54
1474
1474
54
1474
1474
1474
54
1474
1474
54
1474
54
1474
1474
1474
1474
54
1474
1474
54
1474
1474
54
1474
1474
54
1474
1474
54
1474
1474
54
1474
1474
54
1474
1474
1474
1474
1474
1474
54
1474
1474
54
1474
1474
1474
1474
1474
54
1474
54
1474
1474
1474
1474
54
1474
1474
1474
1474
1474
1474
1474
1474
54
1474
1474
54
1474
1474
1474
1474
54
1474
1474
1474
1474
1474
1474
1474
1474
1474
54
1474
1474
1474
54
1474
1474
54
1474
1474
54
1474
1474
1474
54
1474
1474
54
1474
1474
1474
1474
54
1474
1474
54
1474
1474
1474
54
1474
1474
54
1474
1474
1474
54
1474
54
1474
1474
1474
1474
1474
66
1474
1474
1474
66
66
74
1474
1474
1474
1474
1474
1474
74
74
74
74
74
74
1474
1474
1474
1474
1474
1474
74
74
74
74
74
74
1474
1474
1474
1474
74
74
74
74
1474
1474
74
74
1474
1474
1474
1474
1474
1474
1474
1474
74
74
74
74
74
74
74
74
1474
1474
74
74
1474
1474
74
74
1474
1474
74
74
1474
1474
74
74
1474
1474
1474
74
74
74
1474
1474
1474
1474
1474
1474
1474
1474
1474
1474
1474
1474
74
74
74
74
74
74
74
74
74
74
74
74
1474
1474
1474
1474
1474
1474
74
74
74
74
74
74
1474
1474
74
74
1474
66
1474
66
1474
1474
1474
1474
54
54
54
1474
1474
1474
1474
54
1474
1474
1474
1474
1474
1474
1474
54
1474
1474
54
1474
1474
1474
54
1474
54
1474
1474
1474
54
1474
1474
1474
1474
54
1474
1474
1474
54
1474
1474
54
1474
1474
54
1474
1474
1474
54
1474
54
1474
1474
54
1474
1474
54
1474
1474
54
1474
1474
1474
1474
1474
1474
1474
54
1474
1474
54
1474
1474
1474
54
1474
1474
54
1474
1474
1474
54
1474
1474
54
1474
54
1474
1474
1474
54
1474
1474
54
1474
1474
54
1474
1474
54
1474
54
1474
1474
54
1474
1474
1474
54
1474
1474
54
1474
54
1474
1474
1474
1474
54
1474
1474
54
1474
1474
1474
1474
54
1474
1474
1474
1474
1474
1474
1474
54
1474
1474
1474
1474
1474
1474
1474
54
1474
1474
1474
54
1474
1474
54
1474
1474
54
1474
54
1474
1474
1474
1474
54
1474
1474
1474
1474
54
1474
1474
1474
1474
54
1474
1474
54
1474
1474
1474
1474
54
1474
1474
54
1474
1474
54
1474
1474
54
1474
1474
1474
1474
54
1474
1474
1474
1474
1474
54
1474
1474
54
1474
1474
54
1474
54
1474
1474
54
1474
1474
1474
54
1474
1474
54
1474
1474
54
1474
54
1474
1474
54
1474
1474
1474
54
1474
1474
54
1474
54
1474
1474
54
1474
1474
54
1474
1474
1474
54
1474
1474
54
1474
1474
54
1474
1474
1474
54
1474
1474
54
1474
1474
1474
1474
1474
1474
54
1474
1474
1474
54
1474
1474
54
1474
1474
1474
54
1474
1474
54
1474
1474
1474
54
1474
54
1474
1474
1474
54
1474
54
1474
1474
1474
1474
54
1474
1474
1474
54
1474
54
1474
1474
1474
54
1474
1474
1474
54
1474
1474
1474
54
1474
1474
54
1474
1474
54
1474
1474
1474
1474
1474
1474
1474
1474
1474
1474
1474
1474
1474
1474
1474
1474
54
1474
1474
1474
1474
1474
54
1474
1474
1474
1474
1474
1474
1474
1474
1474
54
1474
1474
1474
1474
54
1474
1474
54
1474
54
1474
1474
1474
54
1474
1474
54
1474
54
1474
1474
1474
1474
1474
1474
1474
1474
1474
1474
1474
1474
1474
54
1474
1474
1474
1474
1474
1474
54
1474
1474
1474
54
1474
1474
1474
1474
1474
54
1474
1474
1474
1474
1474
54
1474
1474
1474
1474
54
1474
1474
54
1474
1474
54
1474
1474
1474
54
1474
1474
1474
1474
54
1474
1474
54
1474
1474
54
1474
1474
54
1474
1474
1474
1474
1474
1474
1474
1474
54
1474
1474
54
1474
1474
54
1474
1474
1474
1474
54
1474
1474
1474
54
1474
1474
54
1474
1474
54
1474
1474
54
1474
1474
1474
1474
54
1474
1474
54
1474
1474
54
1474
1474
54
1474
1474
54
1474
1474
54
1474
1474
54
1474
1474
54
1474
1474
1474
1474
1474
1474
1474
54
1474
1474
1474
54
1474
1474
54
1474
1474
54
1474
1474
1474
54
1474
1474
1474
54
1474
1474
1474
1474
54
1474
1474
54
1474
1474
54
1474
1474
1474
54
1474
1474
54
1474
1474
54
1474
1474
1474
54
1474
1474
54
1474
1474
1474
1474
54
1474
1474
1474
54
1474
1474
1474
54
1474
1474
54
1474
1474
54
1474
1474
54
1474
1474
1474
54
1474
1474
54
1474
1474
54
1474
1474
54
1474
1474
1474
54
1474
1474
1474
54
1474
54
1474
1474
1474
54
1474
54
1474
1474
54
1474
1474
54
1474
1474
1474
54
1474
1474
54
1474
1474
1474
54
1474
1474
1474
1474
1474
1474
1474
1474
1474
1474
1474
1474
1474
54
1474
1474
54
1474
1474
54
1474
1474
1474
54
1474
1474
54
1474
1474
1474
54
1474
1474
54
1474
1474
1474
54
1474
1474
54
1474
1474
54
1474
1474
54
1474
1474
54
1474
1474
1474
54
1474
54
1474
1474
1474
54
1474
1474
54
1474
54
1474
1474
54
1474
1474
54
1474
1474
1474
54
1474
1474
54
1474
1474
54
1474
1474
1474
1474
54
1474
1474
1474
1474
54
1474
1474
1474
1474
1474
54
1474
1474
54
1474
1474
1474
1474
1474
1474
1474
1474
54
1474
1474
1474
54
1474
1474
1474
54
1474
1474
1474
1474
54
1474
1474
1474
1474
1474
1474
1474
1474
1474
1474
1474
54
1474
1474
1474
1474
1474
54
1474
1474
54
1474
1474
54
1474
1474
1474
1474
1474
1474
1474
54
1474
54
1474
1474
1474
54
1474
1474
54
1474
1474
1474
1474
1474
1474
1474
1474
54
1474
1474
54
1474
54
1474
1474
54
1474
1474
54
1474
1474
54
1474
1474
54
1474
1474
54
1474
1474
1474
54
1474
1474
1474
54
1474
1474
1474
1474
1474
1474
1474
1474
54
1474
1474
1474
54
1474
1474
1474
54
1474
1474
54
1474
1474
1474
54
1474
1474
1474
54
1474
1474
1474
1474
54
1474
1474
54
1474
1474
1474
54
1474
1474
1474
54
1474
1474
1474
1474
1474
1474
1474
1474
1474
1474
1474
1474
1474
1474
1474
1474
54
1474
1474
1474
1474
1474
1474
1474
1474
1474
1474
1474
1474
1474
1474
1474
1474
1474
1474
1474
54
1474
1474
54
1474
1474
1474
1474
54
1474
1474
1474
1474
54
1474
1474
54
1474
54
1474
1474
54
1474
1474
1474
54
1474
54
1474
1474
1474
1474
54
1474
1474
1474
1474
54
1474
1474
1474
54
1474
54
1474
1474
1474
54
1474
54
1474
1474
1474
1474
54
1474
1474
54
1474
1474
1474
1474
1474
1474
54
1474
1474
1474
54
1474
1474
1474
1474
54
1474
1474
54
1474
1474
54
1474
54
1474
1474
1474
54
1474
1474
54
1474
1474
54
1474
1474
54
1474
1474
1474
54
1474
1474
54
1474
1474
1474
1474
54
1474
1474
54
1474
1474
1474
54
1474
1474
54
1474
1474
54
1474
1474
54
1474
1474
1474
54
1474
1474
1474
54
1474
1474
1474
54
1474
1474
54
1474
1474
1474
54
1474
1474
54
1474
1474
54
1474
1474
54
1474
1474
1474
54
1474
1474
54
1474
1474
1474
1474
54
1474
1474
1474
1474
54
1474
1474
54
1474
1474
54
1474
1474
1474
1474
1474
1474
1474
1474
54
1474
1474
1474
1474
54
1474
1474
54
1474
1474
54
1474
1474
54
1474
1474
1474
54
1474
54
1474
1474
54
1474
1474
54
1474
1474
54
1474
1474
1474
1474
54
1474
1474
54
1474
1474
54
1474
1474
54
1474
1474
1474
54
1474
54
1474
1474
54
1474
1474
54
1474
1474
1474
54
1474
1474
54
1474
1474
1474
1474
54
1474
1474
1474
54
1474
1474
1474
1474
54
1474
1474
1474
1474
54
1474
1474
1474
54
1474
1474
1474
1474
54
1474
1474
1474
54
1474
1474
54
1474
1474
1474
1474
1474
1474
1474
54
1474
1474
1474
1474
54
1474
1474
1474
54
1474
1474
54
1474
1474
1474
54
1474
1474
1474
1474
1474
54
1474
1474
1474
54
1474
1474
54
1474
1474
54
1474
1474
1474
54
1474
1474
1474
54
1474
1474
1474
1474
54
1474
1474
1474
54
1474
1474
54
1474
1474
1474
1474
1474
1474
54
1474
1474
1474
1474
1474
1474
54
1474
1474
1474
54
1474
1474
54
1474
54
1474
1474
1474
54
1474
1474
1474
1474
1474
54
1474
1474
54
1474
1474
54
1474
1474
1474
54
1474
1474
54
1474
1474
54
1474
1474
1474
54
1474
1474
1474
1474
1474
1474
1474
54
1474
54
1474
1474
1474
1474
54
1474
1474
54
1474
1474
54
1474
1474
54
1474
1474
1474
54
1474
54
1474
1474
54
1474
1474
1474
54
1474
1474
1474
1474
54
1474
1474
54
1474
1474
1474
54
1474
1474
1474
54
1474
1474
1474
1474
1474
54
1474
1474
1474
54
1474
54
1474
1474
54
1474
1474
54
1474
1474
1474
54
1474
1474
54
1474
1474
1474
54
1474
1474
54
1474
1474
1474
54
1474
54
1474
1474
1474
54
1474
1474
1474
54
1474
1474
54
1474
1474
1474
54
1474
54
1474
1474
1474
1474
54
1474
1474
1474
54
1474
54
1474
1474
1474
1474
1474
1474
1474
1474
1474
1474
54
1474
1474
1474
54
1474
1474
1474
1474
54
1474
1474
54
1474
1474
54
1474
1474
1474
54
1474
1474
54
1474
1474
54
1474
1474
1474
54
1474
1474
54
1474
54
1474
1474
54
1474
1474
1474
1474
54
1474
1474
54
1474
1474
54
1474
1474
54
1474
1474
54
1474
1474
54
1474
1474
54
1474
1474
54
1474
1474
1474
54
1474
1474
54
1474
54
1474
1474
1474
54
1474
1474
54
1474
54
1474
1474
1474
54
1474
1474
54
1474
1474
1474
54
1474
1474
54
1474
1474
1474
1474
54
1474
1474
1474
54
1474
1474
54
1474
1474
1474
1474
1474
54
1474
1474
1474
1474
1474
54
1474
1474
54
1474
1474
1474
1474
1474
1474
1474
1474
54
1474
1474
1474
1474
54
1474
1474
54
1474
1474
1474
54
1474
1474
54
1474
1474
1474
1474
54
1474
1474
54
1474
1474
54
1474
1474
54
1474
1474
1474
54
1474
54
1474
1474
1474
54
1474
1474
54
1474
54
1474
1474
54
1474
1474
54
1474
1474
1474
54
1474
1474
1474
1474
54
1474
1474
54
1209
54
439
128
92
100
54
100
54
1345
1474
1474
54
1474
1474
54
1474
1474
1474
54
1474
1474
1474
1474
1474
1474
1474
1474
1474
1474
1474
1474
54
1474
1474
1474
1474
54
1474
1474
54
66
1474
1474
1474
1474
1474
1474
1474
54
1474
1474
1474
54
1474
1474
1474
1474
1474
54
1474
1474
1474
1474
54
1474
1474
1474
54
1474
1474
1474
54
1474
1474
54
1474
1474
1474
54
1474
1474
1474
54
1474
1474
1474
1474
1474
1474
54
1474
1474
1474
1474
54
1474
1474
54
1474
1474
54
1474
1474
54
1474
1474
1474
54
1474
1474
1474
54
1474
1474
1474
54
1474
54
1474
1474
54
1474
1474
1474
54
1474
1474
54
1474
1474
1474
54
1474
1474
1474
54
1474
1474
54
1474
1474
1474
54
1474
1474
54
1474
1474
1474
1474
1474
1474
54
1474
1474
1474
54
1474
1474
1474
54
1474
1474
54
1474
1474
1474
1474
1474
1474
54
1474
1474
1474
1474
54
1474
1474
1474
1474
1474
54
1474
1474
1474
1474
1474
1474
54
1474
1474
1474
1474
1474
1474
1474
1474
1474
1474
1474
1474
54
1474
1474
1474
1474
1474
1474
1474
1474
1474
1474
54
1474
1474
1474
1474
1474
54
1474
1474
54
1474
1474
54
1474
1474
54
1474
1474
1474
54
1474
1474
1474
54
1474
1474
54
1474
1474
54
1474
1474
1474
1474
54
1474
1474
54
1474
1474
1474
54
1474
1474
54
1474
1474
54
1474
1474
1474
1474
1474
54
1474
1474
1474
54
1474
1474
1474
54
1474
1474
1474
1474
1474
1474
1474
54
1474
1474
1474
1474
54
1474
54
1474
1474
1474
1474
54
1474
1474
54
1474
1474
1474
54
1474
1474
54
1474
1474
1474
1474
1466
54
66
66
54
273
54
1474
1474
1310
651
54
180
332
66
54
778
1474
1474
1474
1474
168
54
54
1347
1474
1474
54
1474
1474
1474
54
1474
54
1474
1474
54
1474
1474
1474
1474
54
1474
1474
54
1474
1474
1474
1474
54
1474
1474
54
1474
1474
54
1474
1474
1474
54
1474
1474
54
1474
1474
54
1474
1474
1474
54
1474
1474
1474
54
1474
1474
1474
54
1474
1474
1474
54
1474
1474
54
1474
54
1474
1474
1474
54
1474
1474
1474
1474
1474
1474
1474
1474
54
1474
1474
54
1474
1474
54
1474
1474
1474
54
1474
1474
1474
54
1474
1474
54
1474
1474
1474
54
1474
1474
1474
1474
54
1474
1474
54
1474
1474
1474
1474
54
1474
1474
1474
1474
54
1474
1474
1474
54
1474
1474
54
1474
1474
1474
54
1474
1474
54
1474
1474
1474
1474
1474
1474
54
1474
1474
54
1474
1474
1474
54
1474
1474
54
1474
1474
1474
54
1474
1474
1474
1474
54
1474
1474
54
1474
1474
1474
1474
54
1474
1474
54
1474
1474
1474
1474
1474
1474
1474
1474
54
1474
1474
54
1474
1474
1474
54
1474
1474
54
1474
1474
54
1474
1474
1474
54
1474
1474
1474
1474
1474
54
1474
1474
1474
54
1474
1474
54
1474
1474
1474
1474
54
1474
1474
1474
1474
1474
54
1474
1474
54
1474
1474
1474
54
1474
1474
1474
1474
1474
1474
1474
1474
1474
54
1474
1474
1474
54
1474
1474
1474
54
1474
1474
54
1474
1474
1474
1474
54
1474
1474
1474
54
1474
1474
54
1474
1474
1474
1474
54
1474
1474
54
1474
1474
1474
54
1474
54
1474
1474
54
1474
1474
1474
54
1474
1474
1474
1474
54
1474
1474
54
1474
54
1474
1474
1474
54
1474
1474
1474
54
1474
1474
1474
1474
1474
1474
54
1474
1474
1474
54
1474
54
1474
1474
1474
1474
1474
54
1474
1474
1474
54
1474
1474
54
1474
1474
1474
54
1474
1474
54
1474
1474
1474
1474
1474
1474
1474
1474
54
1474
1474
1474
1474
1474
54
1474
1474
1474
1474
1474
54
1474
1474
1474
1474
1474
1474
54
1474
54
1474
1474
1474
54
1474
1474
1474
54
1474
1474
1474
54
1474
1474
54
1474
1474
1474
54
1474
1474
1474
1474
54
1474
1474
54
1474
1474
1474
1474
54
1474
1474
1474
54
54
54
1474
54
1474
1474
54
1474
1474
1474
1474
1474
1474
54
1474
1474
1474
1474
1474
1474
1474
54
1474
1474
54
1474
1474
54
1474
1474
1474
54
1474
1474
1474
1474
54
1474
1474
1474
1474
1474
1474
54
1474
1474
1474
54
1474
54
1474
1474
54
1474
1474
1474
54
1474
54
1474
1474
54
1474
1474
1474
1474
1474
1474
1474
1474
1474
1474
1474
1474
1474
1474
1474
1474
54
1474
1474
1474
1474
1474
1474
1474
1474
1474
1474
1474
54
1474
1474
1474
1474
1474
54
1474
1474
54
1474
1474
1474
54
1474
1474
1474
1474
1474
1474
1474
1474
1474
54
1474
1474
1474
54
1474
1474
1474
1474
1474
1474
1474
54
1474
1474
1474
1474
54
1474
1474
54
1474
1474
1474
1474
1474
1474
1474
54
1474
1474
1474
1474
54
1474
1474
1474
1474
1474
1474
1474
54
1474
1474
1474
1474
54
1474
1474
54
1474
1474
1474
54
1474
1474
54
1474
1474
1474
54
1474
1474
54
1474
1474
1474
54
1474
1474
54
1474
54
1474
1474
1474
54
1474
1474
54
1474
1474
54
1474
1474
1474
1474
1474
1474
1474
1474
1474
1474
1474
1474
54
1474
1474
1474
1474
54
1474
54
1474
1474
1474
1474
1474
54
1474
1474
1474
1474
54
1474
1474
54
1474
1474
54
1474
1474
1474
54
1474
1474
1474
54
1474
1474
54
1474
1474
1474
54
1474
1474
1474
1474
54
1474
1474
1474
54
1474
1474
1474
54
1474
1474
1474
54
1474
54
1474
1474
54
1474
1474
1474
1474
54
1474
1474
1474
54
1474
1474
1474
54
1474
1474
54
1474
1474
54
1474
1474
54
1474
1474
1474
54
1474
1474
54
1474
1474
1474
1474
1474
1474
1474
1474
1474
54
1474
1474
1474
1474
1474
1474
1474
54
1474
1474
1474
54
1474
1474
1474
1474
54
1474
1474
54
1474
1474
1474
54
1474
1474
54
1474
1474
54
1474
1474
1474
1474
1474
54
1474
1474
1474
54
1474
1474
1474
54
1474
1474
54
1474
1474
1474
54
1474
1474
54
1474
1474
1474
54
1474
1474
1474
1474
54
1474
1474
54
1474
1474
54
1474
1474
1474
54
1474
1474
1474
54
1474
1474
54
1474
1474
1474
54
1474
1474
1474
1474
54
1474
1474
1474
1474
1474
54
1474
1474
1474
1474
54
1474
1474
1474
54
1474
1474
1474
54
1474
1474
54
1474
1474
1474
54
1474
1474
1474
1474
54
1474
1474
54
1474
1474
1474
54
1474
1474
54
1474
1474
1474
54
1474
1474
54
1474
1474
54
1474
1474
54
1474
1474
1474
54
1474
1474
1474
54
1474
54
1474
1474
1474
54
1474
66
1474
1474
66
66
1474
1474
1474
1474
66
66
66
66
1474
1474
1474
66
66
66
1474
1474
1474
1474
1474
1474
1474
1474
1474
1474
1474
1474
66
66
66
66
66
66
66
66
66
66
66
66
1474
1474
1474
1474
1474
66
66
66
66
66
1474
1474
1474
1474
1474
1474
1474
1474
66
66
66
66
66
66
66
66
1474
1474
1474
1474
1474
66
66
66
66
66
1474
1474
1474
1474
1474
1474
66
66
66
66
66
66
1474
1474
1474
1474
66
66
66
66
1474
1474
66
66
1474
1474
1474
66
66
66
1474
1474
66
66
1474
1474
1474
1474
1474
66
66
66
54
54
1474
1474
1474
54
1474
1474
54
1474
1474
1474
54
1474
1474
54
1474
1474
1474
1474
54
1474
1474
54
1474
1474
54
1474
1474
54
1474
1474
54
1474
1474
1474
54
1474
54
1474
1474
54
1474
1474
54
1474
1474
54
1474
1474
54
1474
1474
54
1474
1474
1474
54
1474
1474
54
1474
54
1474
1474
54
1474
1474
54
1474
1474
54
1474
1474
1474
1474
1474
1474
1474
54
1474
54
1474
1474
1474
1474
1474
1474
1474
1474
1474
54
1474
1474
1474
54
1474
1474
1474
54
1474
1474
54
1474
1474
54
1474
1474
1474
1474
1474
1474
54
1474
1474
1474
1474
54
1474
1474
1474
54
1474
1474
54
1474
1474
1474
54
1474
1474
54
1474
1474
54
1474
1474
1474
54
1474
1474
54
1474
1474
54
1474
1474
1474
54
1474
1474
54
1474
1474
1474
54
1474
1474
1474
54
1474
1474
1474
1474
1474
1474
1474
54
1474
1474
1474
54
1474
54
1474
1474
1474
54
1474
1474
1474
54
1474
1474
1474
1474
1474
54
1474
1474
1474
1474
54
1474
1474
54
1474
54
1474
1474
1474
54
1474
54
1474
1474
1474
54
1474
1474
1474
54
1474
1474
54
1474
1474
1474
1474
54
1474
1474
54
1474
1474
1474
1474
1474
54
1474
1474
54
1474
1474
54
1474
1474
1474
54
1474
1474
54
1474
1474
1474
54
1474
1474
54
1474
1474
54
1474
1474
54
1474
1474
1474
54
1474
1474
1474
1474
1474
54
1474
1474
1474
1474
1474
54
1474
1474
54
1474
1474
1474
1474
54
1474
1474
54
1474
1474
1474
1474
54
1474
1474
1474
1474
54
1474
1474
54
1474
1474
1474
1474
54
1474
1474
54
1474
1474
1474
1474
1474
1474
1474
54
1474
1474
1474
1474
54
1474
1474
54
1474
1474
1474
1474
1474
1474
1474
1474
1474
1474
54
1474
1474
1474
1474
54
1474
1474
54
1474
1474
54
1474
1474
54
1474
1474
1474
54
1474
1474
54
1474
1474
1474
1474
1474
1474
1474
1474
1474
1474
54
1474
1474
1474
54
1474
1474
1474
54
1474
1474
1474
54
1474
1474
54
1474
1474
1474
54
1474
1474
1474
1474
1474
1474
54
1474
1474
54
1474
1474
1474
54
1474
1474
54
1474
1474
1474
1474
54
1474
1474
1474
54
1474
1474
1474
1474
1474
1474
1474
1474
1474
1474
54
1474
1474
1474
1474
1474
54
1474
1474
54
1474
1474
1474
54
1474
1474
54
1474
1474
1474
1474
54
1474
1474
54
1474
1474
54
1474
1474
1474
1474
54
1474
1474
1474
1474
54
1474
1474
54
1474
1474
1474
54
1474
54
1474
1474
54
1474
1474
1474
54
1474
54
1474
1474
1474
1474
1474
54
1474
1474
1474
1474
1474
1474
1474
1474
1474
1474
1474
1474
1474
1474
1474
1474
1474
1474
1474
54
1474
1474
1474
1474
1474
1474
1474
54
1474
1474
1474
1474
1474
1474
1474
54
1474
1474
1474
54
1474
1474
1474
54
1474
1474
54
1474
1474
54
1474
1474
54
1474
1474
1474
54
1474
1474
54
1474
1474
54
1474
1474
54
1474
1474
1474
54
1474
1474
54
1474
1474
54
1474
1474
54
1474
1474
1474
54
1474
1474
54
1474
1474
54
1474
1474
1474
1474
1474
1474
54
1474
1474
1474
54
1474
1474
1474
54
1474
1474
54
1474
1474
1474
1474
1474
1474
1474
1474
1474
1474
1474
1474
54
1474
1474
1474
1474
54
1474
1474
1474
54
1474
1474
1474
54
1474
1474
1474
54
1474
1474
1474
54
1474
1474
54
1474
1474
54
1474
1474
54
1474
1474
1474
1474
54
1474
1474
1474
1474
54
1474
1474
54
1474
1474
1474
54
1474
1474
1474
54
1474
54
1474
1474
54
1474
1474
1474
54
1474
1474
1474
1474
1474
1474
1474
1474
1474
54
1474
1474
1474
1474
1474
1474
54
1474
1474
54
1474
1474
54
1474
1474
54
1474
1474
1474
1474
54
1474
1474
1474
54
1474
1474
54
1474
1474
54
1474
1474
1474
54
1474
1474
1474
1474
1474
54
1474
1474
54
1474
1474
1474
54
1474
1474
1474
1474
1474
54
1474
1474
54
1474
1474
1474
54
1474
1474
54
1474
1474
1474
54
1474
54
1474
1474
1474
54
1474
1474
1474
1474
1474
54
1474
1474
1474
1474
1474
1474
1474
1474
1474
1474
54
1474
1474
1474
1474
1474
1474
1474
1474
54
1474
1474
1474
1474
54
1474
1474
1474
54
1474
1474
54
1474
1474
1474
54
1474
1474
54
1474
1474
1474
1474
1474
54
1474
54
1474
1474
1474
54
1474
1474
1474
54
1474
1474
54
1474
1474
1474
1474
54
1474
1474
1474
54
1474
1474
54
1474
1474
1474
54
1474
1474
54
1474
1474
1474
1474
54
1474
1474
1474
54
1474
1474
1474
54
1474
1474
1474
54
1474
1474
1474
1474
54
1474
1474
1474
54
1474
1474
1474
54
1474
1474
1474
54
1474
1474
1474
54
1474
1474
1474
1474
54
1474
54
1474
1474
1474
1474
1474
1474
1474
1474
54
1474
1474
54
1474
1474
1474
1474
1474
1474
54
1474
1474
54
1474
1474
1474
54
1474
1474
54
1474
1474
1474
54
1474
1474
54
1474
1474
1474
1474
54
1474
1474
1474
54
1474
1474
1474
54
1474
1474
54
1474
1474
54
1474
1474
1474
54
1328
54
1345
1474
1474
1474
1474
1474
1474
1474
1474
1474
54
1474
1474
1474
1474
54
1474
54
1474
1474
54
1474
1474
1474
1474
1474
1474
1474
1474
1474
54
1474
54
1474
1474
54
1474
1474
54
1474
1474
54
1474
1474
1474
1474
1474
1474
1474
1474
1474
1474
1474
1474
1474
54
1474
1474
1474
1474
1474
54
1474
1474
1474
1474
1474
1474
1474
1474
54
1474
1474
1474
1474
1474
1474
1474
1474
1474
1474
54
1474
1474
1474
1474
54
1474
1474
54
1474
1474
1474
54
1474
1474
54
1474
54
1474
1474
54
1474
1474
1474
1474
1474
1474
1474
1474
1474
1474
1474
1474
1474
1474
1474
1474
1474
1474
1474
1474
54
1474
1474
1474
1474
1474
1474
54
1474
1474
1474
1474
1474
1474
1474
54
1474
1474
1474
1474
1474
54
1474
1474
54
1474
1474
1474
54
1474
1474
1474
1474
1474
54
1474
1474
54
1474
1474
54
1474
1474
1474
54
1474
54
1474
1474
1474
1474
1474
1474
1474
1474
54
1474
1474
1474
1474
1474
1474
1474
1474
1474
1474
1474
1474
54
1474
1474
1474
1474
1474
54
1474
1474
1474
1474
54
1474
54
1474
1474
54
1474
1474
1474
54
1474
1474
54
1474
1474
1474
54
1474
1474
1474
1474
54
1474
1474
54
1474
1474
1474
1474
54
1474
1474
54
1474
1474
54
1474
1474
1474
54
1474
1474
1474
1474
1474
1474
1474
1474
1474
1474
1474
1474
1474
1474
1474
1474
1474
1474
1474
1474
1474
54
1474
1474
1474
1474
1474
1474
1474
1474
54
1474
1474
1474
1474
54
1474
1474
54
1474
1474
177
54
440
54
128
92
100
54
100
54
1348
1474
1474
54
1474
1474
1474
1474
54
1474
1474
1474
1474
1474
1474
54
1474
1474
1474
54
1474
54
1474
1474
54
1474
1474
1474
1474
1474
1474
1474
1474
1474
54
1474
1474
1474
54
1474
1474
54
1474
1474
54
1474
1474
1474
54
1474
54
1474
1474
1474
1474
54
1474
1474
54
1474
1474
54
1474
1474
1474
54
1474
1474
1474
54
1474
1474
1474
1474
54
1474
1474
54
1474
1474
1474
54
1474
1474
54
1474
1474
54
1474
1474
54
1474
54
1474
1474
54
1474
1474
54
1474
1474
1474
54
1474
54
1474
1474
1474
1474
54
1474
1474
1474
54
1474
1474
54
1474
54
1474
1474
54
1474
1474
1474
1474
1474
1474
54
1474
1474
1474
1474
54
1474
1474
54
1474
1474
1474
1474
54
1474
1474
54
1474
1474
54
1474
1474
54
1474
1474
1474
1474
1474
1474
54
1474
1474
1474
54
1474
1474
1474
1474
54
1474
1474
54
1474
1474
1474
1474
54
1474
54
1474
1474
1474
54
1474
1474
1474
54
1474
1474
1474
54
1474
1474
54
1474
1474
54
1474
54
1474
1474
1474
1474
54
1474
1474
54
1474
1474
1474
1474
54
1474
1474
54
1474
1474
1474
1474
1474
54
1474
1474
54
1474
1474
1474
54
1474
1474
1474
1474
1474
1474
1474
1474
1474
54
1474
1474
54
1474
1474
1474
54
1474
1474
1474
1474
54
1474
1474
1474
1474
1474
54
1474
1474
54
1474
1474
54
1474
1474
54
1474
54
1474
1474
54
1474
1474
1474
54
1474
1474
1474
54
1474
1474
1474
1474
1474
1474
1474
1474
1474
1474
1474
54
1474
1474
1474
1474
1474
54
1474
1474
1474
1474
1474
1474
1474
1474
1474
1474
1474
54
1474
1474
1474
1474
54
1474
1474
1474
1474
54
1474
1474
54
1474
1474
1474
54
1474
1474
54
1474
1474
54
1474
1474
1474
1474
54
1474
1474
1474
1474
1474
54
1474
1474
54
1474
1474
54
1474
1474
1474
54
1474
1474
1474
54
1474
1474
1474
1474
1474
54
1474
1474
1474
54
1474
1474
54
1474
1474
54
1474
1474
1474
54
1474
1474
54
1474
1474
1474
54
1474
1474
54
1474
1474
1474
54
1474
1474
54
1474
1474
54
1474
1474
1474
54
1474
1474
1474
54
1474
1474
1474
1474
1474
1474
1474
1474
1474
1474
1474
1474
1474
1474
1474
1474
1474
1474
54
1474
1474
1474
1474
1474
1474
1474
1474
1474
1474
1474
1474
1474
1474
54
1474
1474
1474
1474
1474
1474
1474
1474
1474
1474
54
1474
1474
54
1474
1474
54
1474
1474
1474
1474
54
1474
1474
54
1474
1474
1474
54
1474
1474
1474
1474
1474
54
1474
1474
54
1474
1474
1474
1474
1474
54
1474
1474
54
1474
1474
1474
54
1474
1474
1474
1474
54
1474
1474
1474
1474
54
1474
1474
1474
54
1474
1474
54
1474
54
1474
1474
54
1474
1474
1474
1474
1474
1474
54
1474
1474
1474
54
1474
1474
1474
54
1474
1474
54
1474
1474
1474
54
1474
1474
54
1474
1474
1474
54
1474
1474
1474
1474
1474
54
1474
54
1474
1474
1474
1474
1474
1474
1474
1474
1474
1474
1474
54
1474
1474
1474
1474
1474
54
1474
1474
1474
54
1474
54
1474
1474
1474
54
1474
1474
54
1474
1474
54
1474
1474
1474
1474
1474
54
1474
1474
1474
54
1474
1474
54
1474
1474
54
1474
1474
1474
54
1474
1474
54
1474
1474
1474
1474
54
1474
1474
54
1474
1474
1474
54
1474
1474
54
1474
1474
54
1474
1474
54
1474
1474
1474
54
1474
1474
1474
54
1474
1474
54
1474
1474
54
1474
1474
1474
54
1474
1474
1474
1474
54
1474
1474
54
1474
1474
1474
54
1474
1474
54
1474
1474
1474
54
1474
1474
54
1474
1474
54
1474
1474
1474
1474
1474
1474
1474
1474
1474
54
1474
1474
1474
1474
54
1474
1474
1474
1474
1474
1474
54
1474
1474
1474
1474
54
1474
1474
1474
1474
1474
54
1474
1474
54
1474
1474
1474
1474
54
1474
1474
54
1474
1474
54
1474
1474
54
1474
1474
1474
54
1474
1474
54
1474
1474
54
1474
1474
54
1474
1474
1474
1474
54
1474
1474
1474
1474
54
1474
1474
54
1474
1474
54
1474
1474
54
1474
54
1474
1474
1474
1474
54
1474
1474
54
1474
1474
1474
54
1474
1474
54
1474
1474
54
1474
1474
1474
1474
1474
1474
1474
1474
54
1474
1474
1474
54
1474
1474
1474
1474
1474
1474
1474
54
1474
1474
1474
1474
1474
54
1474
1474
54
1474
1474
54
1474
1474
1474
1474
54
1474
1474
1474
1474
54
1474
1474
1474
1474
1474
54
1474
1474
1474
54
1474
1474
54
1474
1474
1474
1474
54
1474
1474
54
1474
1474
1474
54
1474
54
1474
1474
54
1474
1474
54
1474
1474
54
1474
1474
1474
1474
54
1474
1474
1474
54
1474
1474
54
1474
1474
1474
54
1474
1474
1474
54
1474
1474
1474
54
1474
1474
1474
1474
54
1474
1474
54
1474
1474
1474
1474
54
1474
1474
1474
1474
54
1474
1474
54
1474
1474
1474
54
1474
54
1474
1474
54
1474
1474
54
1474
1474
54
1474
1474
1474
54
1474
54
1474
1474
1474
54
1474
1474
54
1474
1474
54
1474
1474
1474
54
1474
1474
54
1474
1474
54
1474
1474
54
1474
1474
1474
1474
1474
1474
1474
1474
1474
1474
54
1474
1474
1474
1474
54
1474
1474
1474
1474
1474
54
1474
1474
54
1474
1474
1474
54
1474
1474
54
1474
1474
1474
54
1474
1474
54
1474
1474
1474
1474
1474
54
1474
1474
1474
54
1474
54
1474
1474
54
1474
1474
1474
54
1474
1474
1474
1474
1474
54
1474
1474
54
1474
1474
1474
54
1474
54
1474
1474
1474
54
1474
1474
54
1474
54
1474
1474
54
1474
1474
54
1474
1474
1474
54
1474
54
1474
1474
1474
1474
54
1474
1474
54
1474
1474
1474
54
1474
1474
1474
54
1474
1474
1474
1474
1474
1474
1474
1474
1474
1474
54
1474
1474
1474
54
1474
1474
1474
1474
54
1474
54
1474
1474
54
1474
1474
54
1474
1474
1474
54
1474
54
1474
1474
54
1474
1474
54
1474
1474
1474
1474
1474
54
1474
1474
54
1474
1474
54
1474
1474
1474
1474
1474
1474
1474
1474
1474
1474
1474
1474
1474
1474
1474
1474
1474
1474
1474
1474
1474
1474
1474
1474
1474
1474
1474
1474
1474
1474
1474
1474
54
1474
1474
1474
1474
1474
1474
1474
1474
1474
1474
1474
1474
1474
1474
1474
1474
1474
1474
1474
1474
1474
1474
1474
1474
1474
1474
54
1474
54
1474
1474
1474
1474
54
1474
1474
1474
54
1474
1474
54
1474
1474
1474
54
1474
1474
54
1474
1474
54
1474
1474
54
1474
1474
54
1474
1474
1474
54
1474
1474
54
1474
1474
54
1474
1474
54
1474
1474
54
1474
1474
1474
54
1474
1474
1474
1474
54
1474
1474
54
1474
1474
54
1474
1474
54
1474
1474
1474
54
1474
1474
54
1474
1474
54
1474
54
1474
1474
1474
1474
54
1474
1474
1474
1474
54
1474
1474
54
1474
1474
1474
54
1474
54
1474
1474
54
1474
1474
54
1474
1474
54
1474
1474
1474
54
1474
1474
54
1474
1474
54
1474
1474
1474
54
1474
1474
1474
54
1474
1474
54
1474
54
1474
1474
54
1474
1474
54
1474
1474
1474
1474
54
1474
1474
1474
1474
54
1474
1474
54
1474
1474
1474
1474
54
1474
1474
54
1474
1474
1474
54
1474
54
1474
66
1474
1474
1474
1474
1474
1474
1474
66
66
66
66
66
66
66
1474
66
1474
1474
74
74
1474
74
1474
1474
1474
74
74
74
1474
74
1474
74
1474
1474
1474
1474
1474
1474
1474
1474
1474
1474
74
74
74
74
74
74
74
74
74
74
1474
74
1474
1474
1474
1474
74
74
74
74
1474
1474
1474
1474
74
74
74
74
1474
1474
1474
1474
1474
1474
74
74
74
74
74
74
1474
74
1474
1474
1474
74
74
74
1474
1474
1474
1474
1474
1474
1474
1474
1474
1474
74
74
74
74
74
74
74
74
74
74
1474
1474
1474
1474
1474
74
74
74
66
66
1474
1474
1474
66
66
66
1474
1474
66
54
1474
1474
1474
54
1474
1474
1474
54
1474
1474
1474
54
1474
1474
1474
1474
54
1474
1474
54
1474
54
1474
1474
54
1474
1474
54
1474
1474
54
1474
1474
1474
1474
54
1474
1474
1474
54
1474
1474
54
1474
1474
1474
54
1474
1474
54
1474
1474
54
1474
1474
54
1474
1474
1474
1474
1474
1474
1474
54
1474
1474
54
1474
54
1474
1474
1474
1474
1474
1474
1474
1474
1474
1474
1474
1474
1474
1474
1474
1474
1474
54
1474
1474
1474
1474
54
1474
1474
1474
1474
1474
1474
1474
1474
1474
1474
1474
1474
1474
1474
54
1474
1474
1474
1474
1474
54
1474
1474
54
1474
1474
1474
54
1474
1474
1474
1474
1474
54
1474
1474
54
1474
1474
54
1474
1474
54
1474
1474
1474
54
1474
54
1474
1474
1474
1474
54
1474
1474
1474
54
1474
1474
54
1474
1474
54
1474
54
1474
1474
1474
54
1474
1474
54
1474
1474
1474
54
1474
1474
54
1474
1474
54
1474
1474
1474
1474
1474
54
1474
1474
1474
54
1474
1474
54
1474
1474
54
1474
1474
54
1474
1474
54
1474
1474
54
1474
1474
1474
54
1474
1474
54
1474
1474
1474
54
1474
1474
54
1474
1474
54
1474
1474
1474
1474
1474
1474
54
1474
1474
54
1474
1474
54
1474
1474
54
1474
1474
54
1474
1474
54
1474
1474
54
1474
1474
1474
54
1474
54
1474
1474
1474
54
1474
1474
1474
1474
1474
54
1474
1474
1474
1474
1474
54
1474
1474
1474
1474
1474
54
1474
1474
1474
1474
1474
1474
1474
1474
1474
54
1474
1474
1474
1474
1474
1474
1474
1474
1474
1474
54
1474
1474
1474
1474
1474
1474
1474
1474
1474
54
1474
1474
1474
1474
1474
1474
1474
1474
1474
1474
1474
1474
1474
1474
1474
1474
54
1474
1474
1474
1474
1474
1474
1474
1474
1474
1474
1474
1474
1474
1474
1474
1474
1474
54
1474
54
1474
1474
1474
1474
1474
1474
1474
1474
1474
54
1474
54
1474
1474
1474
1474
54
1474
1474
1474
1474
1474
1474
1474
1474
1474
54
1474
1474
1474
1474
1474
1474
1474
1474
1474
54
1474
1474
1474
54
1474
1474
54
1474
1474
54
1474
54
1474
1474
1474
54
1474
1474
54
1474
54
1474
1474
54
1474
1474
54
1474
1474
1474
54
1474
1474
54
1474
1474
54
1474
1474
54
1474
1474
54
1474
1474
1474
54
1474
1474
1474
1474
54
1474
1474
54
1474
1474
1474
1474
1474
1474
1474
54
1474
1474
1474
1474
1474
1474
1474
1474
1474
1474
1474
1474
54
1474
1474
1474
1474
1474
54
1474
1474
1474
1474
1474
1474
1474
54
1474
1474
1474
54
1474
1474
54
1474
1474
1474
1474
1474
1474
54
1474
1474
1474
1474
1474
95
54
54
54
54
54
54
54
1345
54
1474
1474
54
1474
1474
1474
1474
1474
1474
1474
54
1474
1474
1474
54
1474
1474
54
1474
1474
1474
54
1474
54
1474
1474
54
1474
1474
54
1474
1474
54
1474
1474
1474
1474
1474
1474
1474
1474
54
1474
1474
1474
1474
54
1474
1474
54
1474
1474
1474
54
1474
1474
1474
1474
1474
54
1474
1474
1474
54
1474
1474
54
1474
1474
54
1474
1474
54
1474
54
1474
1474
1474
1474
1474
1474
1474
54
1474
1474
1474
54
1474
1474
54
1474
1474
1474
54
1474
54
1474
1474
1474
54
1474
1474
54
1474
1474
1474
54
1474
1474
54
1474
1474
1474
1474
54
1474
1474
1474
1474
54
1474
1474
1474
54
1474
1474
1474
54
1474
1474
1474
1474
1474
54
1474
1474
1474
54
1474
1474
1474
54
1474
1474
1474
54
1474
1474
1474
1474
54
1474
1474
54
1474
1474
1474
1474
54
1474
1474
54
1474
1474
1474
54
1474
1474
54
1474
1474
54
1474
1474
1474
1474
1474
1474
54
1474
1474
54
1474
1474
1474
54
1474
1474
1474
1474
1474
54
1474
54
1474
1474
54
1474
1474
54
1474
1474
1474
1474
54
1474
1474
54
1474
1474
1474
54
1474
54
1474
1474
54
1474
1474
1474
54
1474
1474
1474
1474
1474
54
1474
1474
54
1474
1474
1474
54
1474
1474
54
1474
1474
54
1474
1474
1474
1474
1474
54
1474
1474
1474
1474
1474
54
1474
1474
1474
54
1474
1474
54
1474
1474
1474
1474
54
1474
1474
1474
54
1474
1474
1474
1474
1474
1474
1474
1474
54
1474
1474
1474
1474
1474
54
1474
1474
1474
1474
54
1474
1474
1474
1474
54
1474
1474
54
1474
1474
1474
54
438
54
55
66
1349
1474
1474
54
1474
1474
54
1474
1474
54
1474
1474
54
1474
1474
1474
1474
54
1474
1474
1474
1474
1474
1474
1474
1474
1474
1474
1474
1474
54
1474
1474
1474
1474
54
1474
1474
1474
54
1474
1474
1474
54
1474
1474
1474
1474
54
1474
1474
54
1474
1474
1474
54
1474
54
1474
1474
1474
54
1474
1474
54
1474
1474
54
1474
1474
54
1474
1474
1474
54
1474
1474
54
1474
1474
1474
54
1474
1474
54
1474
1474
54
1474
1474
1474
54
1474
1474
54
1474
1474
1474
1474
54
1474
1474
1474
54
1474
1474
54
1474
1474
1474
1474
1474
1474
1474
54
1474
1474
54
1474
1474
1474
1474
54
1474
1474
54
1474
1474
54
1474
1474
54
1474
1474
1474
54
1474
1474
1474
1474
1474
1474
1474
1474
54
1474
1474
1474
1474
54
1474
1474
54
1474
1474
1474
54
1474
1474
1474
54
1474
1474
54
1474
1474
1474
54
1474
1474
54
1474
1474
54
1474
1474
1474
1474
1474
1474
54
1474
1474
1474
54
1474
1474
54
1474
54
1474
1474
54
1474
1474
1474
1474
1474
1474
54
1474
1474
54
1474
1474
1474
54
1474
1474
1474
54
1474
1474
54
1474
1474
1474
54
1474
1474
1474
54
1474
1474
1474
54
1474
1474
54
1474
1474
1474
54
1474
1474
1474
54
1474
1474
1474
54
1474
1474
54
1474
1474
1474
54
1474
54
1474
1474
1474
1474
54
1474
1474
54
1474
1474
1474
54
1474
1474
54
1474
1474
54
1474
1474
54
1474
54
1474
1474
1474
1474
1474
54
1474
1474
1474
54
1474
1474
54
1474
1474
1474
1474
54
1474
1474
1474
54
1474
54
1474
1474
54
1474
1474
1474
1474
1474
54
1474
54
1474
1474
1474
1474
54
1474
1474
1474
1474
54
1474
1474
1474
54
1474
54
1474
1474
54
1474
1474
1474
54
1474
54
1474
1474
1474
1474
1474
54
1474
54
1474
1474
1474
1474
1474
54
1474
1474
1474
1474
1474
1474
1474
1474
1474
1474
54
1474
1474
1474
54
1474
1474
54
1474
1474
1474
54
1474
54
1474
1474
1474
54
1474
1474
54
1474
54
1474
1474
1474
54
1474
1474
54
1474
1474
1474
54
1474
1474
1474
54
1474
1474
54
1474
1474
54
1474
1474
1474
54
1474
1474
1474
1474
1474
1474
1474
1474
1474
54
1474
1474
1474
1474
54
1474
1474
54
1474
1474
1474
54
1474
1474
54
1474
1474
1474
54
1474
1474
54
1474
1474
54
1474
1474
54
1474
1474
1474
54
1474
1474
1474
54
1474
54
1474
1474
1474
54
1474
1474
1474
1474
54
1474
1474
54
1474
1474
1474
1474
1474
1474
1474
54
1474
1474
54
1474
1474
1474
54
1474
1474
1474
1474
1474
1474
54
1474
54
1474
1474
1474
1474
54
1474
1474
54
1474
1474
54
1474
1474
1474
54
1474
1474
54
1474
1474
1474
54
1474
1474
54
1474
1474
1474
1474
54
1474
1474
54
1474
1474
54
1474
1474
1474
54
1474
1474
54
1474
1474
1474
54
1474
1474
1474
1474
1474
1474
54
1474
1474
54
1474
1474
1474
1474
54
1474
1474
1474
54
1474
1474
1474
1474
1474
1474
1474
1474
1474
1474
1474
1474
1474
1474
1474
1474
1474
1474
1474
1474
1474
1474
1474
1474
1474
54
1474
1474
1474
1474
1474
1474
1474
1474
1474
1474
1474
1474
1474
1474
1474
1474
1474
54
1474
54
1474
1474
54
1474
1474
54
1474
1474
54
1474
1474
54
1474
1474
1474
54
1474
54
1474
1474
54
1474
1474
1474
54
1474
54
1474
1474
1474
54
1474
54
1474
1474
54
1474
1474
54
1474
1474
1474
1474
1474
54
1474
1474
54
1474
1474
54
1474
1474
1474
54
1474
1474
54
1474
1474
54
1474
1474
1474
54
1474
54
1474
1474
1474
54
1474
1474
54
1474
54
1474
1474
54
1474
1474
1474
1474
1474
1474
1474
1474
1474
54
1474
1474
1474
1474
1474
1474
1474
1474
54
1474
1474
1474
1474
54
1474
1474
54
1474
1474
1474
54
1474
1474
54
1474
1474
1474
1474
1474
54
1474
1474
1474
54
1474
1474
1474
54
1474
1474
1474
54
1474
1474
1474
1474
54
1474
1474
1474
1474
1474
1474
54
1474
1474
54
1474
1474
1474
1474
54
1474
1474
1474
54
1474
1474
54
1474
1474
1474
54
1474
1474
54
1474
1474
1474
54
1474
1474
1474
1474
1474
54
1474
1474
54
1474
1474
54
1474
1474
1474
1474
1474
1474
1474
1474
1474
1474
54
1474
1474
1474
1474
1474
54
1474
1474
1474
54
1474
1474
54
1474
1474
1474
54
1474
54
1474
1474
54
1474
1474
1474
1474
54
1474
1474
1474
1474
54
1474
1474
54
1474
1474
54
1474
1474
54
1474
1474
1474
1474
54
1474
1474
54
1474
1474
1474
1474
54
1474
1474
1474
1474
54
1474
1474
54
1474
1474
1474
54
1474
1474
1474
1474
1474
54
1474
1474
1474
1474
1474
1474
1474
1474
54
1474
1474
1474
54
1474
1474
54
1474
1474
54
1474
1474
54
1474
1474
1474
54
1474
1474
1474
54
1474
1474
1474
54
1474
1474
1474
54
1474
1474
54
1474
1474
1474
54
1474
1474
1474
1474
54
1474
1474
1474
54
1474
1474
54
1474
1474
1474
54
1474
1474
54
1474
1474
1474
1474
1474
1474
1474
1474
1474
1474
1474
1474
1474
1474
1474
1474
1474
54
1474
1474
1474
1474
1474
1474
54
1474
1474
1474
1474
54
1474
1474
54
1474
1474
1474
54
1474
1474
54
1474
1474
54
1474
1474
54
1474
1474
1474
54
1474
54
1474
1474
1474
1474
54
1474
1474
54
1474
1474
54
1474
1474
1474
1474
54
1474
1474
1474
1474
1474
54
1474
54
1474
1474
1474
54
1474
1474
54
1474
1474
54
1474
1474
54
1474
54
1474
1474
1474
1474
1474
54
1474
1474
1474
1474
1474
1474
54
1474
1474
1474
1474
1474
1474
1474
1474
1474
1474
54
1474
1474
1474
1474
1474
1474
1474
1474
1474
54
1474
1474
1474
1474
54
1474
1474
1474
1474
1474
1474
54
1474
1474
1474
1474
54
1474
1474
54
1474
1474
1474
54
1474
1474
54
1474
1474
1474
1474
54
1474
1474
54
1474
1474
1474
54
1474
1474
54
1474
1474
54
1474
1474
1474
1474
1474
54
1474
1474
54
1474
1474
1474
1474
54
1474
1474
1474
1474
1474
1474
1474
1474
1474
1474
1474
54
1474
1474
1474
54
1474
1474
1474
1474
1474
1474
1474
1474
1474
1474
54
1474
1474
1474
1474
1474
54
1474
1474
54
1474
1474
1474
1474
1474
54
1474
54
1474
1474
54
1474
1474
54
1474
1474
1474
54
1474
1474
54
1474
1474
1474
54
1474
1474
54
1474
1474
1474
1474
54
1474
1474
54
1474
1474
1474
54
1474
54
1474
1474
1474
1474
54
1474
1474
54
1474
1474
54
1474
1474
54
1474
1474
1474
1474
54
1474
1474
54
1474
1474
1474
54
1474
1474
1474
54
1474
1474
54
1474
1474
1474
54
1474
1474
54
1474
1474
1474
54
1474
1474
1474
1474
1474
1474
54
1474
1474
1474
54
1474
1474
54
1474
1474
54
1474
1474
54
1474
1474
1474
54
1474
1474
1474
54
1474
1474
1474
54
1474
1474
54
1474
1474
1474
1474
54
1474
1474
54
1474
1474
1474
54
1474
54
1474
1474
1474
1474
1474
54
1474
1474
1474
54
1474
1474
54
1474
1474
1474
1474
54
1474
1474
54
1474
1474
54
1474
1474
54
1474
1474
1474
54
1474
1474
54
1474
1474
1474
1474
54
1474
1474
54
1474
1474
1474
1474
1474
1474
1474
1474
1474
1474
54
1474
1474
1474
1474
54
1474
1474
1474
1474
1474
1474
1474
54
1474
1474
54
1474
1474
1474
54
1474
1474
1474
54
1474
1474
54
1474
1474
1474
54
1474
54
1474
1474
1474
1474
54
1474
1474
54
1474
1474
54
1474
1474
1474
1474
54
1474
1474
54
1474
1474
1474
1474
54
1474
1474
54
1474
1474
1474
54
1474
1474
54
1474
1474
1474
54
1474
1474
1474
1474
1474
1474
1474
1474
1474
54
1474
1474
1474
54
1474
1474
1474
54
1474
1474
1474
54
1474
1474
1474
54
1474
1474
1474
54
1474
1474
54
1474
1474
1474
1474
54
1474
1474
1474
1474
54
1474
1474
54
1474
1474
1474
1474
1474
54
1474
1474
1474
1474
54
1474
1474
1474
54
1474
1474
1474
1474
54
1474
1474
1474
1474
1474
1474
54
1474
1474
54
1474
1474
1474
54
1474
54
1474
1474
1474
54
1474
1474
54
1474
1474
1474
54
1474
1474
54
1474
1474
1474
54
1474
1474
1474
1474
1474
1474
1474
1474
54
1474
1474
1474
1474
54
1474
1474
1474
54
1474
1474
1474
54
1474
1474
54
1474
1474
54
1474
1474
1474
54
1474
1474
1474
1474
54
1474
1474
54
1474
1474
54
1474
1474
1474
54
1474
54
1474
1474
54
1474
1474
1474
54
1474
54
1474
1474
1474
1474
54
1474
1474
1474
1474
1474
1474
54
1474
1474
1474
54
1474
54
1474
1474
1474
1474
54
1474
1474
54
1474
1474
1474
54
1474
1474
54
1474
54
1474
1474
1474
54
1474
1474
54
1474
1474
54
1474
1474
54
1474
1474
1474
1474
54
1474
1474
54
1474
1474
1474
54
1474
1474
54
1474
1474
54
1474
1474
54
1474
1474
1474
54
1474
1474
54
1474
1474
54
1474
1474
1474
54
1474
1474
1474
1474
1474
54
1474
1474
1474
54
1474
1474
1474
54
1474
1474
1474
1474
1474
1474
1474
54
1474
1474
54
1474
1474
54
1474
1474
1474
54
1474
1474
1474
54
1474
1474
54
1474
1474
1474
1474
54
1474
1474
1474
1474
54
1474
1474
54
1474
1474
1474
54
1474
54
1474
1474
1474
54
1474
1474
54
1474
1474
54
1474
1474
54
1474
1474
1474
54
1474
1474
1474
54
1474
1474
1474
54
1474
1474
1474
1474
1474
54
1474
54
1474
1474
54
1474
1474
54
1474
1474
1474
54
1474
1474
54
1474
1474
54
1474
1474
1474
54
1474
1474
1474
1474
54
1474
1474
54
1474
1474
54
1474
1474
54
1474
1474
1474
1474
54
1474
1474
54
1474
1474
1474
1474
54
1474
1474
54
1474
1474
1474
1474
1474
1474
1474
1474
54
1474
1474
1474
1474
54
1474
1474
54
1474
1474
1474
1474
54
1474
1474
54
1474
1474
54
1474
1474
54
1474
1474
1474
54
1474
1474
54
1474
1474
1474
1474
1474
66
66
66
1474
1474
1474
1474
66
66
66
66
1474
1474
66
66
1474
1474
1474
66
66
74
1474
1474
74
74
1474
1474
74
74
1474
1474
74
74
1474
74
1474
1474
1474
1474
74
74
74
74
1474
1474
1474
74
74
74
1474
1474
1474
74
74
74
1474
1474
74
74
1474
74
1474
1474
1474
1474
1474
1474
74
74
74
74
74
74
1474
1474
1474
1474
74
74
74
74
1474
1474
74
74
1474
1474
1474
1474
74
74
74
74
1474
1474
1474
1474
1474
1349
1474
1474
74
74
74
74
74
74
66
54
506
54
128
92
100
54
100
54
1346
1474
1474
54
1474
1474
1474
54
1474
1474
54
1474
1474
1474
1474
1474
1474
1474
1474
54
1474
1474
1474
1474
54
1474
1474
54
1474
1474
1474
54
1474
1474
54
1474
1474
54
1474
1474
54
1474
1474
54
1474
1474
1474
54
1474
54
1474
1474
54
1474
1474
54
1474
1474
1474
1474
1474
54
1474
1474
54
1474
54
1474
1474
1474
54
1474
1474
54
1474
54
1474
1474
1474
54
1474
54
1474
1474
1474
1474
54
1474
1474
54
1474
1474
54
1474
1474
1474
1474
54
1474
1474
54
1474
1474
1474
1474
54
1474
1474
1474
54
1474
1474
1474
54
1474
1474
54
1474
1474
1474
54
1474
1474
1474
54
1474
1474
54
1474
1474
1474
54
1474
54
1474
1474
1474
1474
54
1474
1474
1474
1474
54
1474
1474
54
1474
1474
1474
1474
54
1474
1474
54
1474
1474
54
1474
1474
54
1474
1474
54
1474
1474
54
1474
1474
1474
54
1474
1474
1474
54
1474
1474
1474
54
1474
1474
54
1474
1474
1474
54
1474
1474
54
1474
1474
1474
1474
54
1474
1474
1474
1474
54
1474
1474
54
1474
1474
54
1474
1474
54
1474
1474
1474
54
1474
1474
1474
1474
54
1474
54
1474
1474
1474
54
1474
1474
1474
1474
1474
54
1474
1474
54
1474
1474
1474
54
1474
1474
1474
1474
54
1474
1474
54
1474
1474
1474
54
1474
1474
1474
1474
54
1474
1474
54
1474
1474
1474
54
1474
1474
54
1474
1474
54
1474
54
1474
1474
1474
1474
54
1474
1474
54
1474
1474
54
1474
1474
1474
1474
1474
1474
1474
1474
54
1474
1474
1474
54
1474
1474
54
1474
1474
1474
54
1474
1474
1474
1474
1474
54
1474
1474
54
1474
1474
54
1474
1474
54
1474
54
1474
1125
54
441
55
54
128
92
100
54
100
66
54
1349
1474
1474
1474
1474
1474
1474
1474
54
1474
1474
1474
54
1474
1474
1474
1474
1474
1474
1474
1474
1474
1474
1474
1474
1474
1474
1474
1474
54
1474
1474
1474
1474
1474
1474
54
1474
1474
1474
1474
1474
1474
54
1474
1474
1474
1474
1474
1474
54
1474
1474
1474
1474
1474
1474
1474
1474
1474
1474
1474
1474
1474
1474
54
1474
1474
54
1474
1474
1474
1474
1474
1474
54
1474
1474
54
1474
1474
1474
54
1474
1474
54
1474
1474
54
1474
1474
54
1474
1474
54
1474
1474
1474
54
1474
1474
1474
54
1474
1474
54
1474
1474
54
1474
1474
54
1474
1474
54
1474
54
1474
1474
54
1474
1474
1474
54
1474
54
1474
1474
1474
54
1474
54
1474
1474
1474
1474
1474
54
1474
54
1474
1474
1474
54
1474
1474
54
1474
54
1474
1474
54
1474
1474
54
1474
1474
1474
54
1474
1474
1474
1474
1474
1474
1474
1474
54
1474
1474
1474
1474
54
1474
1474
1474
54
1474
1474
54
1474
1474
1474
54
1474
54
1474
1474
1474
54
1474
1474
54
1474
1474
1474
54
1474
1474
54
1474
1474
1474
54
1474
54
1474
1474
1474
54
1474
54
1474
1474
54
1474
1474
54
1474
1474
1474
54
1474
1474
1474
54
1474
1474
1474
54
1474
1474
54
1474
1474
1474
54
1474
1474
1474
54
1474
1474
54
1474
1474
1474
54
1474
1474
1474
54
1474
54
1474
1474
54
1474
1474
1474
54
1474
1474
54
1474
1474
1474
54
1474
1474
54
1474
1474
54
1474
1474
54
1474
1474
1474
1474
1474
1474
54
1474
1474
1474
1474
54
1474
1474
1474
54
1474
1474
54
1474
1474
1474
54
1474
1474
1474
1474
54
1474
1474
1474
54
1474
54
1474
1474
54
1474
1474
54
1474
1474
1474
54
1474
1474
54
1474
1474
1474
54
1474
1474
54
1474
1474
1474
54
1474
54
1474
1474
1474
1474
1474
54
1474
54
1474
1474
1474
54
1474
1474
54
1474
54
1474
1474
1474
1474
1474
1474
1474
1474
54
1474
1474
1474
1474
54
1474
1474
54
1474
1474
1474
1474
54
1474
1474
1474
54
1474
1474
1474
1474
1474
1474
1474
1474
1474
54
1474
1474
1474
1474
1474
54
1474
1474
1474
54
1474
1474
1474
54
1474
1474
1474
54
1474
1474
54
1474
1474
54
1474
1474
54
1474
1474
54
1474
1474
54
1474
1474
1474
1474
54
1474
1474
1474
54
1474
54
1474
1474
54
1474
1474
54
1474
1474
54
1474
1474
54
1474
1474
54
1474
1474
1474
1474
54
1474
1474
54
1474
1474
54
1474
1474
1474
54
1474
54
1474
1474
54
1474
1474
54
1474
1474
1474
54
1474
1474
54
1474
1474
1474
54
1474
1474
1474
1474
54
1474
1474
54
1474
1474
1474
54
1474
54
1474
1474
54
1474
1474
1474
54
1474
1474
1474
1474
1474
1474
54
1474
1474
1474
1474
54
1474
1474
54
1474
54
1474
1474
1474
54
1474
1474
54
1474
1474
54
1474
1474
54
1474
54
1474
1474
54
1474
1474
1474
54
1474
1474
1474
1474
54
1474
54
1474
1474
54
1474
1474
54
1474
1474
54
1474
1474
54
1474
1474
1474
54
1474
54
1474
1474
1474
1474
1474
54
1474
1474
54
1474
1474
1474
54
1474
1474
1474
54
1474
1474
54
1474
54
1474
1474
54
1474
1474
54
1474
1474
54
1474
1474
54
1474
1474
54
1474
1474
1474
54
1474
54
1474
1474
54
1474
1474
54
1474
1474
54
1474
1474
54
1474
1474
1474
54
1474
54
1474
1474
1474
54
1474
1474
54
1474
1474
54
1474
1474
54
1474
1474
1474
1474
54
1474
1474
54
1474
1474
54
1474
1474
54
1474
1474
54
1474
1474
54
1474
54
1474
1474
54
1474
1474
54
1474
1474
1474
1474
1474
1474
1474
1474
1474
54
1474
1474
1474
54
1474
1474
1474
54
1474
1474
1474
54
1474
1474
54
1474
1474
1474
54
1474
1474
54
1474
1474
54
1474
1474
54
1474
54
1474
1474
1474
54
1474
1474
54
1474
54
1474
1474
1474
54
1474
54
1474
1474
1474
54
1474
1474
54
1474
1474
54
1474
1474
54
1474
54
1474
1474
1474
1474
54
1474
1474
1474
1474
1474
54
1474
1474
54
1474
1474
54
1474
1474
54
1474
1474
1474
54
1474
1474
54
1474
1474
1474
1474
54
1474
1474
1474
54
1474
1474
54
1474
54
1474
1474
1474
1474
1474
1474
1474
1474
1474
54
1474
1474
1474
1474
54
1474
1474
54
1474
1474
1474
54
1474
1474
1474
1474
54
1474
1474
54
1474
1474
54
1474
1474
1474
54
1474
1474
54
1474
1474
54
1474
1474
54
1474
1474
1474
54
1474
1474
1474
54
1474
1474
54
1474
1474
54
1474
1474
1474
54
1474
1474
1474
1474
1474
1474
54
1474
1474
54
1474
1474
54
1474
1474
54
1474
1474
1474
1474
54
1474
1474
54
1474
1474
54
1474
1474
54
1474
1474
1474
54
1474
1474
54
1474
1474
54
1474
1474
54
1474
1474
54
1474
1474
1474
54
1474
1474
1474
1474
54
1474
1474
54
1474
1474
1474
54
1474
54
1474
1474
54
1474
1474
54
1474
1474
1474
54
1474
1474
1474
54
1474
1474
54
1474
1474
1474
54
1474
1474
54
1474
1474
54
1474
1474
54
1474
1474
54
1474
1474
54
1474
1474
1474
54
1474
1474
54
1474
1474
1474
54
1474
1474
54
1474
1474
54
1474
1474
54
1474
54
1474
1474
1474
54
1474
1474
54
1474
1474
54
1474
1474
54
1474
1474
54
1474
1474
1474
54
1474
1474
1474
1474
54
1474
1474
54
1474
1474
54
1474
1474
54
1474
1474
1474
1474
54
1474
1474
54
1474
1474
54
1474
1474
54
1474
1474
1474
1474
54
1474
1474
1474
54
1474
54
1474
1474
54
1474
1474
1474
54
1474
1474
54
1474
1474
54
1474
54
1474
1474
54
1474
1474
1474
54
1474
1474
54
1474
1474
1474
54
1474
1474
1474
54
1474
1474
1474
54
1474
1474
1474
54
1474
1474
1474
1474
1474
1474
1474
1474
1474
1474
1474
1474
1474
1474
54
1474
1474
1474
54
1474
1474
54
1474
1474
54
1474
1474
54
1474
1474
54
1474
1474
1474
54
1474
54
1474
1474
54
1474
1474
1474
54
1474
1474
54
1474
1474
54
1474
54
1474
1474
1474
54
1474
1474
54
1474
1474
54
1474
54
1474
1474
1474
54
1474
1474
1474
54
1474
1474
1474
1474
54
1474
1474
54
1474
1474
1474
1474
1474
54
1474
1474
54
1474
1474
1474
54
1474
1474
54
1474
1474
54
1474
1474
54
1474
1474
54
1474
1474
1474
1474
1474
1474
1474
1474
1474
1474
54
1474
1474
1474
1474
54
1474
1474
1474
1474
54
1474
1474
54
1474
1474
1474
54
1474
1474
54
1474
1474
54
1474
1474
54
1474
54
1474
1474
1474
54
1474
1474
54
1474
1474
54
1474
54
1474
1474
1474
54
1474
1474
54
1474
1474
54
1474
1474
1474
54
1474
1474
1474
1474
54
1474
1474
54
1474
1474
1474
1474
54
1474
1474
54
1474
1474
54
1474
1474
54
1474
1474
1474
54
1474
1474
54
1474
1474
1474
1474
54
1474
1474
1474
54
1474
1474
1474
54
1474
54
1474
1474
54
1474
1474
54
1474
1474
1474
1474
54
1474
1474
54
1474
1474
1474
54
1474
54
1474
1474
1474
54
1474
1474
54
1474
54
1474
1474
1474
54
1474
54
1474
1474
1474
54
1474
1474
54
1474
1474
1474
1474
1474
1474
1474
1474
1474
1474
1474
54
1474
1474
1474
1474
1474
54
1474
1474
1474
54
1474
1474
54
1474
1474
1474
54
1474
54
1474
1474
1474
1474
1474
54
1474
1474
54
1474
1474
54
1474
1474
54
1474
54
1474
1474
54
1474
1474
54
1474
1474
1474
1474
54
1474
1474
1474
1474
54
1474
1474
1474
54
1474
54
1474
1474
1474
54
1474
54
1474
1474
1474
54
1474
1474
54
1474
1474
54
1474
54
1474
1474
1474
1474
54
1474
1474
54
1474
1474
1474
54
1474
1474
54
1474
1474
54
1474
1474
54
1474
54
1474
1474
1474
1474
1474
1474
54
1474
1474
1474
54
1474
1474
54
1474
1474
54
1474
1474
1474
54
1474
1474
54
1474
1474
54
1474
1474
1474
1474
1474
1474
1474
54
1474
1474
1474
1474
54
1474
1474
54
1474
54
1474
1474
54
1474
1474
54
1474
1474
1474
54
1474
1474
54
1474
1474
1474
54
1474
1474
54
1474
1474
54
1474
1474
1474
54
1474
1474
1474
1474
54
1474
1474
1474
1474
54
1474
54
1474
1474
54
1474
1474
1474
54
1474
54
1474
1474
1474
1474
1474
54
1474
1474
1474
54
1474
1474
54
1474
1474
54
1474
1474
54
1474
1474
54
1474
1474
54
1474
1474
54
1474
1474
1474
54
1474
1474
54
1474
1474
1474
54
1474
1474
54
1474
1474
1474
54
1474
54
1474
1474
1474
54
1474
1474
1474
1474
1474
1474
1474
1474
1474
54
1474
1474
1474
54
1474
1474
1474
1474
1474
54
1474
1474
54
1474
1474
1474
1474
54
1474
1474
1474
54
1474
1474
54
1474
54
1474
1474
54
1474
1474
1474
54
1474
1474
54
1474
1474
54
1474
1474
1474
54
1474
1474
54
1474
1474
1474
1474
54
1474
1474
54
1474
1474
1474
54
1474
1474
54
1474
1474
54
1474
54
1474
1474
1474
1474
1474
54
1474
1474
1474
54
1474
1474
54
1474
1474
1474
54
1474
1474
54
1474
1474
54
1474
1474
54
1474
1474
1474
54
1474
1474
54
1474
1474
1474
54
1474
54
1474
1474
54
1474
1474
1474
54
1474
1474
54
1474
1474
54
1474
1474
54
1474
54
1474
1474
54
1474
1474
1474
54
1474
1474
54
1474
1474
54
1474
1474
1474
54
1474
1474
54
1474
1474
1474
1474
54
1474
1474
54
1474
1474
1474
54
1474
1474
54
1474
1474
1474
54
1474
1474
1474
1474
54
1474
1474
54
1474
1474
1474
1474
1474
1474
54
1474
1474
1474
54
1474
1474
1474
54
1474
1474
54
1474
1474
1474
1474
54
1474
1474
54
1474
1474
54
1474
1474
54
1474
1474
54
1474
1474
1474
1474
1474
54
1474
1474
1474
54
1474
1474
54
1474
1474
1474
54
1474
54
1474
1474
54
1474
1474
1474
54
1474
54
1474
1474
54
1474
1474
1474
54
1474
1474
1474
1474
54
1474
1474
54
1474
54
1474
1474
54
1474
1474
1474
54
1474
1474
54
1474
54
1474
1474
1474
54
1474
1474
1474
1474
1474
1474
1474
54
1474
1474
1474
54
1474
1474
54
1474
1474
54
1474
1474
1474
54
1474
1474
1474
54
1474
1474
54
1474
1474
1474
54
1474
1474
54
1474
1474
1474
54
1474
54
1474
1474
54
1474
1474
1474
54
1474
1474
54
1474
1474
54
1474
1474
54
1474
54
1474
1474
54
1474
1474
54
1474
1474
1474
54
1474
54
1474
1474
1474
1474
1474
54
1474
1474
54
1474
1474
1474
1474
1474
54
1474
1474
54
1474
1474
1474
1474
54
1474
1474
1474
54
1474
1474
54
1474
54
1474
1474
54
1474
1474
1474
1474
1474
1474
1474
1474
54
1474
1474
1474
54
1474
1474
1474
1474
54
1474
1474
54
1474
1474
54
1474
1474
1474
1474
54
1474
1474
1474
1474
54
1474
1474
1474
54
1474
1474
1474
54
1474
1474
54
1474
54
1474
1474
54
1474
1474
1474
54
1474
54
1474
1474
54
1474
1474
54
1474
1474
54
1474
1474
766
54
55
66
55
66
1346
1474
1474
54
1474
1474
1474
54
1474
1474
54
1474
1474
1474
54
1474
1474
54
1474
1474
54
1474
1474
54
1474
1474
1474
54
1474
1474
54
1474
1474
1474
54
1474
1474
54
1474
1474
1474
54
1474
1474
54
1474
1474
54
1474
1474
1474
54
1474
1474
1474
1474
54
1474
1474
54
1474
1474
54
1474
1474
54
1474
1474
1474
1474
54
1474
1474
54
1474
1474
54
1474
1474
54
1474
1474
54
1474
1474
54
1474
1474
54
1474
1474
1474
54
1474
1474
54
1474
1474
54
1474
1474
54
1474
54
1474
1474
54
1474
1474
1474
54
1474
1474
54
1474
1474
1474
54
1474
1474
54
1474
1474
1474
1474
54
1474
1474
54
1474
1474
1474
1474
1474
1474
1474
1474
1474
54
1474
1474
1474
1474
54
1474
1474
1474
1474
54
1474
54
1474
1474
1474
66
66
1474
1474
66
66
1474
1474
1474
66
66
66
1474
66
1474
1474
1474
66
66
66
1474
66
1474
66
1474
1474
1474
1474
66
66
66
66
1474
1474
1474
1474
74
74
74
74
1474
1474
1474
74
74
74
1474
1474
74
74
1474
74
1474
1474
74
74
1474
1474
1474
74
74
74
1474
1474
74
74
1474
1474
1474
1474
1474
1474
1474
1474
1474
74
74
74
74
74
74
74
74
74
1474
1474
1474
1474
1474
74
74
74
74
74
1474
1474
1474
74
74
74
1474
1474
1474
74
74
74
1474
1474
1474
74
74
74
1474
1474
1474
1474
1474
1474
1474
1474
1474
1474
1474
1474
1474
66
66
66
66
66
66
66
66
66
66
66
54
54
1474
1474
1474
1474
1474
1474
54
54
1474
1474
1474
1474
54
54
1474
1474
1474
54
1474
1474
54
1474
54
1474
1474
54
1474
1474
54
1474
1474
54
1474
1474
54
1474
1474
54
1474
1474
1474
1474
1474
1474
54
1474
1474
54
1474
1474
54
1474
1474
1474
54
1474
54
1474
1474
1474
54
1474
54
641
54
55
66
55
66
1349
1474
1474
54
1474
1474
1474
54
1474
54
1474
1474
54
1474
1474
54
1474
1474
54
1474
1474
54
1474
1474
1474
54
1474
1474
54
1474
54
1474
1474
1474
54
1474
54
1474
1474
54
1474
1474
1474
54
1474
1474
1474
54
1474
1474
1474
54
1474
1474
54
1474
1474
54
1474
1474
1474
54
1474
1474
1474
1474
54
1474
1474
54
1474
1474
1474
1474
54
1474
1474
54
1474
1474
54
1474
1474
54
1474
1474
54
1474
1474
1474
54
1474
1474
54
1474
1474
54
1474
1474
54
1474
1474
54
1474
1474
54
1474
54
1474
1474
1474
1474
54
1474
1474
54
1474
1474
54
1474
1474
54
1474
1474
1474
54
1474
54
1474
1474
54
1474
1474
54
1474
1474
54
1474
1474
1474
54
1474
1474
54
1474
1474
1474
1474
54
1474
1474
54
1474
1474
1474
54
1474
1474
54
1474
1474
1474
1474
1474
1474
1474
54
1474
1474
1474
1474
1474
54
1474
1474
54
1474
1474
1474
54
1474
1474
1474
54
1474
1474
1474
54
1474
54
1474
1474
1474
1474
1474
1474
54
1474
1474
1474
1474
1474
1474
1474
1474
1474
54
1474
1474
1474
1474
1474
1474
1474
54
1474
1474
1474
1474
54
1474
1474
1474
54
1474
1474
54
1474
1474
54
1474
1474
54
1474
1474
1474
54
1474
1474
54
1474
1474
1474
54
1474
1474
54
1474
1474
54
1474
1474
54
1474
1474
54
1474
1474
1474
54
1474
1474
1474
1474
54
1474
1474
54
1474
1474
1474
1474
54
1474
1474
1474
54
1474
54
1474
1474
54
1474
1474
1474
54
1474
1474
1474
54
1474
1474
1474
1474
1474
1474
54
1474
1474
54
1474
1474
1474
1474
1474
1474
1474
1474
1474
1474
1474
1474
1474
1474
54
1474
1474
1474
1474
1474
54
1474
1474
1474
1474
54
1474
1474
1474
1474
54
1474
1474
54
1474
1474
54
1474
1474
54
1474
54
1474
1474
1474
1474
54
1474
1474
1474
1474
54
1474
1474
1474
54
1474
1474
1474
54
1474
1474
54
1474
1474
1474
54
1474
54
1474
1474
1474
54
1474
1474
1474
1474
1474
54
1474
1474
54
1474
1474
1474
1474
54
1474
1474
54
1474
1474
54
1474
1474
54
1474
1474
1474
54
1474
1474
54
1474
1474
54
1474
1474
54
1474
54
1474
1474
1474
54
1474
1474
54
1474
1474
1474
1474
1474
1474
1474
54
1474
1474
54
1474
1474
54
1474
1474
54
1474
1474
54
1474
1474
1474
54
1474
54
1474
1474
1474
1474
54
1474
1474
54
1474
1474
54
1474
1474
54
1474
1474
54
1474
1474
1474
54
1474
1474
54
1474
54
1474
1474
1474
54
1474
54
1474
1474
1474
54
1474
54
1474
1474
54
1474
1474
54
1474
1474
1474
1474
1474
1474
54
1474
1474
54
1474
1474
1474
54
1474
54
1474
1474
54
1474
1474
54
1474
1474
1474
1474
1474
54
1474
1474
1474
1474
54
1474
54
1474
1474
1474
54
1474
54
1474
1474
54
1474
1474
54
1474
1474
1474
1474
54
1474
1474
54
1474
1474
54
1474
1474
54
1474
1474
54
1474
1474
54
1474
1474
1474
54
1474
1474
1474
54
1474
1474
1474
1474
1474
54
1474
1474
1474
54
1474
1474
54
1474
1474
1474
54
1474
54
1474
1474
1474
1474
1474
1474
1474
54
1474
1474
1474
1474
1474
54
1474
1474
1474
54
1474
1474
54
1474
1474
1474
1474
1474
1474
1474
1474
54
1474
1474
1474
1474
1474
54
1474
1474
54
1474
1474
1474
54
1474
54
1474
1474
1474
1474
54
1474
1474
54
1474
1474
54
1474
1474
54
1474
1474
1474
1474
54
1474
1474
54
1474
1474
1474
1474
54
1474
1474
1474
1474
1474
54
1474
1474
54
1474
1474
1474
54
1474
1474
1474
54
1474
1474
54
1474
1474
1474
54
1474
1474
54
1474
1474
1474
54
1474
1474
54
1474
1474
54
1474
1474
1474
1474
1474
1474
1474
1474
54
1474
1474
1474
1474
54
1474
1474
54
1474
54
1474
1474
1474
54
1474
1474
54
1474
1474
54
1474
1474
1474
1474
1474
54
1474
1474
54
1474
1474
1474
54
1474
54
1474
1474
1474
1474
54
1474
1474
1474
1474
54
1474
1474
54
1474
1474
1474
1474
1474
54
1474
1474
54
1474
1474
54
1474
54
1474
1474
1474
54
1474
1474
54
1474
54
1474
1474
1474
54
1474
54
1474
1474
54
1474
1474
54
1474
1474
1474
54
1474
54
1474
1474
54
1474
1474
54
1474
1474
1474
1474
1474
1474
1474
1474
1474
54
1474
1474
54
1474
1474
54
1474
1474
54
1474
1474
54
1474
54
1474
1474
1474
54
1474
1474
54
1474
1474
1474
54
1474
1474
1474
1474
54
1474
1474
54
1474
1474
1474
54
1474
54
1474
1474
1474
1474
54
1474
1474
54
1474
1474
1474
1474
54
1474
1474
54
1474
1474
54
1474
1474
1474
1474
1474
54
1474
1474
54
1474
1474
1474
54
1474
1474
54
1474
1474
1474
1474
54
1474
1474
1474
1474
54
1474
1474
54
1474
1474
1474
54
1474
54
1474
1474
54
1474
1474
54
1474
1474
54
1474
1474
1474
54
1474
54
1474
1474
1474
1474
54
1474
1474
54
1474
1474
1474
1474
54
1474
1474
54
1474
1474
1474
54
1474
54
1474
1474
1474
1474
54
1474
1474
1474
1474
54
1474
1474
1474
54
1474
1474
54
1474
1474
54
1474
1474
54
1474
1474
1474
54
1474
1474
1474
54
1474
1474
54
1474
1474
1474
1474
1474
1474
1474
1474
1474
54
1474
1474
1474
1474
54
1474
1474
54
1474
1474
1474
54
1474
1474
54
1474
1474
54
1474
1474
54
1474
1474
54
1474
54
1474
1474
54
1474
1474
54
1474
1474
54
1474
1474
1474
1474
54
1474
1474
54
1474
1474
54
1474
1474
54
1474
1474
1474
54
1474
1474
54
1474
1474
1474
54
1474
1474
54
1474
1474
54
1474
1474
1474
1474
54
1474
1474
1474
54
1474
1474
1474
1474
1474
1474
1474
54
1474
1474
54
1474
1474
54
1474
1474
1474
54
1474
54
1474
1474
54
1474
1474
1474
1474
1474
1474
1474
1474
54
1474
1474
1474
54
1474
1474
1474
54
1474
1474
1474
54
1474
1474
54
1474
54
1474
1474
54
1474
1474
1474
54
1474
1474
54
1474
1474
1474
54
1474
1474
1474
54
1474
54
1474
1474
1474
1474
54
1474
1474
54
1474
1474
1474
54
1474
54
1474
1474
1474
54
1474
1474
54
1474
1474
54
1474
1474
1474
1474
1474
1474
1474
1474
1474
54
1474
1474
1474
1474
54
1474
1474
1474
1474
54
1474
1474
54
1474
1474
54
1474
1474
54
1474
1474
1474
54
1474
54
1474
1474
54
1474
1474
1474
54
1474
1474
54
1474
1474
1474
54
1474
1474
1474
1474
1474
1474
54
1474
1474
1474
1474
54
1474
1474
54
1474
1474
1474
1474
54
1474
1474
1474
1474
1474
1474
1474
54
1474
1474
54
1474
54
1474
1474
1474
54
1474
54
1474
1474
54
1474
1474
1474
54
1474
1474
1474
54
1474
1474
1474
54
1474
1474
1474
54
1474
1474
54
1474
1474
1474
54
1474
54
1474
1474
54
1474
1474
54
1474
1474
1474
54
1474
54
1474
1474
54
1474
1474
54
1474
1474
54
1474
1474
1474
1474
54
1474
1474
1474
54
1474
1474
1474
54
1474
1474
1474
1474
54
1474
1474
54
1474
1474
1474
1474
54
1474
1474
54
1474
1474
54
1474
1474
54
1474
1474
1474
54
1474
1474
54
1474
1474
1474
54
1474
1474
54
1474
1474
1474
54
1474
1474
54
1474
1474
1474
54
1474
1474
54
1474
1474
54
1474
1474
1474
54
1474
1474
54
1474
54
1474
1474
1474
1474
1474
1474
1474
1474
54
1474
1474
1474
1474
1474
1474
1474
1474
1474
54
1474
54
1474
1474
1474
54
1474
1474
1474
54
1474
1474
1474
1474
1474
1474
1474
1474
1474
1474
1474
1474
1474
1474
1474
1474
1474
54
1474
1474
1474
1474
1474
1474
1474
1474
1474
1474
1474
1474
1474
1474
1474
1474
1474
54
1474
1474
54
1474
1474
54
1474
1474
54
1474
1474
54
1474
1474
54
1474
1474
54
1474
1474
54
1474
1474
54
1474
1474
54
1474
1474
54
1474
1474
54
1474
1474
54
1474
1474
1474
54
1474
54
1474
1474
1474
1474
54
1474
1474
1474
1474
1474
54
1474
54
1474
1474
1474
54
1474
1474
54
1474
54
1474
1474
54
1474
1474
1474
54
1474
1474
54
1474
1474
54
1474
54
1474
1474
1474
54
1474
1474
1474
54
1474
1474
1474
54
1474
1474
54
1474
1474
54
1474
54
1474
1474
1474
54
1474
1474
54
1474
1474
54
1474
1474
54
1474
1474
54
1474
1474
54
1474
54
1474
1474
54
1474
1474
1474
1474
506
54
1346
1474
1474
54
1474
1474
54
1474
1474
1474
54
1474
54
1474
1474
1474
54
1474
1474
1474
1474
54
1474
1474
1474
1474
1474
1474
1474
54
1474
1474
1474
54
1474
54
1474
1474
1474
1474
54
1474
1474
54
1474
1474
1474
1474
1474
1474
1474
1474
1474
1474
54
1474
1474
1474
54
1474
1474
54
1474
1474
1474
54
1474
1474
54
1474
1474
1474
54
1474
1474
1474
1474
1474
54
1474
1474
1474
1474
54
1474
1474
54
1474
1474
54
1474
1474
54
1474
1474
1474
1474
54
1474
1474
1474
54
1474
1474
54
1474
54
1474
1474
1474
1474
54
1474
1474
54
1474
1474
54
1474
1474
1474
1474
54
1474
1474
1474
54
1474
54
1474
1474
1474
54
1474
1474
1474
54
1474
1474
1474
54
1474
1474
54
1474
1474
1474
54
1474
1474
1474
54
1474
54
1474
1474
1474
1474
1474
1474
1474
1474
1474
54
1474
1474
1474
54
1474
1474
1474
54
1474
1474
1474
54
1474
1474
54
1474
1474
1474
54
1474
54
1474
1474
54
1474
1474
1474
54
1474
54
1474
1474
1474
1474
1474
54
1474
1474
54
1474
1474
1474
54
1474
1474
1474
1474
54
1474
1474
54
1474
1474
54
1474
1474
54
1474
1474
1474
1474
54
1474
1474
54
1474
1474
1474
54
1474
54
1474
1474
54
1474
1474
1474
54
1474
54
1474
1474
1474
54
1474
54
1474
1474
54
1474
1474
1474
54
1474
54
1474
1474
1474
54
1474
1474
54
1474
54
1474
1474
54
1474
1474
1474
54
1474
1474
54
1474
1474
1474
1474
1474
54
1474
1474
54
1474
1474
54
1474
1474
1474
54
1474
1474
1474
54
1474
1474
1474
54
1474
1474
54
1474
1474
1474
1474
54
1051
54
1349
1474
1474
54
1474
1474
1474
54
1474
54
1474
1474
1474
54
1474
1474
54
1474
1474
1474
54
1474
1474
1474
54
1474
1474
54
1474
54
1474
1474
54
1474
1474
54
1474
1474
54
1474
1474
54
1474
1474
54
1474
1474
54
1474
1474
1474
54
1474
54
1474
1474
1474
54
1474
1474
54
1474
1474
1474
54
1474
1474
1474
54
1474
1474
1474
1474
54
1474
1474
54
1474
1474
1474
54
1474
1474
1474
1474
54
1474
1474
54
1474
1474
1474
54
1474
1474
54
1474
1474
54
1474
1474
54
1474
1474
1474
54
1474
1474
1474
54
1474
1474
54
1474
1474
54
1474
1474
1474
54
1474
1474
54
1474
1474
1474
1474
54
1474
1474
1474
1474
54
1474
1474
54
1474
1474
1474
54
1474
54
1474
1474
54
1474
1474
54
1474
1474
1474
1474
54
1474
1474
1474
54
1474
54
1474
1474
1474
54
1474
1474
54
1474
1474
54
1474
1474
54
1474
1474
1474
54
1474
1474
1474
1474
1474
54
1474
54
1474
1474
1474
54
1474
1474
1474
1474
1474
54
1474
1474
54
1474
1474
1474
54
1474
1474
54
1474
1474
54
1474
1474
54
1474
1474
1474
54
1474
1474
1474
1474
1474
1474
1474
54
1474
1474
1474
1474
1474
1474
1474
1474
1474
1474
1474
1474
1474
1474
1474
54
1474
1474
1474
1474
1474
1474
1474
1474
1474
1474
54
1474
1474
1474
1474
1474
1474
1474
1474
54
1474
1474
1474
54
1474
1474
1474
54
1474
1474
1474
1474
1474
1474
1474
1474
1474
1474
1474
1474
1474
1474
1474
1474
1474
54
1474
1474
1474
1474
1474
1474
1474
1474
1474
1474
1474
1474
1474
1474
1474
1474
1474
1474
1474
1474
1474
1474
1474
1474
1474
1474
1474
1474
1474
1474
1474
1474
54
1474
1474
1474
1474
1474
1474
1474
1474
1474
1474
1474
54
1474
1474
54
1474
1474
1474
54
1474
54
1474
1474
1474
1474
1474
1474
1474
1474
54
1474
1474
54
1474
1474
54
1474
1474
54
1474
1474
1474
1474
54
1474
1474
1474
1474
1474
1474
1474
1474
1474
1474
1474
1474
1474
1474
1474
54
1474
1474
1474
1474
1474
1474
1474
1474
1474
1474
1474
1474
1474
1474
1474
1474
1474
1474
1474
1474
1474
1474
1474
1474
1474
1474
1474
1474
54
1474
1474
1474
1474
1474
1474
1474
1474
1474
1474
1474
1474
1474
1474
1474
54
1474
1474
54
1474
1474
54
1474
1474
54
1474
1474
1474
54
1474
54
1474
1474
54
1474
1474
1474
54
1474
1474
54
1474
1474
1474
1474
54
1474
1474
1474
1474
54
1474
1474
54
1474
54
1474
1474
1474
54
1474
1474
1474
1474
54
1474
1474
54
1474
1474
1474
54
1474
1474
1474
54
1474
1474
54
1474
54
1474
1474
54
1474
1474
54
1474
1474
54
1474
1474
54
1474
1474
54
1474
1474
1474
54
1474
1474
54
1474
1474
1474
54
1474
1474
1474
54
1474
1474
54
1474
1474
1474
1474
1474
1474
54
1474
1474
54
1474
1474
1474
54
1474
1474
54
1474
1474
54
1474
1474
1474
1474
54
1474
1474
54
1474
1474
54
1474
1474
1474
1474
54
1474
1474
1474
1474
54
1474
1474
54
1474
1474
1474
54
1474
1474
54
1474
54
1474
1474
1474
54
1474
66
1474
66
1474
1474
66
74
1474
74
1474
1474
82
82
1474
1474
82
82
1474
1474
1474
1474
1474
1474
1474
1474
1474
82
82
82
82
82
82
82
82
82
1474
1474
1474
1474
82
82
82
82
1474
1474
1474
82
82
82
1474
1474
1474
1474
1474
82
82
82
82
82
1474
1474
1474
1474
82
82
82
82
1474
1474
1474
1474
82
82
82
82
1474
1474
1474
82
82
82
1474
1474
82
82
1474
1474
1474
1474
82
82
82
82
1474
1474
82
82
1474
1474
82
82
1474
82
1474
1474
1474
82
82
82
1474
1474
1474
82
82
74
1474
1474
1474
1474
1474
1474
74
66
54
54
1474
1474
1474
54
1474
1474
1474
54
1474
1474
1474
1474
54
1474
1474
1474
54
1474
1474
54
1474
1474
1474
54
1474
1474
1474
54
1474
1474
54
1474
54
1474
1474
1474
1474
1474
54
1474
54
1474
1474
54
1474
1474
54
1474
1474
54
1474
1474
54
1474
1474
1474
54
1474
1474
54
1474
54
1474
1474
54
1474
1474
54
1474
1474
54
1474
1474
54
1474
1474
1474
54
1474
54
1474
1474
54
1474
1474
54
1474
1474
1474
1474
54
1474
1474
54
1474
1474
54
1474
1474
54
1474
1474
54
1474
1474
1474
54
1474
1474
54
1474
1474
1474
54
1474
1474
54
1474
1474
54
1474
1474
54
1474
1474
54
1474
1474
1474
1474
54
1474
1474
54
1474
1474
1474
1474
54
1474
1474
1474
1474
54
1474
1474
54
1474
1474
54
1474
1474
54
1474
1474
1474
54
1474
1474
54
1474
1474
54
1474
1474
54
1474
54
1474
1474
1474
54
1474
1474
54
1474
1474
54
1474
54
1474
1474
54
1474
1474
1474
54
1474
1474
54
1474
1474
1474
54
1474
1474
54
1474
1474
54
1474
1474
1474
1474
1474
1474
1474
1474
1474
1474
1474
1474
1474
1474
1474
1474
1474
1474
1474
1474
54
1474
1474
1474
1474
1474
1474
1474
1474
54
1474
1474
1474
1474
54
1474
1474
54
1474
1474
1474
1474
1474
1474
1474
1474
1474
1474
1474
1474
1474
1474
1474
1474
1474
1474
1474
1474
1474
1474
1474
1474
54
1474
1474
1474
1474
1474
1474
1474
1474
54
1474
1474
1474
54
1474
54
1474
1474
54
1474
1474
1474
54
1474
54
1474
1474
54
1474
1474
54
1474
1474
54
1474
1474
54
1474
1474
54
1474
1474
54
1474
1474
54
1474
1474
1474
54
1474
54
1474
1474
54
1474
1474
54
1474
1474
54
1474
1474
54
1474
1474
54
1474
1474
54
1474
1474
1474
54
1474
54
1474
1474
1474
1474
1474
54
1474
1474
1474
54
1474
1474
1474
54
1474
1474
54
1474
1474
54
1474
54
1474
1474
1474
54
1474
54
1474
1474
1474
1474
54
1474
1474
1474
1474
1474
1474
1474
1474
1474
1474
1474
1474
54
1474
1474
1474
1474
1474
1474
1474
1474
1474
1474
1474
1474
1474
54
1474
1474
1474
1474
1474
1474
54
1474
1474
1474
54
1474
1474
54
1474
1474
1474
1474
54
1474
1474
1474
1474
1474
1474
1474
1474
1474
54
1474
1474
1474
1474
54
1474
1474
54
1474
1474
1474
54
1474
1474
1474
1474
1474
1474
1474
1474
1474
1474
1474
1474
1474
1474
1474
1474
1474
1474
1474
54
1474
1474
1474
1474
1474
1474
1474
54
1474
1474
1474
1474
54
1474
1474
1474
54
1474
1474
54
1474
1474
1474
1474
1474
1474
1474
54
1474
1474
1474
54
1474
1474
1474
1474
1474
1474
1474
1474
1474
1474
1474
1474
1474
1474
1474
1474
1474
1474
1474
54
1474
1474
1474
1474
1474
1474
1474
1474
54
1474
1474
1474
1474
54
1474
1474
54
1474
1474
54
1474
1474
54
1474
1474
54
1474
1474
54
1474
1474
54
1474
1474
1474
1474
54
1474
1474
1474
54
1474
1474
54
1474
54
1474
1474
1474
54
1474
1474
1474
54
1474
1474
54
1474
1474
1474
54
1474
54
1474
1474
1474
54
1474
1474
54
1474
1474
54
1474
1474
1474
54
1474
1474
1474
1474
1474
1474
1474
1474
1474
1474
1474
1474
54
1474
1474
1474
1474
1474
54
1474
1474
1474
54
1474
1474
54
1474
1474
1474
54
1474
54
1474
1474
1474
1474
54
1474
1474
1474
1474
54
1474
1474
54
1474
1474
1474
54
1474
1474
1474
1474
1474
54
1474
1474
54
1474
1474
1474
1474
54
1474
1474
54
1474
1474
1474
1474
54
1474
1474
1474
1474
1474
54
1474
54
1474
1474
54
1474
1474
54
1474
1474
1474
1474
54
1474
1474
1474
54
1474
1474
54
1474
1474
54
1474
1474
1474
54
1474
1474
1474
1474
54
1474
1474
1474
54
1474
1474
54
1474
1474
54
1474
1474
54
1474
54
1474
1474
1474
1474
54
1474
1474
1474
1474
54
1474
1474
54
1474
1474
1474
54
1474
54
1474
1474
54
1474
1474
54
1474
1474
54
1474
1474
1474
1474
54
1474
1474
1474
54
1474
1474
54
1474
54
1474
1474
54
1474
1474
54
1474
1474
1474
54
1474
1474
1474
54
1474
1474
1474
1474
54
1474
1474
54
996
54
388
1474
315
55
66
54
54
1346
1474
1474
1474
1474
1474
1474
1474
1474
1474
54
1474
1474
1474
1474
1474
1474
54
1474
1474
1474
1474
1474
1474
1474
54
1474
1474
1474
1474
54
1474
1474
1474
54
1474
1474
54
1474
54
1474
1474
54
1474
1474
1474
54
1474
1474
1474
54
1474
1474
54
1474
1474
1474
54
1474
1474
1474
1474
1474
1474
1474
1474
54
1474
1474
1474
1474
54
1474
54
1474
1474
1474
54
1474
1474
1474
54
1474
1474
54
1474
1474
54
1474
1474
54
1474
1474
1474
1474
1474
54
1474
1474
54
1474
1474
1474
54
1474
1474
1474
1474
1474
1474
1474
54
1474
1474
1474
54
1474
1474
1474
54
1474
1474
1474
54
1474
1474
1474
1474
54
1474
1474
1474
54
1474
1474
54
1474
1474
1474
1474
1474
1474
1474
54
1474
1474
1474
1474
54
1474
1474
54
1474
1474
54
1474
1474
54
1474
1474
1474
54
1474
54
1474
1474
54
1474
1474
54
1474
1474
1474
54
1474
1474
1474
54
1474
1474
54
1474
1474
1474
54
1474
1474
54
1474
1474
54
1474
54
1474
1474
54
1474
1474
54
1474
1474
54
1474
1474
1474
54
1474
1474
54
1474
1474
1474
54
1474
1474
1474
54
1474
1474
54
1474
54
1474
1474
54
1474
1474
1474
1474
1474
54
1474
1474
54
1474
1474
54
1474
1474
54
1474
54
1474
1474
54
1474
1474
54
1474
1474
54
1474
1474
1474
54
1474
1474
54
1474
1474
1474
54
1474
1474
54
1474
1474
1474
54
1474
1474
54
1474
1474
54
1474
1474
54
1474
1474
1474
54
1474
1474
54
1474
1474
54
1474
1474
54
1474
1474
1474
54
1474
54
1474
1474
1474
54
1474
1474
578
54
1349
1474
1474
1474
54
1474
54
1474
1474
1474
1474
54
1474
1474
1474
54
1474
1474
54
1474
54
1474
1474
1474
54
1474
1474
54
1474
1474
1474
54
1474
1474
54
1474
1474
1474
54
1474
54
1474
1474
54
1474
1474
1474
1474
54
1474
1474
1474
54
1474
1474
54
1474
54
1474
1474
1474
54
1474
1474
1474
1474
1474
1474
1474
1474
1474
54
1474
1474
1474
54
1474
1474
1474
1474
54
1474
1474
1474
1474
1474
54
1474
1474
1474
54
1474
1474
54
1474
54
1474
1474
1474
1474
1474
54
1474
1474
1474
1474
1474
1474
1474
1474
1474
1474
1474
1474
1474
1474
54
1474
1474
1474
54
1474
1474
54
1474
1474
1474
54
1474
1474
54
1474
54
1474
1474
54
1474
1474
54
1474
1474
54
1474
1474
54
1474
1474
54
1474
1474
1474
1474
54
1474
1474
1474
54
1474
1474
54
1474
54
1474
1474
1474
1474
54
1474
1474
54
1474
1474
54
1474
1474
54
1474
1474
1474
54
1474
1474
1474
54
1474
1474
54
1474
1474
1474
54
1474
1474
1474
54
1474
1474
1474
54
1474
1474
54
1474
54
1474
1474
54
1474
1474
1474
1474
54
1474
1474
1474
54
1474
1474
1474
54
1474
1474
1474
54
1474
1474
54
1474
1474
1474
1474
1474
54
1474
1474
1474
54
1474
54
1474
1474
1474
1474
54
1474
1474
54
1474
1474
54
1474
1474
54
1474
1474
54
1474
1474
1474
54
1474
1474
54
1474
1474
54
1474
1474
54
1474
1474
1474
54
1474
1474
1474
54
1474
1474
54
1474
1474
54
1474
54
1474
1474
1474
54
1474
1474
54
1474
1474
54
1474
1474
54
1474
54
1474
1474
54
1474
1474
54
1474
1474
1474
54
1474
54
1474
1474
54
1474
1474
54
1474
1474
54
1474
1474
1474
1474
54
1474
1474
54
1474
1474
1474
54
1474
1474
54
1474
1474
54
1474
1474
54
1474
1474
1474
1474
1474
1474
1474
1474
54
1474
1474
1474
1474
1474
1474
1474
1474
1474
54
1474
1474
1474
54
1474
54
1474
1474
54
1474
1474
54
1474
1474
1474
54
1474
54
1474
1474
54
1474
1474
1474
54
1474
1474
54
1474
54
1474
1474
1474
54
1474
1474
54
1474
1474
54
1474
54
1474
1474
1474
1474
54
1474
1474
54
1474
1474
1474
1474
54
1474
1474
1474
1474
54
1474
1474
1474
1474
1474
1474
1474
1474
1474
1474
1474
1474
1474
1474
1474
1474
1474
54
1474
1474
1474
1474
1474
1474
1474
1474
1474
1474
1474
1474
54
1474
1474
1474
1474
1474
54
1474
1474
1474
1474
54
1474
1474
54
1474
1474
54
1474
1474
54
1474
1474
54
1474
1474
54
1474
1474
54
1474
1474
1474
54
1474
1474
1474
1474
54
1474
1474
54
1474
54
1474
1474
1474
54
1474
1474
54
1474
1474
54
1474
1474
54
1474
1474
54
1474
1474
54
1474
1474
1474
54
1474
1474
1474
1474
1474
1474
1474
1474
54
1474
1474
1474
54
1474
1474
1474
54
1474
1474
54
1474
1474
1474
54
1474
1474
54
1474
1474
1474
54
1474
1474
54
1474
1474
1474
54
1474
1474
54
1474
1474
54
1474
1474
54
1474
54
1474
1474
54
1474
1474
1474
1474
1474
54
1474
1474
1474
1474
1474
1474
54
1474
1474
54
1474
1474
1474
54
1474
1474
54
1474
1474
1474
54
1474
1474
54
1474
1474
1474
1474
54
1474
54
1474
1474
1474
54
1474
1474
54
1474
1474
1474
54
1474
1474
1474
54
1474
1474
54
1474
54
1474
1474
1474
1474
54
1474
1474
1474
1474
54
1474
1474
54
1474
1474
1474
1474
54
1474
1474
54
1474
1474
1474
54
1474
54
1474
1474
54
1474
1474
54
1474
1474
54
1474
1474
1474
54
1474
1474
1474
1474
1474
54
1474
1474
1474
1474
1474
54
1474
1474
54
1474
1474
1474
1474
1474
1474
54
1474
1474
1474
54
1474
1474
1474
1474
1474
1474
54
1474
1474
1474
1474
1474
1474
1474
1474
54
1474
1474
1474
1474
54
1474
1474
1474
1474
54
1474
1474
1474
1474
1474
1474
1474
1474
1474
54
1474
1474
54
1474
54
1474
1474
54
1474
1474
54
1474
1474
1474
1474
1474
1474
54
1474
1474
1474
1474
54
1474
1474
1474
1474
54
1474
1474
54
1474
1474
1474
1474
54
1474
1474
54
1474
1474
1474
1474
54
1474
1474
1474
54
1474
54
1474
1474
54
1474
1474
54
1474
1474
54
1474
1474
1474
54
1474
1474
54
1474
54
1474
1474
1474
54
1474
54
1474
1474
1474
1474
54
1474
1474
1474
1474
54
1474
1474
1474
54
1474
1474
1474
1474
1474
1474
1474
54
1474
1474
1474
1474
1474
1474
54
1474
1474
1474
54
1474
1474
54
1474
1474
1474
1474
54
1474
1474
1474
54
1474
1474
54
1474
1474
54
1474
1474
1474
54
1474
54
1474
1474
54
1474
1474
1474
54
1474
1474
1474
54
1474
1474
1474
1474
1474
54
1474
1474
54
1474
1474
1474
54
1474
1474
1474
1474
54
1474
1474
54
1474
1474
1474
54
1474
1474
54
1474
1474
1474
54
1474
1474
1474
1474
54
1474
1474
1474
54
1474
54
1474
1474
1474
54
1474
1474
1474
1474
54
1474
54
1474
1474
54
1474
1474
54
1474
1474
54
1474
1474
54
1474
1474
1474
54
1474
1474
1474
54
1474
1474
54
1474
1474
1474
54
1474
54
1474
1474
54
1474
1474
54
1474
1474
54
1474
1474
1474
54
1474
1474
54
1474
54
1474
1474
1474
54
1474
1474
1474
1474
1474
1474
54
1474
1474
1474
1474
54
1474
1474
54
1474
1474
54
1474
54
1474
1474
1474
1474
54
1474
1474
54
1474
1474
1474
1474
54
1474
1474
54
1474
1474
54
1474
1474
54
1474
1474
1474
54
1474
1474
54
1474
1474
1474
54
1474
1474
1474
54
1474
1474
54
1474
1474
54
1474
1474
54
1474
1474
54
1474
54
1474
1474
1474
54
1474
1474
54
1474
54
1474
1474
54
1474
1474
1474
54
1474
1474
54
1474
1474
54
1474
1474
1474
54
1474
1474
1474
54
1474
54
1474
1474
54
1474
1474
54
1474
1474
1474
54
1474
1474
1474
1474
1474
1474
1474
54
1474
1474
1474
1474
54
1474
1474
1474
54
1474
1474
1474
54
1474
1474
54
1474
1474
54
1474
1474
54
1474
1474
54
1474
1474
1474
1474
1474
1474
54
1474
1474
1474
54
1474
1474
66
66
1474
66
1474
1474
1474
1474
66
66
66
66
1474
1474
1474
66
66
74
1474
74
1474
1474
74
74
1474
1474
1474
74
74
74
1474
1474
74
74
1474
1474
1474
1474
74
74
74
74
1474
74
1474
1474
1474
74
74
74
1474
74
1474
74
1474
74
1474
1474
74
74
1474
1474
1474
74
74
74
1474
1474
74
74
1474
1474
1474
74
74
74
1474
1474
74
74
1474
1474
74
74
1474
1474
1474
1474
1474
1474
1474
1474
74
74
74
74
74
74
74
74
1474
1474
1474
1474
74
74
74
74
1474
1474
1474
1474
1474
66
66
66
66
66
1474
1474
1474
1474
54
54
1474
1474
1474
1474
1474
1474
54
1474
1474
1474
1474
54
1474
1474
54
1474
1474
54
1474
1474
54
1474
1474
1474
54
1474
1474
54
1474
54
1474
1474
1474
54
1474
1474
54
1474
1474
1474
54
1474
1474
1474
1474
1474
1474
1474
1474
1474
1474
1474
1474
1474
54
1474
1474
1474
1474
54
1474
1474
54
1474
1474
54
1474
54
1474
1474
1474
54
1474
54
1474
1474
1474
1474
54
1474
1474
54
1474
1474
1474
54
1474
54
1474
1474
54
1474
1474
54
1474
1474
1474
54
1474
1474
54
1474
1474
1474
54
1474
1474
54
1474
1474
54
1474
1474
1474
1474
1474
54
1474
54
1474
1474
54
1474
1474
1474
54
1474
1474
54
1474
54
1474
1474
1474
54
1474
54
1474
1474
1474
1474
54
1474
1474
1474
54
1474
54
1474
1474
54
1474
1474
1474
1474
54
1474
1474
1474
54
1474
1474
54
1474
1474
1474
54
1474
1474
1474
54
1474
1474
1474
54
1474
1474
54
1474
1474
54
1474
1474
1474
1474
54
1474
1474
1474
54
1474
1474
54
1474
1474
1474
1474
54
1474
1474
1474
1474
1474
1474
1474
1474
54
1474
1474
1474
1474
1474
1474
1474
1474
54
1474
1474
1474
54
1474
1474
54
1474
1474
1474
1474
1474
1474
1474
1474
1474
54
1474
1474
1474
54
1474
1474
1474
54
1474
1474
54
1474
1474
1474
54
1474
1474
1474
54
1474
1474
54
1474
54
1474
1474
1474
1474
54
1474
1474
1474
1474
54
1474
1474
54
1474
1474
1474
1474
54
1474
1474
54
1474
1474
1474
54
1474
1474
1474
54
1474
1474
1474
54
1474
1474
54
1474
1474
1474
54
1474
1474
1474
54
1474
1474
54
1474
54
1474
1474
1474
54
1474
1474
54
1474
1474
1474
54
1474
1474
54
1474
1474
1474
54
1474
54
1474
1474
1474
54
1474
54
1474
1474
54
1474
1474
1474
1474
1474
1474
1474
1474
54
1474
1474
1474
1474
54
1474
1474
1474
1474
1474
54
1474
1474
54
1474
54
1474
1474
1474
54
1474
1474
54
1474
1474
1474
54
1474
1474
54
1474
1474
54
1474
1474
54
1474
1474
1474
54
1474
1474
54
1474
54
1474
1474
54
1474
1474
1474
54
1474
1474
54
1474
54
1474
1474
1474
1474
54
1474
1474
54
1474
1474
54
1474
1474
54
1474
1474
54
1474
1474
1474
1474
1474
1474
54
1474
1474
54
1474
1474
1474
54
1474
1474
54
1474
1474
54
1474
1474
54
1474
54
1474
1474
54
1474
1474
54
1474
1474
1474
54
1474
1474
54
1474
1474
1474
1474
54
1474
1474
1474
54
1474
1474
1474
1474
1474
1474
1474
1474
1474
1474
1474
1474
54
1474
1474
54
1474
1474
54
1474
1474
1474
54
1474
1474
54
1474
54
1474
1474
54
1474
1474
1474
54
1474
54
1474
1474
54
1474
1474
1474
54
1474
54
1474
1474
54
1474
1474
54
1474
1474
1474
54
1474
1474
1474
54
1474
1474
1474
54
1474
54
1474
1474
54
1474
1474
54
1474
1474
1474
54
1474
1474
54
1474
1474
54
1474
1474
1474
54
1474
1474
54
1474
1474
54
1474
1474
54
1474
1474
1474
1474
54
1474
1474
54
1474
1474
54
1474
1474
54
1474
1474
54
1474
1474
1474
54
1474
54
1474
1474
1474
54
1474
1474
54
1474
1474
54
1474
1474
54
1474
54
1474
1474
54
1474
1474
54
1474
1474
1474
54
1474
54
1474
1474
1474
1474
1474
54
1474
1474
54
1474
1474
1474
1474
1474
1474
1474
1474
1474
54
1474
1474
1474
54
1474
1474
1474
54
1474
1474
1474
1474
54
1474
1474
54
1474
1474
54
1474
1474
1474
1474
54
1474
1474
1474
54
1474
1474
54
1474
1474
54
1474
1474
54
1474
1474
54
1474
1474
1474
54
1474
1474
54
1474
1474
1474
54
1474
1474
54
1474
1474
54
1474
1474
54
1474
1474
1474
54
1474
1474
54
1474
1474
1474
54
1474
1474
54
1474
1474
1474
54
1474
1474
1474
54
1474
1474
1474
54
1474
1474
54
1474
1474
1474
54
1474
1474
1474
1474
54
1474
1474
54
1474
54
1474
1474
54
1474
1474
1474
1474
1474
1474
1474
54
1474
1474
1474
1474
54
1474
1474
54
1474
54
1474
1474
1474
54
1474
1474
1474
54
1474
1474
1474
1474
1474
54
1474
1474
54
1474
1474
1474
54
1474
1474
54
1474
1474
1474
54
1474
54
1474
905
54
1346
1474
1474
54
1474
1474
1474
54
1474
1474
1474
1474
54
1474
1474
54
1474
1474
1474
54
1474
1474
54
1474
1474
54
1474
1474
54
1474
1474
54
1474
1474
54
1474
1474
54
1474
1474
1474
54
1474
1474
54
1474
1474
54
1474
1474
54
1474
1474
1474
54
1474
1474
1474
1474
1474
1474
1474
1474
1474
1474
54
1474
1474
1474
1474
54
1474
1474
54
1474
1474
1474
54
1474
1474
54
1474
1474
54
1474
1474
54
1474
1474
54
1474
1474
54
1474
54
1474
1474
1474
1474
54
1474
1474
54
1474
1474
1474
1474
54
1474
1474
1474
54
1474
1474
1474
54
1474
1474
1474
54
1474
1474
54
1474
1474
1474
54
1474
1474
1474
1474
1474
1474
54
1474
1474
1474
54
1474
54
1474
1474
1474
54
1474
1474
1474
1474
54
1474
1474
1474
54
1474
1474
54
1474
1474
1474
54
1474
1474
54
1474
1474
1474
54
1474
1474
54
1474
1474
1474
54
1474
1474
54
1474
1474
54
1474
1474
54
1474
1474
1474
54
1474
1474
1474
54
1474
1474
54
1474
1474
54
1474
1474
1474
1474
54
1474
1474
1474
54
1474
1474
1474
54
1474
54
1474
1474
1474
54
1474
54
1474
1474
1474
54
1474
1474
54
1474
1474
1474
1474
1474
1474
1474
1474
1474
1474
1474
1474
1474
1474
1474
1474
1474
1474
1474
54
1474
1474
1474
1474
1474
1474
1474
1474
1474
1474
1474
1474
54
1474
1474
1474
1474
1474
1474
54
1474
1474
1474
54
1474
1474
1474
1474
54
1474
54
1474
1474
54
1474
1474
54
1474
1474
54
1474
1474
54
1474
1474
54
1474
1474
970
54
515
100
54
54
100
128
92
100
54
100
54
1349
1474
1474
54
1474
1474
1474
54
1474
1474
1474
1474
1474
54
1474
1474
1474
1474
1474
1474
1474
1474
1474
1474
1474
1474
54
1474
1474
1474
1474
1474
1474
54
1474
1474
1474
1474
1474
54
1474
1474
1474
54
1474
1474
54
1474
1474
1474
1474
1474
1474
1474
1474
1474
54
1474
1474
1474
1474
54
1474
1474
54
1474
1474
1474
54
1474
1474
54
1474
1474
1474
1474
1474
1474
1474
1474
1474
1474
1474
1474
54
1474
1474
1474
1474
1474
54
1474
1474
54
1474
1474
54
1474
1474
1474
54
1474
1474
1474
1474
54
1474
1474
54
1474
1474
54
1474
1474
54
1474
1474
1474
1474
54
1474
1474
54
1474
1474
1474
1474
54
1474
1474
1474
1474
54
1474
1474
54
1474
1474
1474
54
1474
54
1474
1474
1474
54
1474
1474
54
1474
1474
1474
1474
1474
1474
1474
1474
1474
54
1474
1474
1474
1474
1474
1474
1474
54
1474
54
1474
1474
1474
54
1474
54
1474
1474
1474
54
1474
1474
1474
1474
1474
1474
1474
54
1474
1474
1474
54
1474
1474
1474
54
1474
1474
54
1474
1474
1474
54
1474
54
1474
1474
1474
1474
54
1474
1474
54
1474
1474
1474
54
1474
54
1474
1474
1474
54
1474
1474
54
1474
54
1474
1474
1474
54
1474
54
1474
1474
1474
54
1474
1474
54
1474
54
1474
1474
54
1474
1474
54
1474
1474
1474
1474
54
1474
1474
1474
1474
54
1474
1474
54
1474
1474
54
1474
1474
54
1474
1474
54
1474
1474
1474
1474
1474
54
1474
1474
1474
54
1474
1474
54
1474
1474
54
1474
1474
54
1474
1474
1474
54
1474
54
1474
1474
1474
54
1474
1474
54
1474
1474
54
1474
1474
1474
54
1474
1474
54
1474
1474
1474
54
1474
1474
1474
54
1474
1474
1474
54
1474
1474
54
1474
1474
54
1474
1474
54
1474
1474
1474
1474
54
1474
1474
54
1474
1474
54
1474
1474
54
1474
1474
1474
54
1474
1474
1474
1474
54
1474
1474
54
1474
1474
1474
54
1474
54
1474
1474
1474
1474
54
1474
1474
54
1474
1474
1474
54
1474
1474
1474
54
1474
1474
1474
54
1474
1474
54
1474
1474
54
1474
54
1474
1474
1474
54
1474
54
1474
1474
1474
54
1474
54
1474
1474
54
1474
1474
1474
54
1474
1474
54
1474
1474
54
1474
1474
54
1474
54
1474
1474
54
1474
1474
54
1474
1474
1474
54
1474
54
1474
1474
1474
1474
1474
1474
1474
1474
1474
1474
54
1474
1474
1474
1474
54
1474
1474
54
1474
1474
1474
54
1474
54
1474
1474
1474
1474
54
1474
1474
54
1474
1474
1474
54
1474
1474
54
1474
1474
54
1474
1474
54
1474
1474
1474
1474
1474
54
1474
1474
1474
1474
54
1474
1474
54
1474
1474
1474
54
1474
54
1474
1474
1474
1474
1474
1474
54
1474
1474
54
1474
1474
54
1474
1474
54
1474
1474
1474
1474
54
1474
1474
1474
54
1474
1474
54
1474
1474
1474
54
1474
1474
1474
54
1474
1474
54
1474
1474
1474
1474
1474
1474
1474
54
1474
1474
1474
1474
1474
1474
1474
1474
1474
54
1474
1474
1474
54
1474
1474
1474
54
1474
1474
54
1474
1474
54
1474
1474
54
1474
1474
1474
54
1474
1474
1474
54
1474
1474
54
1474
54
1474
1474
1474
1474
1474
54
1474
1474
1474
54
1474
1474
54
1474
1474
1474
54
1474
1474
54
1474
1474
1474
54
1474
1474
1474
1474
54
1474
1474
1474
54
1474
1474
54
1474
1474
54
1474
1474
54
1474
54
1474
1474
54
1474
1474
1474
54
1474
54
1474
1474
1474
54
1474
54
1474
1474
1474
54
1474
1474
54
1474
1474
54
1474
1474
54
1474
1474
54
1474
54
1474
1474
54
1474
1474
1474
54
1474
1474
54
1474
1474
54
1474
1474
1474
54
1474
1474
1474
1474
54
1474
1474
1474
54
1474
1474
1474
54
1474
1474
54
1474
1474
1474
54
1474
1474
54
1474
1474
54
1474
1474
1474
1474
1474
54
1474
1474
1474
54
1474
1474
54
1474
1474
54
1474
1474
54
1474
1474
1474
54
1474
1474
1474
1474
1474
1474
54
1474
1474
54
1474
1474
54
1474
1474
54
1474
1474
1474
1474
54
1474
1474
54
1474
1474
54
1474
1474
54
1474
1474
1474
1474
1474
54
1474
1474
1474
1474
54
1474
1474
54
1474
1474
1474
1474
54
1474
1474
1474
1474
1474
1474
1474
1474
1474
1474
1474
1474
1474
1474
1474
1474
1474
1474
1474
1474
1474
1474
1474
1474
1474
1474
54
1474
1474
1474
1474
1474
1474
1474
1474
1474
1474
1474
1474
1474
1474
1474
1474
1474
1474
1474
1474
1474
1474
1474
1474
54
1474
1474
1474
1474
1474
1474
1474
1474
54
1474
1474
1474
54
1474
1474
1474
54
1474
1474
1474
1474
1474
1474
1474
1474
1474
1474
1474
1474
1474
1474
1474
1474
54
1474
1474
1474
1474
1474
1474
1474
54
1474
1474
1474
54
1474
1474
54
1474
54
1474
1474
1474
1474
54
1474
1474
54
1474
1474
1474
54
1474
54
1474
1474
54
1474
1474
1474
1474
1474
1474
1474
1474
1474
54
1474
1474
1474
54
1474
1474
1474
54
1474
1474
54
1474
1474
54
1474
1474
1474
54
1474
1474
54
1474
1474
1474
54
1474
1474
54
1474
1474
54
1474
1474
54
1474
54
1474
1474
1474
54
1474
1474
54
1474
1474
54
1474
1474
1474
1474
1474
1474
1474
1474
1474
54
1474
1474
1474
54
1474
54
1474
1474
1474
54
1474
1474
54
1474
1474
54
1474
1474
1474
54
1474
1474
1474
54
1474
1474
54
1474
1474
54
1474
54
1474
1474
54
1474
1474
1474
54
1474
54
1474
1474
1474
1474
54
1474
1474
54
1474
1474
54
1474
1474
1474
1474
1474
54
1474
1474
54
1474
1474
1474
54
1474
1474
54
1474
1474
54
1474
1474
54
1474
1474
54
1474
1474
1474
54
1474
54
1474
1474
1474
1474
54
1474
1474
54
1474
1474
1474
1474
54
1474
1474
54
1474
1474
54
1474
1474
54
1474
1474
1474
54
1474
1474
54
1474
1474
1474
54
1474
1474
54
1474
1474
1474
1474
54
1474
1474
1474
1474
1474
54
1474
1474
1474
54
1474
1474
54
1474
1474
54
1474
1474
54
1474
1474
1474
1474
54
1474
1474
1474
1474
1474
54
1474
1474
1474
54
1474
1474
1474
54
1474
1474
1474
1474
54
1474
1474
1474
1474
54
1474
1474
54
1474
1474
1474
1474
54
1474
1474
1474
54
1474
1474
54
1474
1474
1474
54
1474
54
1474
1474
54
1474
1474
54
1474
1474
54
1474
1474
1474
1474
54
1474
1474
54
1474
1474
1474
54
1474
1474
54
1474
1474
1474
1474
1474
1474
1474
1474
1474
54
1474
1474
1474
1474
54
1474
1474
54
1474
1474
1474
54
1474
54
1474
1474
54
1474
1474
1474
1474
54
1474
1474
1474
54
1474
54
1474
1474
54
1474
1474
1474
54
1474
1474
1474
1474
54
1474
1474
1474
54
1474
1474
54
1474
1474
54
1474
1474
1474
54
1474
54
1474
1474
1474
54
1474
54
1474
1474
1474
54
1474
1474
1474
54
1474
1474
54
1474
1474
54
1474
1474
54
1474
1474
1474
1474
54
1474
1474
54
1474
1474
54
1474
1474
54
1474
1474
1474
54
1474
1474
1474
1474
1474
1474
1474
54
1474
1474
1474
1474
54
1474
1474
54
1474
1474
54
1474
1474
54
1474
1474
1474
54
1474
1474
54
1474
1474
1474
54
1474
1474
1474
1474
54
1474
1474
54
1474
1474
54
1474
1474
1474
54
1474
1474
1474
54
1474
1474
1474
1474
54
1474
1474
54
1474
1474
1474
54
1474
1474
1474
54
1474
1474
1474
54
1474
1474
54
1474
1474
54
1474
1474
54
1474
1474
1474
54
1474
1474
1474
54
1474
1474
54
1474
1474
54
1474
1474
1474
54
1474
1474
54
1474
1474
54
1474
1474
1474
54
1474
54
1474
1474
1474
54
1474
1474
54
1474
1474
66
74
1474
74
1474
1474
1474
1474
74
74
74
74
1474
1474
74
74
1474
74
1474
1474
74
74
1474
74
1474
74
1474
1474
1474
74
74
74
1474
1474
74
74
1474
1474
1474
1474
74
74
74
74
1474
1474
74
74
1474
1474
74
74
1474
1474
1474
1474
1474
74
74
74
74
74
1474
1474
1474
74
74
74
1474
1474
1474
74
74
74
1474
1474
74
74
1474
1474
1474
74
82
82
1474
1474
82
82
1474
1474
1474
82
82
82
1474
82
1474
82
1474
1474
82
82
1474
1474
82
82
1474
1474
1474
82
82
74
1474
1474
1474
1474
1474
1474
1474
66
66
66
66
66
66
66
1474
1474
1474
1474
66
66
66
66
1474
1474
1474
66
66
66
1474
1474
66
66
1474
66
1474
1474
1474
1474
66
66
66
66
1474
66
1474
66
1474
1474
66
66
1474
1474
66
66
1474
54
1474
54
1474
1474
54
1474
1474
54
1474
1474
54
1474
1474
54
1474
1474
54
1474
1474
54
1474
1474
1474
54
1474
1474
1474
1474
1474
1474
1474
54
1474
1474
1474
1474
54
1474
1474
54
1474
1474
54
1474
1474
1474
1474
1474
54
1474
54
1474
1474
54
1474
1474
54
1474
1474
1474
54
1474
54
1474
1474
54
1474
1474
1474
54
1474
54
1474
1474
1474
54
1474
54
1474
1474
1474
54
1474
1474
1474
1474
54
1474
1474
54
1474
1474
54
1474
1474
1474
54
1474
1474
1474
1474
54
1474
1474
1474
1474
54
1474
1474
54
1474
1474
1474
54
1474
54
1474
1474
54
1474
1474
1474
54
1474
54
1474
1474
54
1474
1474
1474
54
1474
1474
1474
1474
1474
1474
1474
1474
54
1474
1474
1474
54
1474
1474
1474
54
1474
1474
54
1474
1474
1474
54
1474
1474
54
1474
1474
1474
54
1474
54
1474
1474
54
1474
1474
1474
54
1474
1474
1474
1474
1474
1474
54
1474
1474
1474
1474
54
1474
54
1474
1474
1474
1474
1474
54
1474
1474
1474
54
1474
1474
1474
54
1474
1474
54
1474
1474
54
1474
1474
1474
54
1474
1474
1474
54
1474
1474
1474
54
1474
1474
54
1474
1474
54
1474
1474
54
1474
1474
1474
54
1474
1474
1474
54
1474
1474
54
1474
1474
54
1474
1474
1474
54
1474
1474
54
1474
1474
54
1474
1474
54
1474
1474
54
1474
1474
1474
54
1474
1474
1474
1474
54
1474
1474
54
1474
1474
54
1474
1474
1474
54
1474
1474
54
1474
1474
54
1474
1474
1474
54
1474
1474
54
1474
1474
1474
1474
1474
1474
54
1474
1474
54
1474
1474
54
1474
1474
1474
54
1474
1474
1474
54
1474
1474
54
1474
1474
1474
54
1474
1474
54
1474
1474
1474
54
1474
1474
1474
54
1474
54
1474
1474
1474
54
1474
1474
54
1474
1474
1474
54
1474
1474
1474
1474
54
1474
1474
54
1474
1474
1474
54
1474
1474
54
1474
1474
54
1474
1474
54
1474
1474
1474
54
1474
1474
1474
54
1474
1474
1474
54
1474
1474
1474
54
1474
1474
54
1474
1474
1474
1474
1474
1474
54
1474
1474
1474
1474
1474
54
1474
1474
1474
1474
1474
1474
1474
54
1474
1474
1474
54
1474
1474
389
54
1346
1474
1474
54
1474
1474
54
1474
1474
1474
54
1474
1474
1474
54
1474
1474
1474
54
1474
1474
54
1474
1474
1474
54
1474
1474
1474
1474
1474
54
1474
54
1474
1474
1474
1474
54
1474
1474
1474
1474
1474
1474
54
1474
1474
1474
1474
1474
1474
54
1474
1474
1474
54
1474
1474
1474
54
1474
1474
54
1474
1474
1474
54
1474
1474
54
1474
1474
54
1474
1474
54
1474
1474
1474
54
1474
1474
1474
1474
54
1474
1474
1474
1474
54
1474
1474
1474
1474
1474
1474
1474
1474
1474
1474
54
1474
1474
1474
1474
1474
1474
54
1474
1474
54
1474
1474
1474
1474
54
1474
1474
1474
54
1474
1474
54
1474
54
1474
1474
54
1474
1474
54
1474
1474
1474
1474
1474
54
1474
1474
1474
54
1474
1474
54
1474
1474
54
1474
1474
54
1474
1474
1474
54
1474
1474
1474
54
1474
1474
1474
54
1474
54
1474
1474
1474
1474
54
1474
1474
1474
54
1474
1474
54
1474
1474
54
1474
1474
54
1474
1474
54
1474
54
1474
1474
54
1474
1474
54
1474
1474
54
1474
1474
1474
54
1474
1474
1474
1474
1474
1474
1474
1474
1474
54
1474
1474
1474
1474
54
1474
1474
54
1474
1474
1474
54
1474
1474
54
1474
1474
54
1474
1474
54
1474
54
1474
1474
1474
54
1474
54
1474
1474
54
1474
1474
1474
1474
54
1474
1474
1474
54
1474
54
1474
1474
1474
54
1474
1474
54
1474
54
1474
1474
54
1474
1474
1474
54
1474
1474
1474
54
1474
1474
1474
54
1474
1474
54
1474
1474
54
1474
54
1474
1474
54
1474
1474
1474
54
1474
1474
1474
54
1474
1474
54
1474
1474
1474
54
1474
54
1474
1474
1474
1474
54
1474
1474
54
1474
1474
54
1474
1474
54
1474
592
54
143
100
54
54
100
151
54
135
100
54
100
54
1349
1474
1474
54
1474
1474
1474
54
1474
1474
54
1474
1474
1474
54
1474
1474
54
1474
1474
54
1474
1474
1474
54
1474
1474
1474
54
1474
1474
1474
1474
1474
1474
1474
54
1474
1474
1474
1474
54
1474
1474
1474
54
1474
1474
1474
1474
1474
1474
1474
1474
54
1474
1474
1474
54
1474
1474
1474
54
1474
1474
54
1474
1474
54
1474
1474
1474
54
1474
54
1474
1474
1474
1474
54
1474
1474
54
1474
1474
54
1474
1474
54
1474
1474
54
1474
1474
1474
54
1474
1474
54
1474
1474
1474
1474
54
1474
54
1474
1474
54
1474
1474
1474
54
1474
1474
1474
54
1474
1474
1474
54
1474
1474
54
1474
54
1474
1474
54
1474
1474
54
1474
1474
54
1474
1474
54
1474
1474
1474
54
1474
1474
1474
1474
1474
1474
1474
1474
1474
54
1474
1474
1474
54
1474
1474
1474
54
1474
1474
54
1474
1474
1474
54
1474
54
1474
1474
54
1474
1474
54
1474
1474
54
1474
1474
1474
54
1474
54
1474
1474
1474
54
1474
1474
1474
54
1474
1474
1474
54
1474
1474
54
1474
1474
1474
54
1474
1474
1474
54
1474
1474
54
1474
1474
1474
1474
1474
54
1474
1474
54
1474
1474
1474
1474
54
1474
1474
54
1474
1474
54
1474
1474
54
1474
1474
1474
1474
1474
1474
1474
1474
54
1474
1474
1474
54
1474
1474
1474
54
1474
1474
54
1474
1474
1474
1474
54
1474
1474
1474
1474
54
1474
1474
54
1474
1474
54
1474
1474
54
1474
1474
1474
54
1474
54
1474
1474
54
1474
1474
1474
54
1474
54
1474
1474
1474
1474
54
1474
1474
1474
54
1474
1474
54
1474
1474
54
1474
1474
54
1474
1474
54
1474
54
1474
1474
1474
54
1474
1474
54
1474
1474
54
1474
54
1474
1474
54
1474
1474
1474
1474
54
1474
1474
54
1474
1474
54
1474
1474
1474
54
1474
1474
54
1474
1474
54
1474
1474
54
1474
1474
54
1474
54
1474
1474
54
1474
1474
54
1474
1474
1474
54
1474
54
1474
1474
1474
1474
54
1474
1474
54
1474
1474
54
1474
1474
54
1474
1474
1474
54
1474
54
1474
1474
1474
54
1474
54
1474
1474
1474
1474
54
1474
1474
54
1474
1474
1474
1474
54
1474
1474
54
1474
1474
54
1474
1474
1474
54
1474
1474
54
1474
1474
54
1474
1474
1474
1474
1474
1474
1474
1474
1474
54
1474
1474
1474
54
1474
1474
1474
54
1474
1474
1474
1474
54
1474
1474
54
1474
1474
54
1474
1474
54
1474
1474
1474
1474
54
1474
1474
1474
1474
54
1474
1474
1474
1474
54
1474
1474
54
1474
1474
54
1474
1474
1474
54
1474
54
1474
1474
54
1474
1474
1474
1474
54
1474
1474
1474
54
1474
1474
54
1474
1474
1474
54
1474
1474
1474
54
1474
1474
54
1474
1474
54
1474
1474
1474
54
1474
1474
54
1474
1474
54
1474
1474
1474
1474
54
1474
1474
1474
1474
1474
1474
1474
1474
1474
1474
54
1474
1474
1474
1474
54
1474
1474
1474
54
1474
1474
54
1474
1474
1474
54
1474
1474
1474
1474
54
1474
1474
54
1474
1474
1474
54
1474
1474
54
1474
54
1474
1474
54
1474
1474
54
1474
1474
54
1474
1474
54
1474
1474
54
1474
1474
1474
54
1474
1474
54
1474
1474
54
1474
1474
54
1474
54
1474
1474
1474
54
1474
1474
54
1474
1474
54
1474
1474
54
1474
1474
54
1474
1474
54
1474
54
1474
1474
1474
54
1474
54
1474
1474
54
1474
1474
54
1474
1474
1474
1474
54
1474
1474
1474
54
1474
1474
54
1474
1474
54
1474
54
1474
1474
1474
54
1474
54
1474
1474
54
1474
1474
54
1474
1474
1474
54
1474
54
1474
1474
54
1474
1474
54
1474
1474
54
1474
1474
54
1474
1474
54
1474
1474
54
1474
1474
1474
54
1474
1474
54
1474
1474
54
1474
1474
54
1474
54
1474
1474
54
1474
1474
54
1474
1474
1474
1474
54
1474
1474
54
1474
1474
1474
54
1474
1474
54
1474
54
1474
1474
1474
54
1474
54
1474
1474
1474
54
1474
1474
1474
54
1474
1474
1474
54
1474
54
1474
1474
1474
1474
54
1474
1474
54
1474
1474
1474
1474
1474
54
1474
1474
54
1474
54
1474
1474
54
1474
1474
54
1474
1474
54
1474
1474
1474
1474
54
1474
1474
1474
1474
1474
1474
1474
1474
1474
1474
1474
1474
1474
1474
54
1474
1474
1474
54
1474
54
1474
1474
1474
1474
1474
1474
54
1474
1474
54
1474
1474
54
1474
1474
54
1474
1474
1474
1474
1474
1474
1474
1474
1474
1474
54
1474
1474
1474
1474
1474
54
1474
1474
54
1474
54
1474
1474
54
1474
1474
1474
1474
1474
54
1474
1474
1474
54
1474
1474
54
1474
1474
54
1474
1474
54
1474
1474
1474
54
1474
1474
54
1474
54
1474
1474
1474
54
1474
1474
1474
54
1474
1474
1474
54
1474
1474
54
1474
1474
1474
54
1474
1474
1474
54
1474
54
1474
1474
1474
1474
54
1474
1474
54
1474
1474
54
1474
1474
54
1474
1474
1474
54
1474
1474
54
1474
1474
1474
54
1474
1474
54
1474
1474
54
1474
1474
1474
1474
1474
1474
1474
1474
54
1474
1474
1474
1474
1474
54
1474
1474
54
1474
54
1474
1474
1474
54
1474
1474
1474
54
1474
1474
54
1474
1474
1474
54
1474
1474
54
1474
54
1474
1474
1474
54
1474
54
1474
1474
1474
54
1474
1474
54
1474
54
1474
1474
1474
54
1474
1474
54
1474
1474
54
1474
1474
54
1474
54
1474
1474
54
1474
1474
1474
54
1474
1474
54
1474
1474
54
1474
1474
1474
1474
1474
54
1474
1474
1474
1474
54
1474
1474
1474
54
1474
1474
54
1474
1474
54
1474
54
1474
1474
1474
54
1474
54
1474
1474
1474
54
1474
1474
54
1474
54
1474
1474
1474
54
1474
1474
54
1474
1474
54
1474
54
1474
1474
54
1474
1474
1474
54
1474
54
1474
1474
54
1474
1474
54
1474
1474
1474
54
1474
1474
54
1474
1474
1474
54
1474
1474
1474
54
1474
1474
54
1474
54
1474
1474
1474
1474
1474
1474
1474
54
1474
1474
1474
54
1474
1474
54
1474
1474
54
1474
1474
1474
1474
1474
54
1474
54
1474
1474
1474
54
1474
54
1474
1474
54
1474
1474
1474
54
1474
54
1474
1474
1474
54
1474
1474
54
1474
1474
54
1474
1474
54
1474
54
1474
1474
1474
54
1474
54
1474
1474
54
1474
1474
54
1474
1474
1474
54
1474
1474
54
1474
54
1474
1474
1474
54
1474
1474
54
1474
54
1474
1474
54
1474
1474
54
1474
1474
1474
1474
54
1474
1474
1474
54
1474
1474
54
1474
1474
54
1474
1474
1474
54
1474
1474
54
1474
1474
54
1474
1474
54
1474
1474
1474
1474
54
1474
1474
1474
1474
1474
1474
1474
1474
1474
1474
54
1474
1474
1474
54
1474
1474
1474
54
1474
1474
1474
54
1474
1474
54
1474
54
1474
1474
1474
1474
1474
1474
54
1474
1474
54
1474
1474
54
1474
1474
1474
54
1474
54
1474
1474
1474
54
1474
1474
54
1474
54
1474
1474
1474
54
1474
54
1474
1474
1474
1474
54
1474
1474
54
1474
1474
54
1474
1474
54
1474
1474
1474
1474
1474
54
1474
1474
1474
54
1474
1474
54
1474
1474
54
1474
1474
1474
54
1474
1474
1474
1474
54
1474
1474
54
1474
54
1474
1474
1474
54
1474
1474
1474
1474
1474
1474
54
1474
1474
1474
1474
54
1474
1474
54
1474
1474
54
1474
1474
54
1474
1474
1474
54
1474
1474
1474
1474
54
1474
1474
1474
54
1474
1474
1474
54
1474
1474
1474
54
1474
1474
54
1474
54
1474
1474
1474
54
1474
54
1474
1474
1474
54
1474
1474
54
1474
1474
54
1474
1474
1474
54
1474
1474
54
1474
1474
54
1474
1474
54
1474
1474
54
1474
1474
54
1474
1474
1474
54
1474
1474
54
1474
1474
54
1474
1474
54
1474
54
1474
1474
1474
54
1474
1474
54
1474
1474
54
1474
1474
54
1474
1474
54
1474
1474
1474
54
1474
1474
54
1474
1474
1474
54
1474
54
1474
1474
1474
54
1474
1474
1474
1474
54
1474
54
1474
1474
54
1474
1474
54
1474
1474
54
1474
1474
54
1474
1474
54
1474
1474
54
1474
1474
1474
1474
54
1474
1474
1474
1474
54
1474
1474
54
1474
1474
1474
1474
1474
54
1474
54
1474
1474
1474
54
1474
1474
54
1474
1474
54
1474
1474
54
1474
1474
1474
1474
54
1474
1474
1474
1474
1474
1474
1474
1474
1474
1474
1474
1474
1474
54
1474
1474
1474
1474
1474
1474
54
1474
1474
1474
1474
54
1474
1474
54
1474
1474
1474
1474
54
1474
1474
1474
66
66
1474
1474
66
66
1474
1474
66
66
1474
1474
66
66
1474
1474
66
66
1474
1474
66
66
1474
1474
66
66
1474
1474
1474
1474
1474
66
66
66
66
66
1474
1474
1474
66
66
66
1474
1474
1474
66
66
66
1474
1474
66
66
1474
1474
1474
66
66
66
1474
1474
66
66
1474
1474
1474
66
66
66
1474
66
1474
1474
1474
66
66
66
1474
1474
1474
66
66
66
1474
1474
1474
1474
1474
1474
1474
66
66
66
66
66
66
66
1474
1474
66
66
1474
1474
1474
1474
1474
1474
66
54
54
1474
1474
54
1474
1474
1474
54
1474
1474
1474
54
1474
1474
1474
54
1474
1474
1474
1474
1474
54
1474
54
1474
1474
1474
54
1474
54
1474
1474
54
1474
1474
54
1474
1474
1474
54
1474
1474
54
1474
54
1474
1474
54
1474
1474
54
1474
1474
54
1474
1474
54
1474
1474
54
1474
1474
1474
54
1474
1474
1474
54
1474
1474
54
1474
1474
1474
1474
1474
1474
1474
1474
54
1474
1474
1474
54
1474
1474
1474
54
1474
1474
54
1474
1474
54
1474
1474
54
1474
1474
1474
54
1474
54
1474
1474
1474
54
1474
1474
1474
1474
54
1474
1474
54
1474
1474
54
1474
1474
1474
1474
54
1474
1474
54
1474
1474
54
1474
1474
54
1474
54
1474
1474
54
1474
1474
54
1474
1474
54
1474
1474
54
1474
1474
54
1474
1474
1474
54
1474
1474
54
1474
1474
54
1474
1474
54
1474
54
1474
1474
1474
54
1474
1474
54
1474
1474
54
1474
1474
54
1474
1474
54
1474
54
1474
1474
54
1474
1474
54
1474
1474
1474
54
1474
54
1474
1474
1474
54
1474
54
1474
1474
1474
1474
1474
1474
1474
1474
54
1474
1474
1474
1474
54
1474
1474
1474
54
1474
1474
54
1474
1474
54
1474
1474
54
1474
1474
1474
54
1474
1474
54
1474
1474
54
1474
1474
1474
1474
54
1474
1474
1474
1474
54
1474
1474
1474
1474
54
1474
1474
1474
54
1474
1474
1474
1474
1474
1474
1474
1474
1474
54
1474
1474
1474
1474
1474
54
1474
1474
1474
54
1474
1474
54
1474
1474
54
1474
1474
1474
1474
54
1474
1474
1474
54
1474
1474
54
1474
54
1474
1474
1474
54
1474
1474
54
1474
1474
54
1474
1474
54
1474
1474
1474
54
1474
1474
1474
1474
1474
1474
54
1474
1474
54
1474
1474
1474
1474
54
1474
1474
1474
54
1474
1474
1474
1474
1474
54
1474
1474
54
1474
1474
1474
54
1474
54
1474
1474
54
1474
1474
1474
1474
1474
1474
1474
1474
1474
54
1474
1474
1474
1474
1474
54
1474
1474
1474
54
1474
54
1474
1474
1474
1474
1474
54
1474
1474
54
1474
1474
1474
54
1474
1474
1474
54
1474
1474
54
1474
1474
54
1268
54
1346
1474
1474
54
1474
1474
1474
1474
1474
1474
1474
1474
54
1474
1474
54
1474
1474
1474
54
1474
1474
54
1474
1474
54
1474
1474
54
1474
1474
54
1474
1474
54
1474
1474
1474
54
1474
1474
54
1474
1474
1474
54
1474
1474
54
1474
1474
54
1474
1474
1474
54
1474
1474
1474
54
1474
1474
1474
54
1474
1474
54
1474
1474
1474
54
1474
1474
1474
1474
1474
1474
1474
54
1474
1474
1474
54
1474
1474
54
1474
1474
54
1474
1474
54
1474
1474
1474
1474
54
1474
54
1474
1474
1474
54
1474
1474
54
1474
54
1474
1474
54
1474
1474
54
1474
1474
1474
1474
1474
1474
54
1474
1474
1474
1474
1474
54
1474
54
1474
1474
1474
1474
1474
54
1474
1474
54
1474
1474
1474
54
1474
1474
1474
1474
54
1474
1474
54
1474
1474
54
1474
1474
54
1474
1474
1474
66
1474
1474
66
66
1474
1474
66
66
1474
1474
1474
66
74
74
1474
74
1474
74
1474
1474
74
74
1474
1474
1474
1042
74
74
74
74
1474
66
1474
54
441
100
54
54
100
128
54
92
100
54
100
1349
54
1474
1474
54
1474
1474
1474
54
1474
54
1474
1474
1474
1474
1474
1474
1474
1474
54
1474
1474
1474
1474
1474
54
1474
1474
54
1474
1474
1474
54
1474
1474
54
1474
1474
54
1474
1474
54
1474
1474
54
1474
1474
1474
1474
54
1474
1474
54
1474
1474
54
1474
1474
54
1474
1474
54
1474
1474
54
1474
1474
54
1474
1474
1474
54
1474
54
1474
1474
1474
1474
54
1474
1474
1474
54
1474
54
1474
1474
54
1474
1474
54
1474
1474
54
1474
1474
1474
54
1474
54
1474
1474
1474
1474
54
1474
1474
54
1474
1474
1474
1474
1474
1474
1474
1474
54
1474
1474
54
1474
1474
54
1474
1474
54
1474
1474
1474
1474
54
1474
1474
1474
1474
1474
54
1474
1474
54
1474
54
1474
1474
54
1474
1474
54
1474
1474
1474
1474
54
1474
1474
54
1474
1474
1474
54
1474
54
1474
1474
1474
1474
54
1474
1474
54
1474
1474
54
1474
1474
1474
54
1474
1474
54
1474
1474
54
1474
54
1474
1474
54
1474
1474
54
1474
1474
54
1474
1474
1474
54
1474
54
1474
1474
1474
1474
1474
1474
1474
54
1474
1474
1474
54
1474
1474
54
1474
1474
1474
54
1474
1474
1474
1474
1474
1474
1474
1474
1474
1474
1474
1474
1474
1474
1474
1474
1474
1474
54
1474
1474
1474
1474
54
1474
1474
1474
1474
1474
1474
54
1474
1474
1474
1474
54
1474
1474
54
1474
54
1474
1474
1474
1474
54
1474
1474
1474
1474
1474
1474
1474
1474
54
1474
1474
1474
1474
54
1474
1474
54
1474
1474
1474
1474
54
1474
1474
54
1474
1474
1474
54
1474
1474
54
1474
1474
54
1474
54
1474
1474
54
1474
1474
1474
1474
1474
54
1474
1474
54
1474
1474
1474
1474
54
1474
1474
1474
1474
1474
1474
54
1474
1474
1474
54
1474
1474
54
1474
1474
54
1474
1474
54
1474
1474
1474
1474
54
588
54
55
66
55
66
55
66
55
66
55
66
509
100
54
54
100
128
54
92
100
54
100
54
388
1474
315
54
54
55
66
54
54
54
54
54
55
66
441
100
54
54
100
128
54
92
100
54
100
54
54
54
490
54
128
138
54
100
54
55
66
55
66
55
66
55
66
55
66
388
1474
315
54
54
55
66
491
100
54
54
100
128
54
92
100
54
100
100
66
445
54
128
92
100
54
100
54
55
66
55
66
326
100
54
54
100
128
54
92
100
54
100
55
54
66
55
66
55
66
490
100
54
54
100
128
54
92
100
54
100
54
388
1474
315
54
54
55
66
66
66
54
571
54
210
105
107
104
96
110
92
96
54
92
54
54
54
442
100
54
54
100
128
54
92
100
54
100
54
55
66
489
100
54
54
100
128
54
92
100
54
100
100
66
54
66
66
54
252
54
1474
1474
54
219
180
54
296
523
54
728
88
54
55
66
55
55
66
66
55
66
55
66
388
1474
315
54
54
143
100
54
54
100
151
135
100
54
100
54
166
100
54
54
100
270
54
1474
1474
1474
1474
1474
1474
54
1474
1474
54
1474
1474
1474
1474
1474
1474
1474
1474
1474
1474
1474
1474
1474
1474
1474
1474
1474
1474
1474
1474
1474
1474
54
1474
1474
54
1474
1474
54
1474
1474
1474
54
1474
1474
54
1474
1474
1474
54
1474
1474
54
1474
1474
1474
1474
1474
54
1474
54
1474
1474
54
1474
1474
1474
54
1474
1474
54
1474
1474
1474
54
1474
1474
1474
1474
1474
54
1474
1474
54
1474
1474
1474
1052
54
100
54
66
66
66
54
259
66
54
259
54
1474
1474
54
1474
1474
1474
54
1474
54
1474
599
401
54
345
54
107
104
96
1021
1474
1474
54
1310
165
54
180
107
104
96
303
296
348
110
96
54
92
54
92
316
110
96
54
92
441
135
100
54
100
54
92
54
309
360
100
54
100
54
54
410
100
1474
1219
66
66
54
260
54
54
54
100
54
54
1474
682
54
1474
682
54
1474
1474
54
1310
1474
927
401
54
345
405
107
104
96
967
1083
92
100
54
54
100
54
54
54
54
446
92
92
54
470
54
100
54
54
273
54
96
54
66
273
54
108
657
54
100
54
66
54
256
54
1464
1464
408
54
180
107
104
96
525
312
135
54
92
236
54
92
66
66
66
66
54
267
54
1474
1474
54
1474
68
54
180
296
123
54
66
54
260
66
54
272
54
1464
1464
54
406
180
54
1474
1474
1474
68
54
180
312
135
54
312
54
54
107
104
96
92
528
92
54
96
54
1106
1114
54
1464
205
1464
1283
54
1464
735
54
1464
205
1464
1283
1464
1464
54
1464
1464
1464
1464
1464
54
1464
1464
54
1464
1464
54
1464
1464
1464
1464
54
1464
656
54
66
66
54
263
54
1474
1474
54
1474
68
54
180
107
104
96
324
296
54
161
54
54
92
1474
1474
54
1474
1474
1474
54
1474
1474
1474
1474
1474
1474
847
1474
1474
1474
1474
54
1474
1474
1474
1474
1474
1474
54
1474
1474
1474
1474
54
1474
1474
1474
54
1474
1474
54
1474
1474
1474
1474
1474
54
1474
66
1474
1474
1474
54
1474
54
1474
1474
1474
54
1474
1474
1474
1474
1474
1474
1474
1474
1474
1474
54
1474
54
1474
1061
54
117
54
54
54
54
1464
205
1464
1283
1166
144
1347
54
55
66
806
1464
205
54
1464
1283
54
1464
54
121
155
54
1464
205
54
1464
1283
54
1464
650
54
1464
1464
54
1464
1464
1464
54
1464
1464
1464
1464
54
1464
1464
1464
1464
1464
54
1464
1464
1464
1464
54
1464
1464
1464
54
107
104
96
430
1464
1464
1464
1464
1464
1464
1464
1464
1464
1464
1464
1464
1464
1464
1464
1464
1464
1464
904
54
107
104
96
92
289
54
92
54
1474
54
935
935
66
122
92
54
92
54
234
1474
315
92
54
54
247
54
234
1261
54
154
1474
445
54
245
66
247
185
234
1474
359
335
66
54
54
265
1431
234
1474
54
358
136
92
54
54
54
1464
1464
407
54
180
107
104
96
346
312
135
54
92
54
92
54
96
54
1464
1464
1464
1464
1464
1464
54
66
66
235
66
54
273
66
54
273
54
54
1474
1474
54
1474
68
1474
1474
1310
232
54
54
180
180
107
104
96
336
1464
1464
1464
54
312
123
54
92
183
1464
54
1464
1464
312
54
123
54
92
54
54
1464
1464
1464
1464
1464
1464
1464
665
54
54
312
66
123
66
54
1119
234
1474
240
92
54
1464
1464
54
1464
1464
54
1464
1464
54
54
1464
1464
1464
54
1464
1464
1464
1464
1464
1464
1464
1464
54
1464
1464
54
1464
1464
1464
54
1464
1464
54
1464
1464
54
1464
54
1464
1464
54
1464
1464
54
1464
1464
54
1464
1464
1464
54
1464
1464
54
1464
54
117
54
54
54
1464
1464
54
1464
1464
1464
54
1464
1464
669
54
54
138
1474
1474
127
54
138
1474
1474
1474
1474
288
54
146
1474
1474
1474
1474
1474
1474
1474
1474
1474
1474
1474
1474
1474
1474
1474
1474
54
1474
1474
1474
1474
1474
1474
1474
220
1474
54
1474
1474
54
1474
1474
1474
54
1474
1474
1474
54
1474
1474
54
1474
54
1474
66
54
237
667
331
96
54
54
96
54
66
876
54
66
54
268
902
102
54
54
1464
1464
407
54
180
107
104
96
593
312
135
54
92
54
92
54
96
54
146
1474
1474
1474
1474
1474
1474
354
54
147
1474
1474
54
1474
1474
1474
1474
1474
1474
1474
1474
54
1474
1474
1474
1474
1474
1474
1474
1474
216
54
54
258
54
146
1474
146
1474
1474
1474
1474
1474
1474
1474
1474
1474
1474
1474
54
1474
1474
1474
1474
1474
54
1474
1474
1474
1474
1474
1474
220
54
1474
1474
1474
54
1474
1474
54
1474
1474
1474
54
1474
1474
1474
1474
54
1474
54
1474
1474
1474
1474
54
1474
1474
1474
1474
1474
1474
1474
1474
1474
1474
1474
1474
1474
1474
1474
1474
54
1256
1474
1474
1474
1474
54
1474
54
1474
1474
1474
1474
54
1474
1474
54
1474
1474
1474
54
1474
1474
1474
54
1474
1474
54
1474
1474
54
1474
1474
1474
1474
1474
54
1474
1474
1474
1474
1474
1474
1474
1474
1474
1474
1474
1474
54
1474
1474
1474
1474
1474
1474
1474
1474
1474
1474
1474
1474
1474
1474
1474
1474
54
1474
1474
1474
1474
1474
1474
54
1474
54
1474
1474
1474
1474
1474
1474
1474
1474
1474
1474
1419
54
514
147
609
463
175
526
96
96
54
54
96
54
96
54
264
1464
1086
1464
1464
369
1464
1464
999
102
54
54
195
1464
686
102
54
192
191
102
54
349
451
408
96
411
96
96
54
96
247
54
1040
102
54
352
123
102
54
1012
54
123
102
54
1317
1464
54
1283
1464
1365
54
258
1464
1464
124
1464
664
444
409
96
54
96
54
54
96
54
54
335
157
102
54
357
54
1464
1232
1464
1464
1464
1464
54
1464
1464
1008
102
54
148
54
117
54
54
54
54
54
850
96
54
1282
813
54
832
54
172
460
96
54
1464
205
1464
1283
1071
54
274
147
102
54
1464
1464
815
1464
205
1464
1283
1464
1464
1464
416
1464
1464
1464
1464
1464
1464
1443
54
1464
54
205
1464
1283
1464
581
54
444
100
228
912
54
236
96
1464
205
1464
1283
54
1464
1464
54
1464
1464
206
54
247
96
1464
205
1464
54
1283
1464
641
54
54
54
100
251
128
92
100
54
100
54
54
54
234
1474
54
104
1464
205
1464
54
1283
54
1464
1464
54
1464
1464
1464
1464
1464
1464
1464
1464
1464
1464
1157
608
288
102
54
292
253
54
171
54
256
234
1216
54
247
54
1474
1474
1474
54
1474
1357
54
54
234
1474
54
358
1474
54
942
234
1474
54
176
54
229
1464
1464
124
1464
1464
124
830
54
96
54
54
54
54
54
148
54
248
220
1474
1474
1474
1474
1474
1474
1474
1474
1474
1474
1474
1474
407
54
229
1464
1116
234
1474
270
92
54
54
96
54
54
138
1474
138
74
1474
54
316
74
66
171
54
66
229
1464
1110
66
54
262
96
54
138
1127
54
54
138
1464
1464
407
54
180
146
1474
1082
54
107
104
96
355
1368
148
312
54
135
54
92
54
92
54
96
1464
1464
1464
54
1464
1464
54
1464
54
54
146
1474
1474
54
1474
1474
1474
54
1474
1474
54
146
1474
1474
1474
1474
54
582
1464
1464
54
1464
1464
54
1464
1464
54
1464
1464
54
1464
1464
1464
54
1464
1464
54
1464
54
1474
54
1474
1474
54
1474
633
54
236
324
859
1474
1474
1474
1474
1474
1474
54
1474
1474
54
1474
1474
1474
54
847
1474
54
1474
54
1474
1474
54
1474
1474
1474
1474
54
1474
1474
1474
1474
1474
1474
1474
1474
1474
1474
1474
1474
1474
1474
1474
54
1474
1474
1474
1474
1474
1474
54
1474
1474
1474
1474
1474
54
1464
1464
54
1464
1474
1474
1474
1464
1464
54
54
1464
1474
1464
1464
54
54
1464
1464
54
1464
1464
54
1464
1464
54
1464
1464
1464
54
1464
1464
1464
1464
1474
1474
1474
1474
1474
1474
1474
1474
1474
1474
1474
1474
1474
1474
1474
1474
1474
1474
1474
1474
1474
1474
1474
1474
1474
1474
1474
1474
54
54
1474
1474
1474
1474
1474
1474
54
250
1436
1474
1474
1474
1474
1474
54
54
1474
1474
54
1474
1474
1474
1474
1474
54
1474
1474
1474
54
1474
1474
1474
54
1474
1474
54
1474
1474
1474
1474
54
1474
1474
54
1474
1474
1474
54
1474
1474
54
1474
1474
54
1474
1474
54
1474
96
54
54
1474
1474
1474
1474
1474
1474
1474
54
1474
1474
1474
1474
1474
1474
1474
1474
1474
1474
1474
1474
1474
1474
1474
1474
1474
1474
1474
1474
1474
1474
1474
1474
1474
960
1464
1464
1464
1464
1464
54
54
1464
1464
1464
1464
1464
1464
1464
1464
1464
1464
54
1464
1464
1464
1464
54
1464
54
1464
1464
54
1464
1464
54
1464
1464
54
1464
1464
1464
54
1285
822
54
831
1464
1464
54
1464
1464
1464
54
1464
1464
1464
54
1464
1464
1464
1464
54
54
1464
1464
1464
54
1464
1464
54
1464
1464
1464
54
1464
1464
54
1464
1464
1464
1464
1464
1464
1464
1464
54
1464
1464
54
1464
1464
1464
54
1464
54
1464
54
1464
1464
54
1464
1464
1464
1464
54
1464
1464
1464
1464
54
1464
1464
54
1464
1464
1464
54
1464
1464
1464
1464
54
1464
1464
1464
54
1464
1091
1464
1464
1464
1464
54
235
1464
54
1464
1464
1464
1464
1464
1464
1464
1464
1464
1464
1464
1464
1464
54
1464
54
1464
1464
1464
54
54
1464
54
1464
205
1464
54
1283
54
1464
1464
1464
1464
1464
54
1464
1464
517
221
54
1464
1464
1464
1464
54
1464
1464
54
1464
1464
1464
54
1464
1464
54
1464
1464
1464
1464
1464
1464
1464
1464
1464
1464
1464
1464
1464
1464
1464
1464
1464
1464
1464
1464
1464
1464
1464
205
1464
1283
1464
786
1464
1464
1464
1464
1464
54
54
1464
1464
1464
1464
1464
1464
1464
1464
1464
1464
1464
1464
1464
1464
1464
1464
1464
233
54
1474
1240
92
1464
1464
1464
206
1202
1464
1464
1464
1464
1464
1464
54
54
54
1464
1464
54
1464
54
206
1464
166
54
1464
206
982
54
514
176
102
54
1464
1464
54
1464
1464
54
1464
1464
1464
54
1464
54
1464
1464
1464
1464
1464
1464
1464
1464
1464
1464
1464
1464
1464
1464
1464
1464
54
1464
1464
1464
560
54
245
146
1464
1464
124
1464
1464
124
1464
1464
124
1464
1464
124
1464
1464
124
1464
66
66
54
273
96
54
234
1474
358
496
1474
1474
1310
232
54
54
54
1464
1464
1464
1464
54
1464
1464
180
107
104
96
423
54
1464
1464
1464
54
1464
1464
1464
1464
248
54
54
1464
1464
1464
1464
54
1464
1464
1464
1276
229
908
312
123
92
54
54
1474
1474
1474
1474
1474
54
92
1474
1474
1474
1474
1474
1474
718
1474
1474
1474
54
1474
1474
1474
1474
1474
54
1474
1474
158
54
312
123
66
66
247
54
92
66
254
1474
66
1474
1474
1474
66
66
66
54
54
312
66
248
54
1474
66
269
246
1474
1474
1474
1474
1474
66
66
66
66
66
1474
1474
66
66
208
1474
1474
1474
1474
158
54
66
66
66
66
66
54
1474
1474
54
1474
1474
1474
1474
1474
1474
54
1474
1474
1474
54
847
54
54
54
1474
1474
1474
1474
1361
234
1474
162
54
54
54
54
96
1474
54
1474
1474
1474
1474
1474
1474
1474
1474
1474
1474
715
1474
54
1474
1474
731
54
54
234
1474
359
203
92
252
1474
334
134
92
234
1474
358
387
54
54
96
1464
54
1464
1464
1464
1464
1464
1152
1464
1464
1464
1464
1464
1464
1464
1464
54
1464
1464
1464
1118
1464
372
54
54
54
286
132
102
54
246
247
171
229
1464
1464
124
1464
1464
124
834
54
251
1240
234
1309
54
54
96
54
54
54
54
54
148
54
490
54
128
92
100
54
100
138
1464
1464
124
1464
1464
124
1464
1464
124
1464
1464
124
1464
1464
124
1464
1464
124
1464
1464
124
1464
1464
124
599
54
54
96
54
54
54
54
54
54
54
54
54
54
54
96
54
54
54
334
193
102
54
54
54
85
54
117
54
54
54
54
854
96
54
1284
821
831
54
1464
166
1464
205
1464
1283
1464
1464
1464
1464
1464
1464
1464
1464
134
1464
205
1464
1283
1464
1464
202
54
208
225
100
908
1464
205
1464
54
1283
54
1464
1464
1464
54
1464
54
1464
1464
1464
1464
57
54
1464
54
205
1464
1283
725
96
54
54
96
100
54
1464
205
1464
54
1283
1464
1464
54
1464
252
100
235
100
54
1464
651
606
450
102
54
54
298
215
54
66
66
66
66
171
66
54
271
66
54
271
66
54
271
66
54
271
54
54
54
1474
1474
1474
68
1474
1474
1474
68
1474
1474
1474
68
54
1474
54
54
54
54
1474
1474
68
54
180
54
180
180
312
180
123
54
107
104
96
92
342
167
167
167
312
123
54
54
100
312
123
252
1474
182
54
54
54
92
54
54
246
1474
54
1474
1474
1474
1474
1474
1474
1474
1474
80
312
123
1474
1474
1474
1474
1474
1246
54
54
1474
1474
1474
54
1474
1474
54
1474
1474
1474
1474
54
1474
1474
54
847
1474
1474
54
1474
54
1474
1474
54
1474
1474
1474
1474
1474
54
1474
54
1474
1474
1474
1474
1474
1474
1474
1474
54
1474
1474
1474
240
123
1474
1474
1474
749
66
54
54
100
246
234
1125
54
167
229
1464
1464
124
1280
54
1474
1474
1474
1474
1474
1474
54
1474
1474
1474
1474
1474
54
1474
1474
54
1474
1474
54
1474
54
1474
1474
54
1474
1474
1474
1474
1474
220
1474
1474
1474
1474
54
1474
1474
1474
1474
1474
54
1474
1474
1474
54
1474
1474
54
1474
1474
1474
54
1474
1474
1474
1474
1474
220
1474
1474
1474
1474
66
66
74
74
82
1474
1474
1474
82
82
90
1474
1474
1474
1474
1474
90
90
90
90
90
1474
90
1474
1474
1474
1474
1474
1474
90
90
90
90
90
90
1474
1474
1474
1474
90
90
90
90
1474
1474
1474
1474
90
90
90
90
1474
1474
1474
90
90
90
1474
1474
90
90
1474
805
1474
1474
1474
1474
1474
1474
90
90
90
90
90
90
82
74
1474
234
1346
66
54
1474
54
54
96
54
54
54
66
66
66
66
148
66
54
258
66
54
258
66
66
54
247
66
54
258
66
54
258
66
54
1464
1464
54
407
180
66
54
54
271
107
104
96
1464
1464
407
54
471
288
287
285
298
297
66
54
180
54
258
1474
1474
54
1474
68
66
54
54
180
258
234
1474
179
92
54
107
104
96
419
312
123
54
92
54
1464
1464
407
92
54
1474
54
180
1474
1474
1474
1474
1474
1474
1474
1474
1474
1474
1474
1474
1474
1474
99
54
54
1464
1464
407
54
312
180
135
54
92
54
54
96
96
96
96
1464
54
1464
1464
54
54
92
1464
1464
407
54
312
135
54
180
248
246
100
54
100
54
1464
1464
414
54
54
54
180
312
135
54
1464
1464
1464
1464
54
1464
1464
54
1464
1464
54
1464
1464
1464
1464
1464
54
54
312
135
54
312
135
54
247
54
234
1474
54
358
164
92
54
137
312
229
1464
1464
124
1464
658
127
54
54
1474
270
54
1464
1464
54
1464
1464
1464
54
1464
1464
1464
853
54
250
1474
54
335
753
54
96
54
54
1474
1474
1474
54
1474
1474
1474
54
1474
1474
1474
1474
1474
716
1474
1474
54
1474
445
54
54
54
148
314
1474
1474
54
1474
1474
1474
54
1474
1474
54
1474
1474
1474
54
54
1474
1474
1474
1474
1474
1474
54
1474
1474
54
1474
1474
1474
54
1474
54
1474
220
1474
1474
1474
54
1474
1474
1474
1474
1474
1474
1474
1474
847
54
1474
1474
1474
54
1474
1474
1474
54
1474
1474
54
1474
1474
1474
66
66
1474
1474
1474
66
66
66
1474
1474
1474
1474
1474
1474
1474
1474
1474
1474
66
66
66
66
66
66
66
66
66
66
1474
1474
1474
66
66
66
1474
1474
1474
1474
66
66
66
66
1474
66
1474
1474
1474
1474
1474
66
66
66
66
66
150
407
1474
1474
1474
1474
1474
1474
1474
1474
1474
66
66
66
66
66
66
66
66
66
1474
1474
1474
1474
1474
1474
1474
1474
1474
1474
1474
1474
1474
1474
1474
66
66
66
66
66
66
66
66
66
66
66
66
66
54
54
1474
1474
1474
1474
1474
54
1474
1474
1474
54
1474
1474
54
1474
1474
1474
1474
54
1474
1474
1474
54
1474
1474
1474
1474
1474
1474
1474
1474
1474
54
1474
1474
1474
1474
1474
1474
54
1474
1474
1474
54
1474
54
1474
1474
1474
1474
1474
1474
1474
1474
1474
1474
1474
54
1474
1474
1474
1474
1474
54
1474
1474
1474
54
1474
1474
54
1474
1474
1474
54
1474
1474
54
1474
1474
1474
1474
1474
1474
1474
1474
1474
1474
1474
1474
1474
1474
54
1474
1474
1474
1474
1474
1474
1474
1474
1474
1474
1474
1474
1474
54
1474
1474
1474
1474
1474
1474
1474
54
1474
1474
1474
1474
54
1474
96
1474
1474
54
1474
1474
54
54
288
290
1474
1474
1474
1474
1474
1474
1474
1474
1474
1474
1474
1474
54
1474
1474
1474
1474
1474
1474
1474
1474
1474
1474
1474
1474
1474
1474
1474
1474
1474
1474
1474
1474
1474
1474
1474
1474
1474
1474
1474
1474
1474
54
285
132
54
54
102
286
1474
54
1474
1474
1474
1474
1474
1474
1474
1474
1474
1474
1474
1474
1474
1474
1474
54
1474
1474
1474
1474
1474
54
1474
1474
1474
1474
54
1474
1474
1474
1474
54
286
1474
1474
1474
1474
54
1474
1474
54
1474
1474
54
1474
1474
1474
54
54
1474
1474
54
288
1474
54
1474
1474
54
1474
1474
54
1474
284
1474
54
1474
1474
54
1474
1474
54
1474
1474
54
1474
1474
1474
1474
54
1474
1474
54
1474
1474
54
1474
1474
54
1474
1474
54
1474
1474
1474
1474
1474
1474
1474
1474
1474
1474
1474
1474
1474
1474
1474
1474
1474
1474
1474
1474
1474
1474
1474
1474
66
74
74
74
82
90
90
90
90
90
90
1474
1474
1474
1474
1474
1474
1474
1474
90
90
90
90
90
90
90
90
1474
1474
1474
1474
1474
1474
1474
1474
1474
1474
1474
1474
1474
1474
1474
1474
1474
1474
1474
1474
1474
1474
1474
1474
1474
54
96
96
177
509
96
1464
90
90
90
90
90
90
90
90
90
90
90
90
90
90
90
90
90
90
90
90
90
90
90
90
90
54
1464
1464
1464
1464
1464
1152
1464
1464
1464
1464
1464
1474
1474
1474
1474
90
90
90
90
54
1474
90
1474
1474
1474
90
90
90
54
1474
82
1474
74
1474
1474
1474
66
54
1474
1474
1474
1474
1474
1474
1474
1474
1474
1474
1474
1474
1474
1474
1474
1474
1474
54
1474
1474
1474
54
1474
54
1474
1474
1474
1474
1474
1474
1474
1474
1474
1474
1474
1474
1474
1474
1474
1474
1474
1474
1474
1474
1474
1474
54
1474
1474
1474
1474
1474
1474
54
1474
1474
1474
54
54
1474
54
1474
1474
1474
1474
1474
1474
1474
1474
1474
1474
1474
1474
1474
54
1474
1474
1474
1474
1474
1474
54
1474
1474
1474
54
1474
1474
1474
1474
1474
1474
54
288
1474
1474
1474
1474
1474
1474
1474
1474
1474
1474
54
1474
1474
1474
1474
1474
54
1474
1474
1474
66
66
1474
1474
1474
1474
1474
1474
1474
1474
1474
1474
1474
1474
1474
1474
1474
1474
1474
1474
1474
1474
1474
1474
66
66
66
74
82
82
90
90
90
90
90
90
90
90
90
90
90
90
90
90
90
90
1474
1474
1474
1474
1474
90
90
90
90
90
1474
1474
1474
90
90
90
299
1474
90
1474
1474
1474
90
90
90
1474
1474
1474
1474
1474
1474
90
90
90
90
90
90
1474
1474
1474
1474
90
90
90
90
1474
1474
1474
90
90
90
1474
1474
90
90
1474
1474
1474
90
90
90
1474
1474
90
90
1474
90
1474
1474
1474
1474
1474
1474
1474
1474
90
90
90
90
90
90
90
90
1474
1474
1474
1474
1474
1474
1474
1474
90
90
90
90
90
90
90
90
1474
1474
1464
1464
1464
1464
90
90
66
66
74
74
1464
1474
1474
1464
1464
1464
1464
1464
74
90
90
82
82
82
82
82
1464
1464
1464
82
82
90
1464
1474
90
90
1474
1474
1474
90
90
90
1474
1474
90
90
1474
1474
1474
1474
90
90
90
90
1474
1474
1474
90
90
90
1474
1474
90
90
1474
90
1474
1474
90
90
1474
1474
90
90
1474
1474
1474
1474
1474
90
90
90
90
90
54
1474
90
1474
1474
1474
1474
1474
1474
1474
1474
1474
1474
1474
1474
1474
1474
1474
1474
1474
1474
1474
90
90
90
90
90
90
90
90
90
90
90
90
90
90
90
90
90
90
90
1474
1474
1474
1474
1474
1474
1474
1474
1474
1474
1474
1474
90
90
90
90
90
82
74
74
74
74
74
74
1474
1474
66
66
1474
1474
1474
54
54
1474
54
1474
54
1474
1474
1474
54
1474
54
1474
1474
54
1474
1474
54
1474
1474
1474
1474
1474
1474
1474
1474
1474
1474
1474
1474
1474
1474
54
1474
1474
1474
1474
1474
1474
1474
1474
1474
1474
1474
1474
1474
1474
1474
1474
1474
1474
54
1474
1474
1464
1464
1464
1464
1464
1464
1464
1464
1464
1464
1464
1474
1474
1474
1474
1474
1474
1474
1474
1474
1474
1474
1474
1474
1474
1474
1474
1474
1474
1474
90
90
90
90
90
90
82
82
82
74
74
54
1474
1474
1474
1474
1474
1474
1474
1474
1474
1474
1474
1474
1474
1474
1474
1474
1474
1474
1474
1474
1474
1474
1474
1474
1474
1474
1474
1474
1474
1474
1474
1474
54
1474
1474
1474
1474
1474
1474
1474
1474
1474
66
66
66
74
74
74
82
90
90
1474
90
1474
90
1474
90
1474
1474
1474
1474
1474
1474
1474
1474
1474
90
90
90
90
90
90
90
90
90
1474
1474
1474
1474
1474
1474
1474
1474
1474
1474
1474
1474
1474
1474
90
90
90
90
90
90
90
90
90
90
90
90
90
90
1474
1474
1474
90
90
90
1474
1474
1474
1474
90
90
90
90
1474
1474
90
90
1474
1474
90
90
1474
1474
90
90
1474
1474
1474
1474
90
90
90
90
1474
1474
90
90
1474
90
1474
1474
90
90
1474
1474
1474
90
90
90
1474
1474
1474
90
90
90
1474
1474
1474
1474
1474
90
90
90
90
90
1474
1474
1474
1474
1474
1474
1474
1474
1474
1474
90
90
90
90
90
90
90
90
90
90
1474
90
1474
90
1474
1474
1474
1474
1474
1474
1474
1464
1464
1474
1474
1474
90
90
90
90
90
90
90
74
74
90
90
90
1464
1464
1464
1474
1474
1474
1474
66
66
66
90
90
90
90
1474
1474
1474
90
90
90
1474
1464
1474
90
66
90
1474
90
1474
1474
1474
90
90
90
1464
1464
1474
1474
1474
1474
1474
1474
66
66
90
90
90
90
90
90
1474
1474
90
90
1474
90
1474
1474
90
90
1464
1464
1474
54
90
1474
1474
90
90
1464
1464
1464
1474
90
54
1474
1474
1474
1474
1474
1474
1474
90
90
90
90
90
90
90
1474
1474
1474
1474
1474
90
90
90
90
90
1474
1474
90
82
82
1474
82
1474
82
1474
1474
1474
332
74
74
74
74
1474
74
1474
74
1474
66
1474
66
1474
1324
66
66
1474
1474
1474
1474
1474
66
66
66
66
66
1474
1474
1474
66
66
66
1474
1474
1474
66
66
66
847
1474
1474
1474
1474
1474
1474
1474
1474
1474
66
66
66
66
66
66
66
66
66
66
1474
1474
54
1474
1474
1474
1474
1474
54
1474
1474
1474
54
1474
54
1474
1474
1474
1474
1474
1474
1474
54
1464
1464
54
1464
1464
54
1464
1464
54
1474
54
1464
1464
1474
54
1474
54
1464
1464
54
1464
1464
54
1464
1464
1474
1474
1474
54
54
1474
1474
1474
54
1474
1474
54
1474
1474
1474
1474
1474
1474
1474
1474
1474
1474
54
1474
1474
1474
1474
1474
1474
1474
1474
1474
54
1474
1474
54
1474
1474
1474
1474
54
1474
1474
1474
54
1474
1474
1474
54
1474
54
1474
1474
1474
54
1474
1474
54
1474
1474
1474
1474
54
1474
1474
54
1474
1474
54
1474
54
1474
1474
1474
54
1474
1474
1474
1474
1474
1474
1474
1474
1474
1474
1474
1474
1474
1474
1474
1474
1474
1474
1474
1474
1474
1474
1474
1474
1474
1474
1474
1474
1474
1474
1474
54
1474
1474
1474
66
1474
1474
1474
1474
1474
1474
1474
1474
1474
1474
1279
66
66
66
66
66
66
74
74
82
82
82
1464
1464
1464
54
1464
1464
54
1464
1464
54
1464
1464
1464
54
1464
1474
74
1464
54
1464
1464
1464
54
1474
1474
66
54
138
1464
1464
124
1464
1464
124
1464
1464
124
1464
1464
124
1464
1464
124
1464
1464
124
1464
507
1464
1464
54
1464
1464
1464
1464
54
1464
1464
1464
54
1464
54
1464
1464
54
1464
1464
54
1464
54
96
54
54
54
54
54
54
54
54
54
54
54
54
1464
1464
54
1464
1464
1464
54
1464
1464
54
1464
1464
1464
54
1464
1464
1464
54
1464
54
1464
1464
54
263
193
102
54
1464
1464
54
1464
1464
1464
54
1464
1464
54
1464
54
1464
1464
1464
54
1464
54
1464
1464
54
1464
289
1464
54
1464
1464
1464
1464
755
54
299
96
1464
54
1464
1464
54
1131
289
96
132
54
1464
1464
54
1464
1464
1464
54
1464
1152
1464
1464
1464
1464
1464
54
1464
1464
54
1464
54
1464
1464
1464
1464
54
1464
903
54
300
96
178
54
1464
1464
54
1464
1464
54
1464
1464
1152
54
1464
1464
54
1464
1464
1464
1464
1464
1464
54
1464
1464
54
1464
1464
54
1464
1464
1464
54
1464
54
1464
924
54
54
54
54
54
54
54
85
54
55
66
100
54
85
54
54
54
100
54
85
54
54
54
55
66
864
100
96
100
54
1284
827
54
834
54
1179
55
54
66
1464
205
1464
54
1283
54
1464
1464
54
1464
1464
434
1464
1464
1464
1464
54
1464
1464
54
856
54
1464
205
54
1464
1283
1464
756
54
1464
206
1464
642
54
1464
206
247
54
225
100
912
1464
206
471
54
533
196
54
102
247
100
247
246
54
54
54
96
100
54
247
247
247
54
100
234
1474
358
54
1474
220
54
234
1474
54
67
54
234
54
1474
357
54
259
92
54
171
234
1474
358
485
54
234
1474
358
246
54
234
1474
54
179
92
54
54
246
230
100
1474
1474
1474
1474
1474
101
54
100
100
66
230
1464
1464
124
1464
1464
124
1464
1464
124
1464
1464
124
1464
946
234
1474
54
358
326
92
54
54
96
247
54
54
54
54
54
248
100
54
54
54
100
1474
1474
54
1474
54
1474
54
1474
1474
54
1474
1474
1474
1474
54
1474
54
716
1474
92
54
234
1256
54
249
270
249
54
148
1474
1474
1474
54
1474
1474
1474
1474
1474
1474
54
1474
54
1474
716
1474
1474
54
1474
1474
1474
54
1474
54
1474
1474
1474
1474
1474
54
847
1474
1474
54
1474
1474
54
1474
1474
54
1474
1474
414
54
54
234
1474
358
287
54
246
1474
256
1474
1474
1474
1474
1474
54
1474
1474
1474
1474
54
1474
715
1474
1474
1474
1474
1474
1474
54
1474
1474
54
1474
1474
1474
1474
1474
1474
100
54
233
1474
54
359
1394
54
1474
1474
1474
1474
584
54
1474
1474
1474
1474
1474
1474
1474
1474
1474
1474
1474
716
1474
1474
1474
1474
1474
1474
635
54
54
54
54
54
54
54
54
54
54
54
100
85
54
100
85
54
100
85
54
99
85
54
490
100
54
54
100
128
54
92
100
54
100
54
289
100
96
100
54
1464
1464
54
1464
1129
54
300
96
178
1464
1464
1464
1464
1464
1464
1152
1464
1464
1464
1464
1464
1464
1464
1464
1464
54
1464
1464
54
1464
1464
54
1464
1464
54
1464
1464
1464
54
1464
1464
1464
1274
54
55
55
388
1474
315
66
66
289
96
1464
54
1464
1464
54
1166
54
54
300
96
178
54
1464
1464
54
1464
1464
1464
54
1464
1152
54
1464
1464
1464
54
1464
1464
54
1464
1464
1464
1464
1464
54
1464
1464
54
1464
1464
54
1464
1464
1464
1464
1464
54
1464
54
1023
54
55
66
66
431
501
221
100
66
54
256
54
54
128
92
100
54
100
105
92
100
54
100
54
54
100
54
1474
1474
1424
54
345
107
104
96
313
134
54
1474
1330
100
54
100
55
54
66
348
110
96
54
92
54
92
54
315
54
1474
1474
1474
54
1474
1474
1474
54
1474
1474
1474
54
1474
1474
1474
1474
1474
1474
54
1474
1474
1474
1474
1474
1474
1474
1474
876
1474
741
54
100
100
54
54
289
55
96
1464
54
1464
1464
1157
54
54
300
66
96
178
54
1464
1464
54
1464
1464
1464
54
1033
54
1464
1464
1464
54
1464
890
54
1464
54
1464
1464
1464
54
1464
54
1464
1152
54
1464
1464
54
66
54
571
1464
1464
54
1464
1464
54
1464
360
54
54
214
270
107
104
96
110
96
54
92
54
92
54
54
438
54
54
128
92
100
54
100
54
289
96
1464
54
1464
1464
54
1146
54
300
96
178
54
1464
1464
54
1464
1464
1464
54
1464
1152
1464
1464
1464
1464
1464
1464
54
1464
1464
1464
1464
54
1464
1024
1464
54
1464
1464
54
354
54
289
96
1464
54
1464
1464
54
1238
54
300
96
178
1464
1464
1464
1464
1464
1033
1464
1464
1464
1464
1464
631
1464
1464
1464
1464
1464
1033
1464
1464
1464
1464
510
54
100
54
85
54
54
54
289
96
1464
54
1464
1464
1107
54
300
96
178
54
1464
1464
54
1464
1464
1464
1464
54
1152
1464
1464
1464
54
1464
1464
54
1464
1464
54
1464
1464
1464
1464
54
1024
1464
54
1464
1128
54
100
54
85
54
54
54
55
54
55
54
289
96
1464
1464
54
1464
1201
54
300
96
178
54
1464
1464
1464
1464
1464
1464
1152
1464
1464
1464
1464
1464
1464
1464
1464
1117
1464
1464
1464
1165
54
348
54
215
344
1037
54
1474
54
1474
1474
54
1474
1474
1474
54
1474
1474
959
54
472
478
66
66
54
278
54
1474
1474
846
54
345
364
465
270
1311
66
191
54
526
54
128
92
100
105
92
100
1474
1474
1474
1474
1474
1474
1474
1474
1474
1474
1474
1279
1474
1474
66
1474
1474
1474
1474
1474
1474
697
1184
54
54
54
100
100
571
54
92
100
1474
54
100
1474
1474
1474
1474
1474
54
1474
1474
1474
1474
54
54
205
1474
1474
1474
54
270
1313
1474
1474
54
1474
1474
1474
1474
1474
1474
54
1474
1474
1474
54
1474
1474
1474
1474
54
1474
1474
54
1474
1474
1474
1474
54
54
1474
1474
1474
54
1474
54
1474
1474
54
66
1474
1474
54
1474
1474
1474
1474
1057
54
564
66
54
54
54
105
92
100
54
100
135
843
100
54
100
560
66
54
571
105
92
100
54
100
54
54
214
270
54
107
104
96
323
105
92
100
54
100
66
54
273
1474
1474
1474
1474
1474
1474
1474
1474
1474
1474
1474
54
1474
1474
1474
1474
1474
1474
54
1474
1474
1474
54
1474
1474
1474
1474
54
1474
1474
1474
54
1474
54
1474
1474
1474
1474
1474
1474
1474
1474
1474
1474
1474
1474
1474
1474
54
1474
1474
1474
1474
1474
54
1474
1474
1474
54
1474
1474
1474
1474
1474
54
1474
1474
1474
54
1474
1474
1474
1474
1474
1474
54
1474
1474
1474
1474
54
1474
1474
54
1474
1474
1474
54
1294
1474
1474
1474
234
1474
1474
1474
1474
1474
1474
1474
1474
1474
1474
1474
1294
1474
1474
54
1474
1474
1474
1474
1474
1474
1474
1474
1474
234
1474
1474
1474
1474
1294
110
96
1474
1474
1474
1474
54
54
92
1474
1474
1474
1474
1474
1474
54
92
54
1474
54
1474
1474
1474
1474
54
54
1474
1474
54
1474
1318
234
1474
1474
1474
1474
1474
1474
1474
1474
1474
1474
1474
1474
1474
1474
1474
1474
1474
1474
1474
1474
1474
1474
1474
1474
1474
54
1474
1474
1474
1474
1474
1474
1474
1474
1474
54
1474
1474
1474
1474
54
1474
1114
1474
1474
1474
1474
351
92
100
54
54
100
1474
1474
414
54
1474
1474
54
1474
1474
54
1474
1474
1474
54
1474
1474
54
1474
1474
1474
1474
1474
1474
1474
1474
1474
1474
1474
1474
1474
1474
66
74
82
82
82
90
90
1474
1474
1474
1474
1474
1474
1474
1474
1474
54
1474
1474
1474
1474
1474
1474
1474
1474
90
90
90
90
90
90
90
90
90
54
1474
1474
1474
1474
1474
1474
1474
1474
1474
1474
90
90
90
90
54
1474
1474
1474
1474
1474
90
90
90
90
90
1474
1474
1474
90
90
90
1474
1474
54
1474
1474
1474
66
1474
66
1474
1474
1474
1474
1474
1474
1474
1474
1474
1474
1474
1474
1474
1474
1474
1474
1474
1474
1474
1474
90
90
90
90
90
90
90
90
90
90
90
90
90
74
90
82
82
90
90
90
1474
1474
1474
1474
1474
1474
1474
90
90
90
90
90
90
90
1474
1474
1474
90
90
90
1474
1474
1474
1271
90
90
90
90
1474
1474
1294
90
90
90
1271
90
1474
90
1474
1474
1474
90
90
90
1474
1474
1474
1474
1474
1474
1474
1474
1474
1474
234
1474
90
90
90
90
90
90
90
90
90
90
90
90
1474
1474
1474
1474
1474
90
90
90
90
90
1474
1474
1474
90
90
90
54
1474
90
1474
1474
1474
1474
1474
1474
1474
1474
1474
1474
1474
90
90
90
90
90
90
90
90
90
90
90
1474
1474
1474
1474
1474
1474
1474
1474
1474
1474
90
90
90
90
90
90
90
90
90
90
54
1474
1474
1474
90
90
90
1474
90
1474
90
1474
90
1474
90
1474
90
1474
1474
1474
1474
1474
1474
1474
1474
1474
1474
1474
1474
1474
1474
1474
1474
1474
1474
1474
90
90
90
90
90
90
90
90
90
90
90
90
82
74
74
66
54
82
82
54
1474
74
1474
1474
54
1474
74
1310
651
54
1474
1474
74
66
180
1474
54
1319
1474
1474
54
1474
1294
1474
54
289
1474
54
1474
1474
1474
1474
54
234
1474
54
1474
1474
1294
1474
1474
1474
1474
54
1474
54
1474
1474
1474
54
1474
54
1474
1474
54
1474
1474
54
1474
1474
1474
1474
1474
1474
1474
1474
1474
1474
1474
1474
1474
1474
1474
1474
54
54
1474
1474
1474
1474
1474
1474
234
54
54
1474
54
1474
1474
1474
1474
54
54
611
263
731
1474
1474
1474
1474
1474
1474
1474
1474
1474
1474
1474
1474
1474
1474
1474
1474
1474
54
54
1474
54
1474
1474
1474
1474
1474
1474
1474
1474
1474
1474
1474
1474
1474
1474
1474
1474
1474
1474
1474
1474
1474
1474
1474
1474
54
54
1474
1474
1474
1474
1474
1474
1474
1474
1474
1474
1474
1474
1474
1474
1474
54
54
1474
1474
449
1474
1474
1474
54
54
1474
54
1474
1474
54
1474
1474
54
1474
1474
1474
1474
54
186
96
1322
1464
54
1464
1464
1185
165
1474
1474
1474
1474
1474
1474
1474
54
54
1474
54
1474
1474
54
1474
1474
54
1474
1474
54
1474
1474
54
1474
1474
54
1474
572
306
1474
54
1474
1474
54
54
1474
1474
54
1474
1474
54
54
1474
1474
1474
1474
1474
1474
1474
1474
1474
1474
105
92
100
1474
1474
103
92
100
54
54
54
100
100
1474
1474
54
1474
1474
1474
1474
1474
54
1474
54
1474
1474
54
1474
1474
54
1474
1474
1474
1474
1474
1474
1474
1474
1474
1474
1474
1474
1474
1474
1474
1474
1474
1474
1474
1474
54
1474
1474
1474
1474
1474
1474
1474
54
1474
1474
1474
1474
54
1474
1474
1474
1474
1474
1474
1474
54
1474
1474
54
1474
1474
54
1474
1474
1474
54
1474
1474
54
1474
1474
1474
1474
1474
1474
1474
1474
1474
1474
1474
1474
1474
1474
1474
54
1474
1474
1474
54
1474
1474
1474
54
1474
1474
1474
1474
1474
1474
1474
1474
1474
1474
1474
1474
54
54
1474
1474
1474
1474
1474
54
54
1474
1474
54
1474
54
1474
1474
1474
1474
54
1474
1474
54
1474
1474
1474
1474
1474
1474
1474
1474
1474
1474
1474
1474
1474
1474
96
1474
1474
1474
1474
1474
1474
1474
1474
54
54
1474
1474
1474
1474
1474
1474
1474
1474
54
54
1272
1474
1474
105
92
100
1474
1474
1474
1474
1474
1474
54
54
1474
1474
54
100
1474
1474
1474
1474
54
1474
1474
1474
54
1474
1474
1474
54
54
1474
1474
1474
1474
54
1474
1474
1474
1474
1474
1474
1474
1474
1474
1474
103
92
100
1474
1474
1474
54
54
100
1474
1474
1474
1474
1474
1474
1474
1474
1474
1474
1474
1474
1474
1474
1474
1474
54
1474
1474
1474
1474
1474
1474
1474
1474
1474
1474
54
1474
1474
1474
54
1474
1474
54
1474
1474
1474
54
54
1474
54
1474
1474
1474
54
1474
105
92
100
54
54
100
1474
1474
54
1474
1474
1474
1474
1474
1474
1474
1474
1474
1474
1474
1474
1474
1474
1474
1474
1474
1474
1474
1474
332
54
778
1474
1474
54
54
1474
1474
1474
1474
1474
1474
1474
1474
1474
1474
1474
1474
1474
1474
1474
1474
1474
1474
1474
1474
1474
1474
1474
1474
1474
1474
1474
1474
54
166
100
1474
1474
1474
1474
1474
1474
1474
1474
1474
54
54
147
1474
1474
1474
1474
1474
1474
1474
1474
1474
1474
1474
54
146
1474
1474
1474
1474
54
147
135
1474
1474
1474
1474
1474
1474
1474
1474
1474
1474
1474
1474
54
1474
1474
1474
1474
1474
1474
1474
1474
1474
1474
1474
1474
1474
1474
1474
54
1474
1474
1474
1474
1474
1474
1474
1474
54
1474
1474
1474
54
1474
1474
54
1474
1474
1474
1474
1474
1474
1474
1474
1474
1474
1474
1474
54
1474
1474
1474
1474
1474
1474
1474
1474
1474
1474
54
1474
1474
1474
1474
1474
54
1474
1474
54
1474
1474
1474
1474
1474
54
1474
1474
54
1474
1474
54
1474
1474
1474
1474
54
1474
1474
1474
1474
54
1474
1474
1474
1474
1474
1474
1474
1474
1474
1474
1474
1474
1474
1474
1474
1474
1474
1474
1474
1474
1474
1474
54
1474
1474
1474
1474
1474
1474
1474
1474
1474
54
1474
1474
1474
1474
1474
1474
1474
1474
1474
1474
1474
1474
54
1474
54
1474
1474
1474
1474
54
1474
1474
1474
54
1474
1474
1474
1474
54
1474
54
1474
1474
1474
1474
1474
1474
1474
1474
1474
1474
1474
1474
1474
54
1474
1474
54
1474
54
1474
1474
1474
54
1474
1474
54
1474
1474
1474
1474
1474
1474
1474
1474
1474
1474
1474
1474
1474
1474
1474
1474
1474
1474
1474
1474
1474
1474
1474
1474
1474
1474
1474
1474
1474
1474
1474
1474
54
1474
1474
1474
1474
1474
1474
1474
1474
1474
1474
1474
54
1474
1474
1474
1474
1474
54
1474
1474
54
1474
54
1474
1474
1474
1474
1474
1474
1474
1474
54
1474
1474
1474
54
1474
1474
1474
1474
1474
1474
1474
1474
1474
1474
1474
1474
1474
1474
1474
1474
1474
1474
1474
1474
1474
1474
54
1474
54
54
1474
1474
1474
1474
1474
100
175
1474
277
66
66
54
160
92
100
1474
1474
1474
1474
66
66
66
66
1474
1474
1474
66
66
66
1474
1474
1474
66
66
74
1474
74
1474
74
1474
1474
1474
1474
74
82
82
82
1474
1474
159
92
100
54
160
92
100
170
1474
1474
1474
1474
1474
1474
770
100
90
90
66
66
66
66
66
66
66
66
66
66
66
66
66
66
66
1474
90
1474
1474
1474
1474
1474
54
1474
1474
1474
1474
1474
1474
1474
1474
1474
1474
1474
1474
1474
1474
1474
90
90
90
90
90
90
90
90
90
90
90
90
90
90
90
90
90
90
90
90
1474
1474
1474
90
90
90
1474
90
1474
1474
1474
1474
90
90
90
90
1474
82
1474
82
1474
82
301
1474
82
1474
74
1474
74
1474
74
1474
1474
1474
1474
66
54
54
1474
1474
54
1474
1474
54
1474
1474
54
1474
1474
1474
1474
1474
1474
1474
1474
1474
1474
1474
1474
1474
1474
1474
1474
1474
1474
1474
1474
1474
1474
1474
54
1474
1474
54
1474
54
100
100
100
100
100
1474
54
1474
1474
1474
1474
1474
1474
1474
1474
1474
1474
1474
1474
1474
1474
1474
1474
1474
1474
1474
1474
1474
1474
1474
1474
1474
54
1474
1474
1474
1474
1474
1474
1474
1474
1474
1474
1474
1474
1474
1474
1474
1474
1474
1474
1474
54
1474
1474
1474
1474
1474
1474
1474
54
1474
1474
1474
1474
54
1474
1474
54
1474
1474
1474
1474
1474
1474
54
1474
1474
1474
1474
1474
1474
1474
168
1474
1474
1474
1474
1474
1474
1474
1474
54
54
1474
1474
54
54
1474
1474
1474
1474
1474
1474
54
1474
1474
1474
1474
96
54
1474
1474
1474
1474
54
1474
1474
178
1474
54
54
1474
1474
1464
54
1464
1464
1464
1464
1464
1152
1464
1464
1464
1464
1464
1464
1464
1464
54
1464
1464
1464
1024
1464
1464
54
1464
1464
505
1474
1474
1474
1474
1474
1474
1474
1474
1474
54
54
1474
1474
1474
1474
54
1474
1474
1474
54
1474
1474
54
1474
54
1474
1474
54
1474
1474
54
1474
1474
1474
54
1474
54
1474
1474
1474
54
1474
1474
54
1474
1474
1474
54
1474
1474
1474
1474
1474
1474
1474
1474
1474
1474
1474
1474
1474
1474
1474
1474
1474
1474
66
66
66
66
66
66
66
66
74
82
82
82
82
82
82
82
82
90
1474
1474
1474
1474
1474
1474
1474
1474
1474
90
90
90
90
90
90
90
90
90
1474
1474
90
90
1474
1474
90
90
1474
1474
90
90
54
54
1320
1474
90
1474
1474
1474
1474
1474
1474
1474
1474
1474
1474
1474
1474
1474
1474
1474
90
90
90
90
90
90
90
90
90
90
90
90
90
90
90
1474
1474
1474
1474
1474
1474
90
90
90
90
90
90
1474
1474
1474
90
90
90
1474
1474
90
90
1474
90
1474
1474
90
90
1474
90
1474
1474
1474
90
90
90
1474
1474
90
90
1474
90
1474
90
1474
1474
1474
1474
90
90
90
90
1474
1474
90
90
1474
90
1474
90
1474
90
1474
90
1474
90
1474
90
1474
90
1474
90
1474
90
1474
1474
90
90
1474
1474
1474
90
82
82
1474
1474
1474
82
82
74
1474
1474
1474
1474
74
74
66
66
1474
1474
66
54
1474
1474
1474
1474
1474
1474
1474
54
1474
1474
1474
54
1474
1474
1474
1474
1474
54
54
1474
1474
1474
1474
1474
54
54
1474
1474
54
1474
1474
1474
1474
54
54
1474
1474
1474
1474
54
54
1474
1474
54
1474
1474
1474
54
1474
1474
1474
1474
1474
1474
1474
1474
1474
1474
1474
1474
1474
54
54
1474
1474
1474
1474
1474
54
1474
1474
54
1474
1474
54
1474
1474
54
1474
54
1474
1474
54
1474
1474
1474
1474
1474
1474
1474
1474
1474
1474
1474
1474
1474
1474
54
1474
1474
54
1474
1474
54
1474
1474
1474
1474
1474
1474
1474
54
1474
1474
1474
1474
1474
1474
54
1474
1474
54
1474
54
1474
1474
1474
54
1474
54
1474
1474
1474
54
1474
1474
1474
1474
54
54
1474
1474
1474
1474
54
54
1474
1474
1474
1474
1474
1474
1474
1474
1474
1474
1474
1474
1474
1474
1474
1474
1474
1474
1474
54
54
1474
1474
1474
1474
1474
1474
1474
1474
54
54
1474
1474
1474
1474
1474
1474
1474
1474
1474
1474
1474
1474
54
1474
1474
54
1474
1474
1474
54
1474
1474
54
1474
1474
54
1474
1474
1474
1474
1474
1474
1474
1474
1474
1474
1474
1474
1474
1474
54
54
1474
1474
54
1474
1474
54
1474
1474
1474
54
54
1474
54
1474
54
1474
1474
1474
54
1474
54
1474
1474
1474
54
1474
54
1474
1474
961
54
1474
1474
54
1474
1474
1474
1474
54
1474
54
1474
1474
1474
1324
54
1474
54
1474
1474
54
1474
1474
54
1474
1474
1474
1474
1474
1474
54
1474
1474
54
1474
1474
54
1474
1474
54
1474
1474
1474
54
1474
1474
54
1474
1474
54
1474
1474
54
1474
54
1474
1474
1474
54
54
1474
54
54
1474
1474
1474
54
1474
1474
1474
54
1474
1474
1474
54
1474
54
1474
1474
1474
1474
54
1474
1474
1474
1474
1474
54
1474
1474
1474
54
1474
1474
1474
54
1474
1474
54
1474
1474
54
1474
1474
1474
54
1474
1474
54
1474
1474
54
1474
1474
1474
54
1474
1474
1401
54
54
1474
1474
54
1474
1474
54
1474
1474
54
1474
1474
54
1474
1474
54
1474
1474
54
1474
1474
54
1474
1474
1474
1474
54
1474
1474
54
1474
1474
54
1474
1474
54
1474
1474
1474
54
1474
54
1474
1474
1474
54
1474
54
1474
1474
1474
54
1474
1474
54
1474
1474
54
1474
1474
1474
1474
54
1474
1474
54
1474
1474
1474
1474
54
1474
1474
1474
54
1474
1474
1474
54
1474
1474
54
1474
1474
54
1474
54
1474
1474
1474
1474
54
1474
1474
1474
54
1474
1474
54
1474
1474
1474
54
1474
1474
1474
1474
54
1474
1474
1474
1474
54
1474
1474
54
1474
1474
1474
54
1474
1474
1474
54
1474
1474
1474
1474
1474
1474
1474
1474
1474
1474
54
1474
1474
1474
1474
54
1474
1474
1474
1474
54
1474
1474
1474
1474
1474
54
1474
54
1474
1474
54
1474
1474
54
1474
1474
1474
1474
1474
54
1474
1474
54
1474
1474
54
1474
1474
54
1474
1474
1474
54
1474
1474
54
1474
1474
1474
54
1474
1474
54
1474
1474
54
1474
1474
54
1474
1474
54
1474
1474
1474
54
1474
1474
1474
1474
54
1474
1474
54
1474
1474
1474
1474
1474
54
1474
1474
1474
54
1474
1474
1474
54
1474
1474
1474
1474
1474
1474
1474
1474
1474
1474
54
1474
54
1474
1474
1474
54
1474
1474
1474
1474
1474
1474
54
1474
1474
1474
54
1474
1474
54
1474
1474
1474
54
1474
1474
54
1474
1474
1474
54
1474
1474
54
1474
1474
1474
54
1474
1474
54
1474
1474
54
1474
1474
1474
54
1474
1474
1474
1474
1474
1474
1474
54
1474
1474
54
1474
1474
54
1474
1474
1474
54
1474
1474
1474
1474
54
1474
1474
54
1474
1474
1474
1474
54
1474
1474
54
1474
1474
1474
1474
1474
1474
1474
1474
1474
1474
1474
1474
1474
54
1474
1474
1474
1474
1474
1474
54
1474
1474
1474
54
1474
1474
1474
54
1474
1474
54
1474
1474
1474
1474
1474
1474
1474
1474
1474
1474
1474
54
1474
1474
54
1474
1474
54
1474
1474
54
1474
1474
1474
1474
54
1474
1474
1474
54
1474
1474
54
1474
54
1474
1474
1474
54
1474
1474
54
1474
1474
1474
54
1474
1474
54
1474
1474
1474
54
1474
1474
1474
1474
54
1474
1474
54
1474
54
1474
1474
1474
54
1474
1474
54
1474
1474
1474
54
1474
1474
54
1474
1474
54
1474
1474
1474
1474
1474
54
1474
1474
54
1474
54
1474
1474
1474
1474
54
1474
1474
54
1474
1474
1474
54
1474
54
1474
1474
1474
54
1474
1474
54
1474
1474
1474
54
1474
1474
54
1474
1474
1474
54
1474
1474
1474
1474
1474
54
1474
1474
54
1474
1474
1474
54
1474
1474
1474
1474
1474
1474
1474
1474
1474
54
1474
1474
1474
1474
1474
1474
1474
54
1474
1474
1474
54
1474
1474
1474
54
1474
1474
54
1474
1474
54
1474
1474
1474
54
1474
1474
54
1474
1474
1474
1474
1474
54
1474
1474
1474
1474
1474
1474
1474
1474
1474
1474
54
1474
1474
54
1474
1474
1474
1474
1474
1474
54
1474
1474
1474
1474
1474
54
1474
1474
1474
1474
54
1474
1474
54
1474
1474
1474
54
1474
54
1474
1474
1474
54
1474
1474
1474
54
1474
1474
1474
54
1474
54
1474
1474
1474
1474
1474
1474
1474
1474
1474
1474
54
1474
1474
1474
1474
1474
1474
1474
1474
54
1474
1474
1474
54
1474
1474
54
1474
54
1474
1474
54
1474
1474
1474
54
1474
1474
54
1474
1474
1474
1474
54
1474
1474
54
1474
1474
54
1474
1474
1474
54
1474
1474
1474
54
1474
1474
1474
1474
54
1474
1474
1474
54
1474
1474
1474
1474
1474
1474
54
1474
1474
54
1474
1474
1474
1474
1474
54
1474
1474
1474
54
1474
1474
54
1474
1474
1474
54
1474
1474
1474
1474
54
1474
1474
54
1474
1474
1474
1474
54
1474
1474
1474
54
1474
1474
54
1474
1474
1474
1474
54
1474
1474
1474
54
1474
1474
54
1474
1474
54
1474
1474
1474
54
1474
1474
1474
1474
54
1474
1474
54
1474
1474
1474
54
1474
1474
1474
54
1474
1474
1474
54
1474
1474
54
1474
54
1474
1474
54
1474
1474
1474
1474
54
1474
1474
54
1474
1474
1474
54
1474
54
1474
1474
1474
54
1474
1474
54
1474
54
1474
1474
1474
1474
1474
1474
1474
54
1474
1474
1474
1474
54
1474
1474
54
1474
1474
54
1474
54
1474
1474
1474
54
1474
1474
1474
54
1474
1474
1474
54
1474
1474
1474
54
1474
1474
54
1474
1474
1474
54
1474
1474
54
1474
1474
1474
54
1474
1474
54
1474
1474
1474
1474
1474
1474
1474
1474
1474
54
1474
54
1474
1474
54
1474
1474
1474
54
1474
1474
1474
1474
1474
1474
54
1474
1474
1474
54
1474
1474
1474
1474
54
1474
1474
1474
1474
1474
54
1474
1474
54
1474
1474
1474
54
1474
1474
1474
1474
1474
54
1474
1474
1474
1474
54
1474
1474
54
1474
1474
1474
1474
54
1474
54
1474
1474
1474
1474
54
1474
1474
1474
1474
54
1474
1474
54
1474
1474
54
1474
1474
1474
54
1474
1474
54
1474
1474
1474
1474
1474
54
1474
1474
1474
1474
1474
1474
1474
1474
54
1474
1474
1474
1474
1474
54
1474
1474
54
1474
1474
1474
54
1474
1474
54
1474
1474
54
1474
1474
1474
1474
1474
1474
54
1474
1474
54
1474
1474
1474
1474
54
1474
1474
1474
54
1474
54
1474
1474
1474
54
1474
1474
1474
54
1474
1474
1474
54
1474
1474
54
1474
1474
1474
54
1474
1474
1474
1474
1474
1474
1474
1474
1474
54
1474
1474
1474
1474
54
1474
1474
54
1474
1474
1474
54
1474
1474
1474
1474
1474
54
1474
1474
54
1474
1474
1474
54
1474
1474
54
1474
1474
54
1474
1474
54
1474
1474
1474
54
1474
1474
54
1474
1474
1474
1474
1474
1474
54
1474
1474
1474
54
1474
1474
1474
54
1474
1474
1474
54
1474
1474
1474
54
1474
1474
54
1474
1474
54
1474
1474
1474
54
1474
1474
1474
1474
54
1474
1474
54
1474
1474
1474
54
1474
1474
54
1474
1474
1474
54
1474
1474
1474
54
1474
1474
1474
54
1474
1474
1474
1474
1474
54
1474
54
1474
1474
1474
1474
54
1474
1474
1474
54
1474
1474
1474
54
1474
1474
1474
54
1474
54
1474
1474
54
1474
1474
1474
1474
54
1474
1474
1474
1474
54
1474
1474
1474
54
1474
1474
1474
54
1474
1474
1474
54
1474
1474
54
1474
1474
1474
54
1474
1474
1474
54
1474
1474
1474
54
1474
1474
1474
1474
54
1474
1474
54
1474
1474
1474
1474
54
1474
1474
1474
1474
54
1474
1474
1474
1474
1474
1474
54
1474
1474
1474
1474
54
1474
1474
1474
1474
1474
1474
1474
54
1474
1474
1474
1474
1474
54
1474
1474
1474
1474
54
1474
1474
54
1474
1474
54
1474
1474
1474
1474
54
1474
1474
54
1474
1474
1474
54
1474
54
1474
1474
1474
54
1474
1474
1474
54
1474
1474
54
1474
1474
54
1474
1474
1474
54
1474
1474
54
1474
1474
1474
54
1474
1474
54
1474
1474
1474
54
1321
1474
1474
1474
1474
1474
1474
54
1474
1474
1474
1474
1474
54
1474
1474
1474
1474
54
1474
1474
54
1474
1474
54
1474
1474
1474
1474
1474
1474
1474
1474
1474
1474
1474
1474
54
1474
1474
1474
1474
54
1474
1474
54
1474
1474
1474
54
1474
1474
1474
1474
1474
54
1474
1474
1474
1474
1474
54
1474
54
1474
1474
1474
54
54
1474
1474
54
1474
1474
54
1474
1474
1474
1474
54
54
1474
1474
1474
54
1474
1474
1474
1474
1474
1474
1474
1474
54
1474
1474
1474
54
54
1474
1474
1474
1474
1474
54
54
1474
1474
54
1474
1474
1474
1474
66
54
1474
66
1474
1474
1474
1474
1474
1474
1474
66
66
66
74
74
74
1474
1474
74
82
1474
1474
1474
1474
1474
90
90
90
82
82
1474
1474
1474
1474
90
90
90
90
1474
90
1474
1474
82
90
1474
1474
1474
90
90
90
1474
1474
90
90
1474
1474
1474
90
90
90
1474
90
1474
1474
1474
1474
90
90
90
90
1474
1474
1474
1474
1474
1474
1474
90
90
90
90
90
90
90
1474
1474
1474
90
90
90
1474
1474
90
90
1474
1474
1474
90
90
90
1474
1474
1474
1474
1474
90
90
90
90
90
1474
1474
1474
90
90
90
1474
1474
90
90
1474
1474
90
90
1474
1474
90
90
1474
1474
1474
90
90
90
1474
1474
90
90
1474
1474
1474
1474
1474
1474
1474
1474
90
90
90
90
90
90
90
90
1474
1474
1474
1474
90
90
90
90
1474
1474
90
90
1474
90
1474
90
1474
90
1474
90
1474
90
1474
90
1474
90
1474
90
1474
90
1474
90
1474
1474
1474
90
90
90
1474
1474
1474
1474
1474
90
90
90
90
90
1474
1474
1474
90
90
90
1474
1474
1474
1474
1474
82
74
90
90
90
1474
90
1474
1474
1474
1474
1474
1474
1474
1474
1474
1474
1474
1474
1474
66
66
66
90
82
74
74
74
66
66
66
66
66
1474
66
1474
1474
1474
1474
1474
1474
66
66
66
66
54
66
1474
1474
66
66
1474
1474
66
1474
1474
54
54
1474
1474
54
1474
1474
1474
1474
54
54
1474
1474
1474
1474
1474
54
54
1474
1474
1474
1474
54
54
1474
1474
1474
54
54
1306
1474
1474
54
1474
1474
54
1474
1474
54
1474
1474
54
1321
1474
1474
1474
54
1474
1474
54
1474
54
1474
1474
1474
54
1474
1474
54
1474
1474
54
1474
1474
54
1474
54
1474
1474
1474
54
1474
54
1474
1474
54
54
1474
1474
54
1474
1474
1474
54
1474
54
1474
1474
1474
54
1474
1474
54
1474
54
1474
1474
54
1474
1474
1474
54
1474
1474
54
1474
1474
54
1377
54
1474
1474
1474
54
1474
54
1474
1474
1474
54
1474
1474
1474
54
1474
1474
54
1474
1474
1474
54
1474
1474
54
1474
54
1324
1474
1474
54
1474
1474
54
1474
1474
54
1474
1474
54
1474
1474
54
1474
1474
54
1474
1474
54
1474
1474
54
1474
1474
1474
54
1474
54
1474
1474
54
1474
1474
1474
54
1474
54
1474
1474
54
1474
1474
54
1474
1474
54
1474
1474
1474
54
1474
1474
54
1474
1474
54
1474
1474
54
1474
1474
1474
1474
1474
1474
54
1474
1474
1474
54
1474
1474
1474
54
1474
1474
1474
1474
1474
1474
1474
54
1474
1474
1474
1474
54
1474
1474
1474
1474
54
1474
1474
54
1474
1474
1474
54
1474
1474
54
1474
1474
54
1474
1474
54
1474
1474
54
1474
1474
1474
54
1474
1474
1474
1474
54
1474
1474
54
1474
1474
1474
54
1474
1474
1474
1474
54
1474
1474
54
1474
54
1474
1474
1474
54
1474
1474
54
1474
1474
1474
1474
54
54
1474
1474
1474
1474
54
54
1474
1474
54
1474
1474
1474
1474
54
54
1474
1474
54
1474
1474
1474
1474
66
54
1474
1474
1474
66
74
1474
1474
1474
74
66
66
1474
1474
1474
1474
1474
66
82
66
66
66
1474
1474
1474
82
66
66
1474
1474
66
74
1474
1474
1474
74
90
90
1474
74
1474
1474
1474
1474
1474
82
90
82
82
82
1474
1474
1474
90
90
82
1474
1474
82
90
1474
90
1474
1474
1474
1474
90
90
90
90
1474
1474
1474
90
90
90
1474
1474
1474
90
90
90
1474
1474
90
90
1474
1474
90
90
1474
1474
90
90
1474
90
1474
1474
90
90
1474
1474
1474
1474
1474
1474
90
90
90
90
90
90
1474
1474
1474
1474
90
90
90
90
1474
1474
1474
90
90
90
1474
1474
90
90
1474
1474
1474
90
90
82
1474
1474
1474
1474
1474
1474
1474
90
82
82
82
82
82
82
1474
90
1474
1474
1474
90
74
66
1474
1474
66
90
1474
1474
90
66
1474
82
1474
82
1474
1474
74
74
1474
54
1474
54
1474
66
1474
66
1474
66
1474
1474
54
1474
66
1474
1474
66
1474
54
1474
66
1474
1474
1474
54
54
1474
1474
1474
54
1474
1474
54
1474
1474
54
1474
1474
1474
54
1474
1474
54
1474
1474
1474
54
1474
1474
1474
1474
54
54
1474
1474
54
1474
1474
1474
54
1474
1474
54
1474
54
1474
1474
54
1474
1474
54
1474
54
1474
1474
1474
54
1474
1474
54
1474
54
1474
1474
1474
1474
54
54
1474
1474
1474
54
1474
1474
54
1474
1474
54
1474
1474
54
1474
1474
1474
1474
54
1474
1474
1474
54
1474
1474
1474
54
54
1474
1474
54
1474
1474
54
1474
1474
54
1474
1474
54
1474
1474
54
1474
1474
1474
54
1474
54
1474
1474
1474
1474
1474
1474
54
54
1474
1474
54
1474
54
1474
1474
1474
54
1474
1474
54
1474
1474
1474
54
1474
1474
54
1474
1474
1474
54
54
1474
1474
1474
1474
54
54
1474
1474
1474
54
54
1474
1474
1474
1474
1474
54
54
1474
1474
1474
54
54
1474
1474
1474
1474
1474
54
54
1474
1474
54
1474
1474
1474
54
54
1474
1474
54
1474
1474
1474
1474
1474
1474
54
54
1474
1474
1474
1474
1474
54
54
1474
1474
1474
54
1474
1474
1474
54
1474
1474
1474
54
1474
1474
1474
54
54
1474
1474
54
1474
1474
54
1474
1474
1474
54
54
1474
1474
1474
1474
1474
1474
1474
1474
54
54
1474
1474
585
54
54
1474
1474
1474
1474
1474
54
1474
1474
1474
54
1474
1474
54
1474
1474
54
1474
1474
54
1474
1474
54
1474
1474
1474
54
1474
1474
54
1474
54
1474
1474
54
1474
1474
54
1474
1474
1474
1474
1474
1474
1474
1474
54
1474
1474
1474
54
1474
54
1474
1474
1474
54
1474
1474
54
1474
1474
1474
54
1474
1474
54
1474
1474
54
1474
1474
54
1474
1474
54
1474
1474
1474
54
1474
54
1474
1474
1474
1474
54
1474
1474
1474
54
1474
1474
54
1474
54
1474
1474
1474
1474
1474
54
1474
1474
54
1474
1474
1474
54
1474
1474
1474
54
1474
54
1474
1474
54
1474
1474
1474
1474
54
1474
1474
1474
54
1474
1474
54
1474
54
1474
1474
54
1474
1474
54
1474
1474
1474
54
1474
1474
1474
54
1474
1474
54
1474
1474
1474
1474
1474
1474
54
1474
1474
1474
1474
1474
1474
54
1474
1474
1474
54
1474
1474
1474
54
1474
1474
54
1474
1474
1474
54
1474
54
1474
1474
54
1474
1474
1474
54
1474
54
1474
1474
1474
54
1474
1474
54
1474
1474
54
1474
1474
54
1474
1474
1474
1474
54
1474
1474
1474
1474
54
1474
1474
54
1474
54
1474
1474
1474
54
1474
1474
54
1474
1474
1474
1474
54
1474
1474
54
1474
1474
1474
1474
54
1474
1474
1474
54
1474
1474
54
1474
1474
1474
1474
54
1474
1474
54
1474
1474
1474
54
1474
54
1474
1474
1474
1474
54
1474
1474
1474
54
1474
1474
54
1474
54
1474
1474
1474
54
1474
1474
1474
54
1474
1474
1474
1474
1474
54
1474
1474
1474
1474
54
1474
1474
1474
1474
1474
54
1474
1474
54
1474
1474
1474
54
1474
1474
54
1474
1474
54
1474
1474
54
1474
1474
54
1474
1474
1474
1474
1474
54
1474
1474
1474
54
1474
1474
54
1474
1474
54
1474
1474
1474
54
1474
1474
54
1474
1474
1474
1474
1474
54
1474
54
1474
1474
1474
1474
1474
54
1474
1474
54
1474
1474
1474
54
1474
1474
1474
1474
1474
54
1474
1474
1474
1474
54
1474
1474
54
1474
1474
1474
54
1474
1474
54
1474
1474
54
1474
1474
54
1474
1474
1474
1474
1474
1474
1474
1474
1474
54
1474
1474
1474
54
1474
1474
1474
54
1474
1474
54
1474
1474
1474
54
1474
1474
1474
1474
1474
54
1474
1474
54
1474
1474
1474
54
1474
1474
1474
1474
1474
1474
54
1474
1474
1474
1474
54
1474
1474
1474
1474
1474
1474
1474
1474
54
1474
1474
54
1474
1474
1474
1474
1474
1474
54
1474
1474
1474
1474
1474
54
1474
1474
54
1474
1474
1474
1474
54
1474
1474
1474
54
289
1474
1474
54
1474
1474
1474
1474
1474
1474
1474
1474
1474
1474
1474
1474
1474
1474
1474
1474
1474
1474
1474
1474
1474
1474
54
1474
1474
1474
1474
1474
1474
1474
1474
54
1474
1474
54
1474
1474
54
1474
1474
1474
54
1474
1474
54
1474
1474
1474
54
1474
1474
54
1474
1474
1474
1474
54
1474
1474
54
1474
1474
1474
1474
54
1474
1474
1474
54
1474
1474
54
1474
1474
54
1474
1474
54
1474
1474
1474
54
1474
1474
1474
1474
1474
1474
1474
1474
1474
1474
1474
1474
1474
1474
54
1474
1474
1474
1474
1474
54
1474
1474
1474
54
1474
1474
54
1474
1474
1474
1474
1474
1474
54
1474
1474
54
1474
1474
54
1474
1474
1474
1474
1474
54
1474
1474
54
1474
1474
54
1474
1474
54
1474
1474
1474
1474
54
1474
1474
1474
1474
1474
1474
96
54
1474
1474
1474
54
1474
1474
1474
1464
54
54
431
1474
1474
54
1474
1474
1464
1464
818
54
54
1474
1474
1474
1474
54
1474
54
1474
1474
54
1474
1474
1474
1474
54
1474
1474
1474
1474
1474
54
1474
1474
54
1474
1474
1474
1474
54
1474
1474
54
1474
1474
54
1474
54
1474
1474
1474
1474
1474
1474
1474
1474
1474
54
1474
1474
1474
1474
1474
1474
54
1474
1474
54
1474
1474
1474
54
1474
1474
54
1474
1474
1474
54
1474
1474
1474
1474
54
1474
1474
1474
54
1474
1474
1474
54
1474
1474
54
1474
1474
1474
1474
1474
54
1474
1474
1474
1474
1474
1474
54
1474
1474
1474
54
1474
1474
1474
1474
1474
1474
54
1474
1474
1474
54
1474
1474
1474
1474
1474
54
1474
1474
1474
54
1474
1474
1474
54
1474
1474
1474
1474
54
1474
1474
1474
1474
1474
1474
1474
54
1474
1474
1474
1474
54
1474
1474
1474
54
1474
1474
1474
54
1474
1474
54
1474
1474
1474
54
1474
1474
54
1474
1474
54
1474
54
1474
1474
54
1474
1474
54
1474
1474
1474
54
1474
1474
54
1474
54
1474
1474
54
1474
1474
54
1474
1474
1474
54
1474
1474
54
1474
54
1474
1474
54
1474
1474
1474
54
1474
1474
54
1474
1474
54
1474
54
1474
1474
54
1474
1474
1474
54
1474
1474
54
1474
54
1474
1474
1474
54
1474
1474
54
1474
1474
54
1474
1474
54
1474
1474
1474
54
1474
1474
1474
1474
54
1474
1474
1474
1474
54
1474
1474
1474
54
1474
1474
54
1474
1474
1474
54
1474
1474
1474
54
1474
1474
54
1474
54
1474
1474
1474
54
1474
1474
54
1474
1474
1474
54
1474
1474
1474
54
1474
1474
1474
54
1474
1474
1474
1474
54
1474
1474
1474
1474
54
1474
1474
54
1474
1474
1474
54
1474
1474
54
1474
1474
1474
1474
1474
54
1474
1474
54
1474
1474
1474
54
1474
1474
54
1474
1474
1474
54
1474
1474
1474
1474
1474
1474
54
1474
1474
54
1474
1474
1474
54
1474
1474
1474
54
1474
1474
1474
1474
1474
1474
54
1474
1474
54
1474
1474
54
1474
1474
1474
1474
1474
1474
1474
1474
54
1474
1474
1474
1474
54
1474
1474
1474
54
1474
1474
54
1474
1474
1474
54
1474
1474
1474
1474
1474
1474
54
1474
1474
1474
1474
54
1474
1474
1474
54
1474
1474
1474
54
1474
1474
54
1474
1474
1474
54
1474
1474
54
1474
1474
1474
1474
54
1474
1474
54
1474
1474
54
1474
1474
1474
1474
1474
54
1474
1474
1474
1474
1474
54
1474
1474
54
1474
1474
1474
54
1474
1474
1474
1474
54
1474
1474
54
1474
1474
1474
1474
1474
1474
1474
1474
1474
54
1474
1474
1474
1474
54
1474
54
1474
1474
1474
1474
1474
1474
1474
54
1474
1474
1474
54
1474
1474
54
1474
1474
54
1474
1474
1474
54
1474
1474
54
1474
54
1474
1474
54
1474
1474
54
1474
1474
1474
54
1474
1474
54
1474
1474
54
1474
1120
54
300
96
178
54
1464
1464
54
1464
1464
1464
54
1464
1152
54
1464
1464
54
1464
1464
1464
1464
1464
54
1464
1464
54
1464
1464
1024
1464
1094
1464
54
1372
54
289
96
177
54
1464
1464
1464
54
1057
54
607
66
54
66
54
571
128
92
100
54
100
54
214
54
270
107
104
96
596
301
110
92
96
96
178
1464
1464
1464
54
1464
54
1464
1464
1152
54
1464
1464
54
1464
54
1464
1464
1464
54
1464
1464
1464
54
1464
1464
1024
1464
54
1464
1166
54
92
54
54
54
612
1059
446
134
100
54
100
54
54
54
54
130
92
100
54
100
54
289
96
177
54
1464
1464
54
1464
1015
54
300
1324
96
1474
1474
54
1474
1474
1474
54
1474
1474
1474
1474
1474
54
1474
1474
1474
1474
54
1474
1474
1474
1474
54
1474
1474
54
1474
1474
54
1474
1474
1474
1474
1474
54
1474
1474
1474
54
1474
1474
1474
54
1474
1474
54
1474
54
1474
1474
54
1474
1474
1474
1474
1474
1474
1474
1474
1474
54
1474
1474
1474
54
1474
1474
1474
54
1474
1474
1474
1474
178
54
54
1474
1474
54
1474
1474
1474
54
1474
1474
54
1464
1464
1464
1464
1464
54
1464
1152
1464
54
1464
1464
54
1464
1464
1464
54
1464
1464
54
1464
1464
54
1464
1024
54
1464
228
54
1474
1474
54
1474
1474
1474
54
1474
1474
1474
54
1474
1474
54
1474
1474
54
1474
1474
1474
1474
1474
1474
1474
1474
1474
1474
1474
1474
1474
1474
1474
1474
1474
1474
1474
1474
1474
1474
1474
1474
1474
1474
1474
1474
54
1474
1474
54
1474
1474
54
1474
1474
1474
1474
1474
1474
1474
1474
1474
1474
1474
54
1474
1474
54
1474
54
1474
1474
54
1474
1474
1474
54
1474
54
1474
1474
54
1474
1474
54
1474
1474
54
1474
1474
1474
1474
54
1474
1474
54
1474
1474
54
1474
1474
1474
1474
1474
1474
1474
1474
1474
1474
1474
54
1474
1474
1474
1474
54
1474
1474
1474
1474
54
1474
54
1474
1474
54
1474
1474
54
1474
1474
54
1474
1474
54
1474
1474
54
1474
1474
1474
1474
1474
1474
54
1474
1474
1474
54
1474
1474
54
1474
1474
1474
54
1474
1474
1474
54
1474
1474
54
1474
1474
54
1474
54
1474
1474
1474
54
1474
1474
54
1474
54
1474
1474
1474
1474
1474
54
1474
1474
54
1474
1474
1474
1474
1474
1474
1474
1474
1474
1474
54
1474
1474
1474
1474
1474
1474
1474
1474
1474
1474
1474
1474
1474
1474
1474
1474
1474
1474
54
1474
1474
1474
1474
1474
1474
1474
54
1474
1474
1474
54
1474
54
1474
1474
54
1474
1474
1474
54
1474
1474
54
1474
1474
1474
54
1474
1474
1474
54
1474
1474
1474
1474
1474
1474
1474
1474
1474
1474
1474
1474
54
1474
1474
1474
54
1474
1474
54
1474
1474
1474
1474
1474
1474
1474
1474
1474
1474
1474
54
1474
1474
1474
1474
1474
54
1474
1474
1474
54
1474
1474
54
1474
1474
1474
54
1474
1474
1474
1474
1474
1474
54
1474
1474
1474
1474
1474
1474
54
1474
1474
1474
54
1474
1474
1474
1474
1474
1474
1474
1474
1474
1474
1474
1474
1474
1474
1474
1474
1474
54
1474
1474
54
1474
1474
1474
54
1474
1474
54
1474
54
1474
1474
1474
1474
1474
1474
1474
1474
54
1474
1474
54
1474
1474
1474
54
1474
54
1474
1474
1474
1474
54
1474
1474
54
1474
1474
54
1474
1474
54
1474
1474
54
1474
1474
1474
54
1474
54
1474
1474
1474
1474
54
1474
1474
54
1474
1474
1474
1474
1474
1474
1474
1474
1474
1474
1474
1474
1474
54
1474
1474
1474
1474
1474
54
1474
1474
1474
1474
1474
54
1474
1474
1474
54
1474
1474
54
1474
1474
1474
1474
1474
54
1474
1474
1474
54
1474
1474
54
1474
1474
1474
54
1474
1474
54
1474
1474
1474
1474
1474
54
1474
1474
1474
54
1474
1474
54
1474
1474
1474
54
1474
1474
54
1474
1474
1474
1474
1474
1474
1474
1474
1474
54
1474
1474
1474
1474
1474
54
1474
1474
1474
1474
54
1474
1474
1474
1474
1474
1474
1474
1474
1474
1474
1474
54
1474
1474
1474
1474
1474
54
1474
1474
1474
1474
1474
54
1474
1474
1474
54
1474
1474
54
1474
1474
54
1474
1474
1474
1474
1474
1474
1474
1474
1474
1474
54
1474
1474
1474
54
1474
1474
1474
54
1474
1474
1474
1474
1474
1474
54
1474
1474
1474
54
1474
1474
1474
1474
1474
54
1474
1474
1474
1474
1474
1474
54
1474
1474
1474
54
1474
1474
1474
54
1474
1474
1474
1474
1474
1474
1474
1474
1474
54
1474
1474
1474
1474
54
1474
1474
54
1474
1474
1474
54
1474
1474
54
1474
1474
1474
1474
54
1474
1474
1474
1474
1474
1474
1474
1474
54
1474
1474
1474
54
1474
1474
1474
1474
1474
1474
54
1474
54
1474
1474
54
1474
1474
1474
54
1474
54
1474
1474
54
1474
1474
54
1474
1474
54
1474
1474
54
1474
1474
1474
54
1474
1474
54
1474
1474
54
1474
1474
54
1474
54
1474
1474
1474
54
1474
1474
1474
1474
54
1474
54
1474
1474
1474
1474
1474
54
1474
1474
1474
1474
1474
1474
54
1474
1474
1474
54
1474
1474
1474
1474
1474
1474
54
1474
1474
54
1474
1474
1474
54
1474
1474
1474
1474
54
1474
1474
54
1474
1474
1474
1474
54
1474
1474
54
1474
1474
1474
1474
1474
54
1474
1474
1474
54
1474
1474
1474
1474
54
1474
1474
54
1474
1474
1474
1474
54
1474
1474
54
1474
1474
1474
54
1474
1474
1474
1474
1474
54
1474
1474
54
1474
1474
54
1474
1474
1474
54
1474
1474
1474
1474
1474
1474
1474
1474
1474
1474
1474
1474
1474
1474
1474
1474
1474
1474
1474
1474
54
1474
1474
1474
1474
1474
1474
1474
54
1474
1474
1474
1474
1474
54
1474
1474
1474
54
1474
1474
1474
1474
54
1474
1474
54
1474
1474
1474
1474
1474
54
1474
1474
54
1474
1474
54
1474
1474
54
1474
1474
1474
54
1474
1474
1474
1474
54
1474
1474
1474
1474
1474
1474
1474
1474
1474
54
1474
1474
1474
54
1474
1474
1474
54
1474
1474
54
1474
1474
1474
1474
54
1474
1474
1474
54
1474
1474
1474
1474
1474
1474
1474
1474
54
1474
1474
1474
1474
1474
1474
1474
54
1474
1474
54
1474
1474
54
1474
1474
1474
54
1474
1474
54
1474
1474
1474
54
1474
1474
1474
54
1474
1474
54
1474
1474
1474
54
1474
1474
54
1474
1474
1474
54
1474
1474
54
1474
1474
1474
54
1474
1474
54
1474
1474
1474
54
1474
1474
54
1474
1474
1474
1474
54
1474
1474
1474
54
1474
1474
54
1474
1474
54
1474
1474
1474
54
1474
54
1474
1474
1474
54
1474
1474
54
1474
1474
1474
54
1474
1474
1474
54
1474
1474
1474
54
1474
1474
54
1474
1474
1474
1474
54
1474
1474
1474
1474
54
1474
1474
54
1474
1474
54
1474
1474
54
1474
1474
1474
1474
54
1474
1474
1474
1474
54
1474
1474
1474
1474
54
1474
1474
1474
1474
54
1474
1474
1474
1474
1474
1474
1474
54
1474
1474
1474
1474
1474
1474
1474
1474
54
1474
1474
1474
54
1474
1474
54
1474
1474
54
1474
1474
1474
54
1474
1474
54
1474
54
1474
1474
1474
1474
1474
54
1474
1474
1474
1474
54
1474
1474
1474
54
1474
1474
54
1474
1474
1474
54
1474
1474
1474
54
1474
1474
54
1474
1474
1474
54
1474
1474
1474
54
1474
1474
54
1474
1474
1474
54
1474
1474
54
1474
1474
1474
54
1474
1474
1474
1474
1474
54
1474
1474
1474
1474
1474
54
1474
1474
1474
1474
54
1474
1474
54
1474
1474
1474
54
1474
1474
54
1474
54
1474
1474
1474
1474
54
1474
1474
1474
54
1474
1474
54
1474
1474
1474
1474
1474
1474
1474
1474
54
1474
1474
1474
1474
1474
54
1474
1474
54
1474
1474
54
1474
1474
1474
54
1474
54
1474
1474
1474
1474
54
1474
1474
1474
54
1474
1474
1474
1474
1474
1474
1474
54
1474
1474
1474
1474
54
1474
1474
1474
54
1474
1474
1474
1474
54
1474
1474
54
1474
54
1474
1474
1474
1474
54
1474
1474
1474
54
1474
1474
1474
54
1474
1474
1474
1474
54
1474
1474
1474
1474
1474
1474
54
1322
1474
1474
54
1474
1474
1474
1474
1474
1474
1474
1474
1474
1474
1474
1474
54
1474
1474
1474
1474
1474
54
1474
1474
1474
1474
1474
1474
54
1474
1474
1474
1474
54
1474
1474
1474
54
1474
1474
1474
1474
1474
1474
1474
1474
1474
1474
54
1474
1474
1474
1474
54
1474
1474
1474
1474
54
54
1474
1474
54
1474
1474
1474
54
1474
1474
1474
54
54
1474
1474
54
1474
1474
1474
1474
1474
1474
54
1474
1474
1474
1474
54
54
1474
1474
1474
54
1474
1474
1474
1474
1474
1474
54
54
1474
1474
1474
1474
54
54
1474
1474
54
1474
1474
54
1474
1474
1474
54
54
1474
1474
1474
1474
1474
54
1474
1474
1474
1474
1474
1474
1474
1474
1474
54
54
1474
1474
1474
1474
54
1474
1474
1474
54
54
1474
1474
1474
54
1474
1474
1474
54
1474
1474
1474
54
1474
1474
1474
1474
1474
1474
1474
1474
66
54
1474
1474
1474
1474
1474
1474
1474
1474
1474
1474
1474
1474
1474
1474
1474
1474
1474
66
66
66
66
74
74
82
82
90
90
54
1474
1474
1474
1474
1474
1474
90
66
90
90
90
66
1474
1474
1474
1474
90
90
74
74
1474
1474
1474
90
90
90
1474
1474
74
74
1474
1474
1474
90
90
74
1474
1474
74
90
1474
1474
1474
1474
1474
1474
1474
1474
1474
90
90
90
90
90
74
74
90
90
1474
1474
1474
1474
90
90
74
74
1474
1474
1474
1474
1474
90
90
74
90
90
1474
1474
1474
1474
1474
90
90
90
90
90
1474
1474
1474
1474
1474
90
74
74
90
90
1474
1474
1474
90
90
90
1474
90
1474
1474
1474
1474
1474
1474
90
90
90
90
90
74
1474
1474
1474
74
82
74
1474
1474
1474
1474
1474
74
82
74
74
74
1474
1474
1474
74
82
74
1474
1474
1474
1474
1474
1474
82
66
54
82
82
1474
82
1474
54
1474
1474
82
74
1474
74
1474
74
1474
1474
74
1474
1474
1474
74
66
54
1474
1474
66
1474
1474
66
54
1474
1474
54
1474
1474
54
1474
1474
1474
1474
1474
1474
1474
1474
54
54
1474
1474
54
1474
1474
54
1474
54
1474
1474
1474
1474
54
1474
1474
1474
54
1474
54
1474
1474
1474
54
1474
1474
1474
54
54
1474
1474
54
1474
1474
54
1474
1474
1474
1474
54
54
1474
1474
1474
54
1474
1474
54
1474
1474
1474
1474
54
54
1474
1474
1474
54
1474
1474
54
1474
54
1474
1474
54
1474
1474
54
1474
1474
54
1474
1474
54
1474
1474
1474
54
1474
1474
54
1474
54
1474
54
1474
1474
1474
1474
54
1474
1474
54
54
1474
1474
54
1474
1474
54
1474
1474
1474
1474
54
54
1474
1474
54
1474
1474
1474
1474
1474
1474
54
54
1474
1474
1474
1474
1474
1474
1474
54
1474
1474
54
1474
1474
54
1474
1474
54
1474
1474
1474
54
54
1474
1474
54
1474
1474
1474
1474
1474
1474
1474
54
54
1474
1474
1474
1474
1474
1474
1474
407
1474
1474
54
54
1474
1474
1474
1474
54
1474
1474
54
1474
1474
54
1474
1474
54
1474
1474
1474
54
1474
54
1474
1474
54
1474
1474
54
1474
1474
54
1474
1474
54
1474
1474
54
1474
1474
54
1474
1474
54
1474
1474
54
1474
1474
54
1474
1474
54
1474
1474
54
1474
1474
54
1474
1474
54
1474
1474
54
1474
1474
1474
1474
1474
1474
1474
1474
54
1474
1474
54
1474
1474
1474
54
1474
54
1474
1474
54
1474
1474
54
1474
1474
54
1474
1474
54
1474
1474
54
1474
1474
54
1474
1474
54
1474
1474
54
1474
1474
54
1474
1474
1474
1474
1474
1474
54
1474
1474
1474
54
1474
1474
1474
1474
54
1474
54
1474
1474
54
1474
1474
54
1474
1474
54
1474
1474
54
1474
1474
54
1474
1474
54
1474
1474
1474
54
1474
54
1474
1474
54
1474
1474
54
1474
1474
1474
54
1474
54
1474
1474
54
1474
1474
54
1474
1474
1474
54
1474
1474
54
1474
1474
54
1474
1474
54
1474
54
1474
1474
545
54
289
96
177
1464
1464
54
1464
1106
54
300
96
178
54
1464
1464
54
1464
1464
90
1464
1464
54
1464
54
1464
1464
1464
1152
54
1464
1464
1464
54
1464
1464
1464
54
1464
1464
1464
54
1464
1464
1024
1464
1464
54
1464
1464
54
1464
1464
54
1464
1464
1046
54
533
520
54
128
92
100
54
100
105
92
100
54
100
1324
1474
1474
54
1474
1474
1474
54
1474
54
1474
1474
1474
1474
1474
54
1474
1474
1474
1474
54
1474
1474
1474
54
1474
1474
54
1474
1474
54
1474
1474
54
1474
1474
54
1474
1474
54
1474
1474
54
1474
1474
54
1474
1474
54
1474
1474
54
1474
1474
54
1474
1474
1474
54
1474
1474
54
1474
1474
1474
54
1474
1474
1474
54
1474
1474
1474
54
1474
1474
54
1474
1474
54
1474
1474
1474
54
1474
1474
1474
54
1474
1474
54
1474
1474
54
1474
1474
54
1474
1474
1474
54
1474
1474
54
1474
1474
54
1474
54
1474
1474
1474
1474
1474
1474
54
1474
1474
54
1474
1474
1474
1474
54
1474
1474
54
1474
1474
1474
1474
54
1474
1474
54
1474
1474
54
1474
1474
1474
54
1474
1474
1474
54
1474
1474
54
1474
1474
1474
1474
1474
1474
54
1474
1474
1474
1474
1474
1474
54
1474
54
1474
54
1474
1474
54
1474
1474
54
1474
1474
54
1474
1474
54
1474
1474
54
1474
1474
1474
1474
1474
1474
1474
54
1474
1474
54
1474
1474
54
1474
1474
1474
54
1474
1474
54
1474
1474
1474
54
1474
54
1474
1474
54
1474
1474
54
1474
1474
54
1474
1474
54
1474
1474
1474
54
1474
54
1474
1474
1474
54
1474
1474
54
1474
1474
54
1474
1474
54
1474
1474
54
1474
54
1474
1474
1474
54
1474
1474
1474
54
1474
1474
1474
54
1474
1474
54
1474
1474
54
1474
1474
1474
54
1474
1474
1474
1474
54
1474
1474
1474
1474
1474
54
1474
1474
1474
54
1474
1474
54
1474
1474
1474
54
1474
54
1474
1474
1474
1474
54
1474
1474
1474
54
1474
54
1474
1474
54
1474
1474
54
1474
1474
1474
54
1474
54
1474
1474
1474
1474
54
1474
1474
54
1474
1474
54
1474
1474
1474
54
1474
54
1474
1474
1474
1474
54
1474
1474
1474
54
1474
1474
54
1474
1474
1474
54
1474
1474
54
1474
54
1474
1474
1474
54
1474
1474
1474
1474
54
1474
1474
54
1474
1474
54
1474
1474
54
1474
1474
1474
54
1474
54
1474
1474
1474
54
1474
1474
1474
54
1474
1474
54
1474
1474
1474
1474
1474
54
1474
1474
54
1474
1474
1474
54
1474
1474
54
1474
1474
54
1474
1474
1474
54
1474
1474
54
1474
54
1474
1474
1474
1474
1474
1474
1474
54
1474
1474
54
1474
54
1474
1474
1474
1474
54
1474
1474
1474
54
1474
54
1474
1474
54
1474
1474
1474
54
1474
1474
1474
1474
1474
1474
1474
54
1474
1474
1474
1474
54
1474
1474
54
1474
1474
1474
1474
54
1474
1474
1474
1474
54
1474
1474
54
1474
1474
1474
1474
1474
54
1474
1474
1474
1474
1474
1474
1474
54
1474
1474
1474
54
1474
54
1474
1474
54
1474
1474
1474
1474
1474
1474
1474
1474
54
1474
1474
1474
1474
54
1474
1474
1474
54
1474
1474
1474
1474
1474
1474
1474
1474
54
1474
1474
1474
1474
54
1474
1474
1474
54
1474
1474
54
1474
1474
1474
1474
54
1474
1474
54
1474
1474
1474
1474
54
1474
1474
54
1474
1474
54
1474
1474
1474
54
1474
54
1474
1474
1474
1474
1474
54
1474
54
1474
1474
1474
54
1474
1474
54
1474
1474
1474
54
1474
1474
54
1474
1474
54
1474
1474
54
1474
1474
1474
1474
1474
1474
54
1474
1474
54
1474
1474
54
1474
1474
1474
1474
1474
1474
54
1474
1474
54
1474
1474
1474
54
1474
54
1474
1474
1474
1474
54
1474
1474
54
1474
1474
1474
54
1474
1474
1474
54
1474
1474
54
1474
1474
1474
1474
54
1474
1474
1474
1474
54
1474
1474
1474
1474
1474
1474
1474
54
1474
1474
1474
1474
54
1474
1474
1474
54
1474
1474
54
1474
1474
1474
54
1474
54
1474
1474
54
1474
1474
54
1474
1474
54
1474
1474
1474
1474
54
1474
1474
1474
1474
54
1474
1474
54
1474
1474
54
1474
1474
54
1474
1474
1474
54
1474
54
1474
1474
54
1474
1474
1474
1474
1474
1474
54
1474
1474
1474
54
1474
1474
1474
54
1474
1474
1474
54
1474
1474
54
1474
54
1474
1474
1474
54
1474
1474
1474
54
1474
1474
1474
54
1474
1474
54
1474
54
1474
1474
54
1474
1474
54
1474
1474
54
1474
1474
1474
54
1474
54
1474
1474
54
1474
1474
1474
1474
1474
1474
1474
1474
1474
1474
1474
54
1474
1474
1474
1474
1474
54
1474
1474
1474
54
1474
1474
1474
1474
54
1474
1474
1474
1474
1474
54
1474
1474
1474
54
1474
54
1474
1474
54
1474
1474
1474
54
1474
1474
1474
54
1474
1474
54
1474
1474
1474
1474
1474
1474
1474
1474
1474
54
1474
54
1474
1474
1474
54
1474
1474
1474
1474
1474
1474
54
1474
1474
1474
1474
1474
1474
54
1474
1474
1474
1474
54
1474
1474
54
1474
1474
1474
1474
1474
1474
1474
1474
1474
54
1474
1474
1474
1474
54
1474
1474
54
1474
1474
1474
1474
1474
54
1474
1474
1474
54
1474
1474
1474
54
1474
54
1474
1474
1474
54
1474
54
1474
1474
54
1474
1474
1474
1474
1474
54
1474
1474
54
1474
1474
1474
54
1474
1474
54
1474
1474
1474
54
1474
54
1474
1474
54
1474
1474
1474
1474
1474
1474
1474
1474
54
1474
1474
1474
1474
54
1474
1474
1474
1474
54
1474
1474
54
1474
1474
1474
54
1474
1474
1474
54
1474
1474
54
1474
1474
1474
54
1474
1474
54
1474
1474
54
1474
54
1474
1474
1474
1474
54
1474
1474
54
1474
1474
54
1474
1474
54
1474
1474
1474
1474
54
1474
1474
54
1474
1474
1474
54
1474
54
1474
1474
1474
54
1474
1474
54
1474
1474
54
1474
1474
1474
54
1474
1474
1474
54
1474
1474
54
1474
54
1474
1474
54
1474
1474
54
1474
1474
1474
54
1474
54
1474
1474
54
1474
1474
54
1474
1474
54
1474
1474
54
1474
1474
54
1474
1474
1474
54
1474
1474
54
1474
1474
54
1474
1474
54
1474
1474
54
1474
1474
1474
54
1474
1474
1474
1474
1474
54
1474
1474
54
1474
1474
1474
54
1474
1474
54
1474
1474
1474
54
1474
1474
54
1474
1474
54
1474
54
1474
1474
54
1474
1474
1474
54
1474
1474
1474
54
1474
1474
54
1474
1474
54
1474
1474
1474
54
1474
1474
54
1474
54
1474
1474
1474
1474
1474
54
1474
1474
1474
54
1474
1474
1474
1474
54
289
1474
1474
54
1474
1474
1474
1474
1474
1474
1474
1474
54
1474
1474
1474
54
1474
1474
1474
54
1474
1474
54
1474
1474
1474
54
1474
1474
54
1474
1474
54
1474
1474
1474
1474
1474
54
1474
1474
54
1474
1474
1474
54
1474
54
1474
1474
1474
54
1474
1474
1474
54
1474
1474
1474
54
1474
1474
1474
54
1474
1474
54
1474
1474
1474
54
1474
1474
1474
54
1474
1474
1474
54
1474
54
1474
1474
54
1474
1474
1474
1474
1474
1474
1474
1474
54
1474
1474
1474
1474
54
1474
1474
54
1474
1474
1474
54
1474
1474
1474
1474
1474
54
1474
1474
1474
1474
54
1474
1474
54
1474
1474
1474
54
1474
54
1474
1474
54
1474
1474
1474
54
1474
54
1474
1474
1474
1474
54
1474
1474
54
1474
1474
54
1474
1474
54
1474
1474
1474
1474
54
1474
1474
54
1474
1474
54
1474
1474
1474
1474
1474
1474
1474
1474
1474
1474
1474
1474
1474
54
1474
1474
1474
1474
1474
54
1474
1474
1474
54
1474
1474
1474
54
1474
1474
1474
1474
54
1474
1474
1474
1474
54
1474
96
1464
54
1464
1464
1170
54
1474
54
1474
1474
54
1474
1474
1474
54
1474
54
1474
1474
54
1474
1474
54
1474
1474
54
1474
1474
54
1474
1474
1474
54
1474
54
1474
1474
1474
1474
1474
54
1474
1474
1474
1474
1474
54
1474
1474
1474
54
1474
1474
54
1474
1474
1474
54
1474
1474
1474
1474
1474
54
1474
54
1474
1474
54
1474
1474
1474
54
1474
1474
54
1474
54
1474
1474
1474
1474
1474
54
1474
1474
54
1474
1474
1474
54
1474
1474
54
1474
1474
1474
54
1474
1474
54
1474
1474
1474
54
1474
1474
54
1474
1474
1474
1474
54
1474
1474
1474
54
1474
1474
1474
54
1474
1474
54
1474
1474
54
1474
1474
1474
1474
1474
54
1474
1474
54
1474
1474
1474
54
1474
1474
1474
1474
1474
1474
1474
1474
1474
54
1474
1474
1474
1474
1474
54
1474
1474
54
1474
1474
1474
54
1474
1474
1474
54
1474
1474
1474
1474
54
1474
1474
1474
54
1474
1474
54
1474
54
1474
1474
1474
54
1474
1474
54
1474
1474
54
1474
1474
54
1474
54
1474
1474
1474
54
1474
1474
54
1474
1474
1474
54
1474
1474
54
1474
1474
1474
1474
1474
54
1474
1474
1474
54
1474
1474
1474
1474
54
1474
1474
54
1474
1474
1474
1474
1474
54
1474
1474
1474
54
1474
1474
1474
1474
1474
1474
1474
1474
1474
1474
1474
1474
54
1474
1474
1474
1474
1474
54
1474
1474
1474
1474
54
1474
1474
1474
54
1474
1474
54
1474
1474
54
1474
1474
54
1474
1474
54
1474
1474
1474
54
1474
1474
54
1474
1474
54
1474
1474
1474
1474
1474
1474
54
1474
1474
1474
1474
54
1474
1474
1398
54
100
54
85
54
54
54
300
96
178
54
1464
1464
54
1464
1464
54
1464
1464
54
1152
1464
54
1464
1464
1464
1464
1464
54
1464
1051
54
289
96
1464
54
1464
1464
1218
54
301
191
1464
1464
54
1464
1464
54
1464
265
1464
1464
54
1464
1464
1464
54
1464
1152
54
1464
1464
1464
54
1464
54
1464
1464
1464
54
1464
1464
1464
1464
54
630
54
66
66
54
571
54
214
270
107
104
96
899
803
110
92
96
54
92
54
54
390
504
54
100
100
290
54
1325
96
1464
1464
1464
1181
54
1474
1474
1474
1474
1474
1474
54
1474
1474
1474
1474
1474
1474
54
1474
1474
1474
54
1474
1474
1474
54
1474
1474
54
1474
1474
54
1474
1474
1474
54
1474
1474
54
1474
1474
1474
54
1474
1474
1474
54
1474
1474
1474
1474
1474
54
1474
1474
1474
1474
1474
1474
54
1474
1474
1474
1474
1474
1474
1474
54
1474
1474
1474
1474
1474
1474
1474
54
1474
1474
1474
1474
1474
54
1474
1474
1474
1474
54
1474
1474
54
1474
1474
1474
1474
1474
54
1474
1474
1474
1474
54
1474
1474
1474
1474
1474
54
1474
1474
1474
1474
54
1474
1474
54
1474
1474
1474
54
1474
1474
1474
1474
1474
1474
54
1474
1474
1474
1474
1474
1474
54
1474
1474
1474
1474
1474
1474
1474
1474
54
1474
1474
1474
1474
54
1474
1474
54
1474
1474
1474
1474
54
1474
1474
54
1474
1474
1474
54
1474
1474
54
1474
1474
1474
1474
1474
1474
1474
1474
1474
54
1474
1474
1474
54
1474
1474
1474
1474
1474
1474
1474
1474
1474
1474
1474
54
1474
1474
1474
1474
54
1474
1474
1474
54
1474
1474
1474
54
1474
1474
1474
1474
54
1474
1474
54
1474
1474
1474
1474
54
1474
1474
54
1474
1474
1474
54
1474
1474
54
1474
1474
1474
54
1474
1474
54
1474
1474
1474
54
1474
1474
54
1474
1474
1474
54
1474
1474
54
1474
1474
1474
54
1474
1474
1474
54
1474
1474
1474
54
1474
1474
54
1474
1474
1474
1474
1474
1474
1474
1474
1474
1474
1474
1474
1474
1474
54
1474
1474
1474
1474
1474
1474
54
1474
1474
1474
54
1474
1474
1474
1474
54
1474
1474
54
1474
1474
1474
1474
54
1474
1474
54
1474
1474
1474
1474
54
1474
1474
54
1474
1474
1474
1474
54
1474
1474
54
1474
1474
1474
1474
54
1474
1474
54
1474
1474
54
1474
1474
54
1474
1474
54
1474
1474
1474
1474
54
1474
1474
1474
54
1474
54
1474
1474
1474
1474
54
1474
1474
54
1474
1474
54
1474
1474
54
1474
1474
1474
54
1474
1474
1474
54
1474
1474
1474
54
1474
1474
54
1474
1474
1474
54
1474
1474
1474
54
1474
1474
1474
54
1474
1474
1474
54
1474
1474
1474
1474
54
1474
1474
1474
1474
54
1474
1474
1474
1474
54
1474
1474
1474
1474
54
1474
1474
54
1474
1474
100
85
1474
54
54
54
1474
1474
54
1474
1474
1474
54
1474
1474
54
1474
54
1474
1474
1474
54
1474
1474
54
1474
1474
1474
1474
54
1474
1474
1474
1474
54
1474
1474
1474
1474
54
1474
1474
54
1474
1474
1474
1474
1474
1474
54
1474
1474
1474
1474
1474
54
1474
1474
1474
1474
1474
54
54
1474
1474
1474
1474
54
1474
1474
1474
54
1474
1474
54
1474
1474
1474
1474
1474
1474
1474
1474
54
1474
1474
1474
1474
54
1474
1474
1474
1474
54
1474
1474
1474
54
1474
1474
1474
54
1474
1474
1474
54
1474
1474
54
1474
1474
1474
54
1474
1474
1474
54
1474
1474
1474
1474
1474
1474
54
1474
1474
1474
54
1474
1474
1474
1474
54
1474
1474
54
1474
1474
1474
1474
1474
54
1474
1474
1474
54
1474
1474
1474
1474
54
1474
1474
1474
54
1474
1474
1474
54
1474
1474
1474
1474
1474
54
1474
1474
54
1474
1474
1474
54
1474
1474
1474
1474
1474
1474
1474
1474
1474
54
1474
1474
1474
1474
1474
54
1474
1474
54
1474
1474
54
1474
1474
54
1474
1474
54
1474
1474
1474
1474
54
1474
1474
1474
1474
54
1474
1474
54
1474
1474
1474
1474
54
1474
1474
54
1474
1474
1474
54
1474
1474
1474
1474
54
1474
1474
1474
54
1474
1474
54
1474
1474
54
1474
1474
1474
54
1474
1474
1474
54
1474
1474
1474
1474
54
1474
1474
1474
54
1474
1474
54
1474
1474
1474
54
1474
1474
54
1474
1474
1474
54
1474
1474
1474
54
1474
1474
1474
1474
54
1474
1474
1474
1474
54
1474
1474
54
1474
1474
1474
54
1474
1474
54
1474
1474
1474
54
1474
1474
54
1474
1474
1474
54
1474
54
1474
1474
54
1474
1474
1474
54
1474
1474
1474
54
1474
1474
54
1474
1474
1474
54
1474
1474
1474
1474
54
1474
1474
1474
54
1474
1474
1474
54
1474
1474
54
1474
1474
1474
54
1474
1474
1474
54
1474
1474
1474
54
1474
1474
1474
54
1474
1474
54
1474
1474
1474
54
1474
1474
54
1474
1474
1474
54
1474
1474
54
1474
1474
1474
54
1474
1474
54
1474
1474
1474
54
1474
1474
54
1474
1474
54
1474
1474
54
1474
1474
1474
54
1474
1474
54
1474
1474
1474
54
1474
1474
1474
1474
1474
1474
1474
1474
1474
1474
1474
1474
1474
54
1474
1474
1474
1474
1474
1474
1474
54
1474
1474
1474
1474
1474
54
1474
1474
1474
54
1474
1474
1474
54
1474
1474
1474
54
1474
1474
1474
54
1474
1474
1474
1474
1474
1474
1474
1474
54
1474
1474
1474
54
1474
1474
1474
54
1474
1474
1474
1474
54
1474
1474
54
1474
1474
54
1474
1474
1474
54
1474
54
1474
1474
1474
1474
54
1474
1474
1474
54
1474
1474
1474
54
1474
1474
1474
1474
1474
54
1474
1474
1474
1474
54
1474
1474
54
1474
1474
1474
54
1474
1474
54
1474
1474
1474
54
1474
1474
1474
1474
54
1474
1474
54
1474
1474
1474
1474
54
1474
1474
54
1474
1474
54
1474
1474
54
1474
54
1474
1474
1474
1474
1474
1474
1474
1474
1474
1474
1474
1474
1474
1474
1474
54
1474
1474
1474
1474
1474
1474
1474
54
1474
1474
1474
1474
54
1474
1474
1474
1474
54
1474
1474
1474
1474
54
1474
1474
1474
54
1474
1474
54
1474
1474
54
1474
1474
1474
54
1474
1474
54
1474
1474
54
1474
1474
54
1474
1474
1474
54
1474
1474
54
1474
1474
1474
1474
54
1474
1474
54
1474
1474
1474
54
1474
1474
54
1474
1474
1474
54
1474
1474
54
1474
1474
54
1474
1474
1474
54
1474
1474
1474
1474
1474
54
1474
1474
1474
54
1474
1474
54
1474
1474
1474
54
1474
1474
54
1474
1474
1474
1474
1474
54
1474
1474
54
1474
1474
1474
1474
54
1474
1474
1474
1474
54
1474
1474
1474
1474
1474
54
1474
1474
1474
54
1474
1474
1474
54
1474
1474
1474
54
1474
1474
1474
1474
1474
54
1474
1474
54
1474
1474
1474
54
1474
1474
54
1474
1474
1474
1474
1474
1474
1474
54
1474
1474
1474
54
1474
1474
1474
54
1474
1474
1474
1474
1474
54
1474
1474
54
1474
1474
1474
54
1474
1474
54
1474
1474
54
1474
1474
54
1474
1474
1474
1474
54
1474
1474
1474
1474
1474
54
1474
1474
1474
1474
54
1474
1474
1474
54
1474
1474
1474
54
1474
1474
1474
54
1474
1474
1474
1474
1474
54
1474
1474
1474
1474
1474
1474
1474
1474
1474
1474
54
1474
1474
1474
1474
1474
54
1474
1474
1474
1474
54
1474
1474
1474
54
1474
1474
1474
54
1474
1474
1474
1474
54
1474
1474
54
1474
1474
54
1474
1474
1474
54
1474
1474
54
1474
1474
1474
54
1474
1474
1474
54
1474
1474
1474
1474
1474
54
1474
1474
1474
54
1474
1474
54
1474
1474
54
1474
1474
54
1474
1474
1474
54
1474
54
1474
1474
1474
1474
54
1474
1474
1474
1474
54
1474
1474
54
1474
1474
1474
54
1474
1474
54
1474
1474
1474
1474
1474
1474
1474
1474
54
1474
1474
1474
1474
1474
54
1474
1474
54
1474
1474
1474
54
1474
1474
54
1474
1474
54
1474
1474
54
1474
1474
1474
54
1474
1474
1474
1474
1474
1474
54
1474
1474
1474
1474
1474
1474
54
1474
1474
1474
1474
54
1474
1474
54
1474
1474
1474
54
1474
1474
54
1474
1474
1474
54
1474
1474
54
1474
1474
1474
1474
1474
54
1474
1474
1474
54
1474
1474
1474
1474
1474
1474
54
1474
1474
1474
1474
1474
54
1474
1474
1474
54
1474
1474
1474
54
1474
1474
1474
1474
54
1474
1474
1474
1474
1474
54
1474
1474
1474
1474
54
1474
1474
1474
1474
54
1474
1474
1474
1474
1474
1474
1474
1474
54
1474
1474
54
1474
1474
1474
1474
54
1474
1474
1474
1474
1474
54
1474
1474
54
1474
1474
54
1474
1474
1474
54
1474
1474
54
1474
1474
1474
54
1474
1474
1474
54
1474
1474
54
1474
1474
1474
54
1474
1474
54
1474
1474
1474
1474
54
1474
1474
1474
54
1474
1474
1474
54
1474
1474
1474
54
1474
1474
54
1474
1474
1474
54
1474
1474
54
1474
1474
1474
54
1474
1474
54
1474
1474
1474
54
1474
1474
54
1474
1474
1474
1474
54
1474
1474
1474
54
1474
1474
54
1474
1474
1474
54
1474
1474
54
1474
1474
1474
54
1474
1474
54
1474
1474
1474
54
1474
1474
54
1474
1474
1474
1474
1474
54
1474
1474
54
1474
1474
1474
1474
54
1474
1474
1474
1474
1474
54
1474
1474
1474
1474
1474
1474
1474
1474
1474
1474
1474
1474
1474
1474
1474
1474
1474
1474
1474
54
1474
1474
1474
1474
1474
1474
1474
1474
1474
1474
1474
1474
1474
1474
1474
1474
54
1474
1474
1474
1474
1474
1474
1474
1474
54
1474
1474
1474
1474
1474
1474
54
1474
1474
1474
54
1474
1474
1474
1474
54
1474
1474
54
1474
1474
1474
54
1474
1474
54
1474
1474
54
1474
1474
54
1474
1474
1474
1474
54
1474
1474
1474
1474
54
1474
1474
1474
1474
1474
1474
1474
1474
1474
1474
1474
54
1474
1474
1474
1474
1474
1474
1474
1474
1474
1474
54
1474
1474
54
1474
1474
1474
54
1474
1474
1474
1474
1474
54
1474
1474
54
1474
1474
1474
54
1474
1474
54
1474
1474
54
1474
1474
1474
54
1474
1474
1474
1474
54
1474
1474
1474
1474
1474
1474
1474
54
1474
1474
1474
1474
54
1474
1474
1474
54
1474
1474
1474
1474
1474
1474
54
1474
1474
1474
54
1474
1474
1474
54
1474
54
1474
1474
1474
54
1474
1474
54
1474
1474
1474
54
1323
1474
1474
1474
1474
54
1474
1474
54
1474
1474
1474
54
1474
1474
1474
1474
54
1474
1474
54
1474
1474
54
1474
1474
1474
1474
54
1474
1474
1474
1474
54
1474
1474
1195
54
1474
1474
1474
1474
1474
1474
54
1474
1474
1474
54
1474
1474
1474
1474
1474
54
1474
1474
1474
54
1474
1474
1474
1474
54
1474
1474
54
1474
54
1474
1474
1474
54
1474
1474
1474
1474
54
1474
1474
1474
1474
1474
1474
54
1474
1474
1474
1474
54
1474
1474
54
1474
1474
54
1474
1474
1474
54
1474
1474
54
1474
1474
1474
54
1474
1474
1474
54
1474
1474
1474
1474
54
1474
1474
1474
1474
1474
1474
1474
54
1474
1474
1474
1474
54
1474
1474
1474
54
1474
1474
1474
54
1474
1474
1474
54
1474
1474
1474
54
1474
1474
1474
1474
1474
1474
1474
1474
1474
1474
1474
1474
1474
1474
1474
1474
1474
1474
1474
1474
54
1474
1474
1474
1474
1474
1474
1474
1474
54
1474
1474
1474
1474
54
1474
1474
54
1474
54
1474
1474
1474
54
1474
1474
54
1474
1474
1474
54
1474
1474
1474
1474
1474
54
1474
1474
54
1474
1474
1474
54
1474
1474
54
1474
1474
1474
54
1474
1474
1474
1474
54
1474
1474
54
1474
54
1474
1474
1474
54
1474
1474
1474
1474
1474
1474
1474
54
1474
1474
1474
1474
1474
54
1474
1474
1474
54
1474
1474
54
1474
1474
1474
54
1474
1474
1474
54
1474
1474
1474
54
1474
1474
54
1474
1474
1474
300
54
1474
1474
54
1474
1474
1474
54
1474
1474
54
1474
1474
1474
54
1474
1474
54
1474
1474
1474
54
1474
1474
1474
54
1474
1474
54
1474
1474
1474
1474
54
1474
1474
1474
1474
54
1474
1474
54
1474
1474
1474
54
1474
1474
1474
54
1474
1474
54
1474
1474
1474
54
1474
1474
54
1474
1474
54
1474
1474
54
1474
1474
1474
54
1474
1474
1474
54
1474
1474
1474
93
54
191
1464
1464
1464
1464
1464
1464
1152
1464
1464
1464
1464
1464
1464
1464
1464
1464
1464
1464
1024
1464
1464
1464
1464
1464
1464
54
1464
1464
1438
100
85
100
85
54
54
54
54
54
54
54
54
54
54
54
290
96
1464
54
1464
1464
1182
54
300
191
1464
54
294
1464
54
1464
1464
1464
1464
54
1464
1152
1464
1464
1464
1464
54
1464
1464
1464
54
1464
1464
1464
1464
54
1024
1464
1464
347
54
811
54
100
54
85
54
54
284
278
100
1229
54
96
96
100
54
54
54
1007
1464
596
102
54
154
1295
54
96
54
54
327
1464
421
54
102
54
66
66
66
54
571
66
54
571
54
195
105
107
104
96
424
254
54
195
105
54
122
54
92
54
54
92
234
1132
54
290
234
1265
54
54
96
1464
54
1464
1464
54
1139
54
54
100
54
85
54
54
54
54
301
191
1464
1464
1464
1464
1464
1464
1152
1464
1464
1464
1464
1464
1464
1464
1464
1464
1464
1274
54
1326
1474
1474
54
1474
1474
54
1474
1474
1474
54
1474
1474
54
1474
1474
1474
54
1474
1474
1474
1474
1474
54
1474
1474
1474
54
1474
1474
54
1474
1474
1474
54
1474
1474
54
1474
1474
1474
54
1474
54
1474
1474
54
1474
1474
1474
54
1474
54
1474
1474
54
1474
1474
1474
54
1474
54
1474
1474
1474
1474
1474
54
1474
1474
54
1474
1474
54
1474
1474
1474
1474
1474
1474
1474
1474
1474
54
1474
1474
1474
54
1474
1474
1474
54
1474
1474
1474
54
1474
1474
54
1474
1474
1474
54
1474
1474
1474
54
1474
1474
1474
1474
54
1474
1474
54
1474
1474
1474
54
1474
1474
1474
1474
54
1474
1474
54
1474
54
1474
1474
54
1474
1474
54
1474
1474
54
1474
1474
1474
54
1474
1474
1474
1474
1474
1474
54
1474
1474
1474
1474
1474
1474
54
1474
1474
1474
54
1474
1474
1474
54
1474
1474
1474
54
1474
1474
54
1474
1474
1474
1474
54
1474
1474
1474
1474
1474
1474
1474
1474
1474
54
1474
1474
1474
1474
54
1474
1474
1474
54
1474
1474
1474
54
1474
1474
1474
54
1474
1474
54
1474
1474
1474
54
1474
1474
54
1474
1474
1474
1474
1474
54
1474
1474
1474
54
1474
1474
1474
54
1474
1474
54
1474
1474
54
1474
1474
54
1474
1474
1474
1474
54
1474
1474
1474
1474
54
1474
1474
54
1474
1474
1474
1474
1474
54
1474
1474
1474
54
1474
1474
54
1474
1474
54
1474
1474
1474
54
1474
1474
1474
1474
1474
1474
54
1474
1474
1474
54
1474
1474
54
1474
1474
1474
54
1474
1474
1474
1474
54
1474
1474
54
1474
1474
54
1474
1474
54
1474
1474
1474
54
1474
1474
54
1474
1474
1474
54
1474
1474
54
1474
1474
54
1474
1474
1474
54
1474
1474
54
1474
1474
1474
54
1474
1474
1474
1474
1474
54
1474
1474
54
1474
1474
1474
54
1474
1474
54
1474
1474
54
1474
1474
1474
54
1474
1474
54
1474
1474
1474
1474
1474
1474
54
1474
1474
54
1474
1474
1474
54
1474
1474
54
1474
1474
54
1474
54
1474
1474
54
1474
1474
1474
54
1474
1474
54
1474
1474
1474
54
1474
1474
1474
54
1474
1474
54
1474
1474
1474
1474
54
1474
1474
1474
54
1474
1474
1474
54
1474
1474
54
1474
1474
54
1474
1474
1474
54
1474
1474
1474
54
1474
1474
1474
54
1474
1474
54
1474
1474
1474
54
1474
1474
54
1474
1474
1474
1474
54
1474
1474
1474
54
1474
1474
54
1474
1474
1474
54
1474
1474
1474
1474
1474
1474
1474
1474
54
1474
1474
1474
1474
54
1474
1474
1474
54
1474
1474
1474
54
1474
1474
1474
54
1474
1474
1474
54
1474
1474
1474
54
1474
1474
1474
54
1474
1474
54
1474
1474
54
1474
1474
1474
1474
1474
1474
1474
1474
1474
1474
1474
1474
54
1474
54
1474
1474
1474
54
1474
1474
54
1474
1474
1474
54
1474
1474
54
1474
1474
1474
54
1474
1474
54
1474
1474
54
1474
1474
1474
54
1474
1474
1474
54
1474
1474
1474
54
1474
1474
1474
1474
54
1474
1474
1474
1474
1474
1474
1474
1474
1474
1474
54
1474
1474
1474
1474
1474
54
1474
1474
1474
1474
1474
54
1474
1474
1474
1474
1474
1474
54
1474
1474
1474
1474
54
1474
1474
1474
54
1474
1474
54
1474
1474
1474
1474
1474
1474
54
1474
1474
1474
1474
54
1474
1474
1474
1474
54
1474
1474
1474
54
1474
1474
1474
1474
54
1474
1474
1474
1474
1474
54
1474
1474
1474
1474
54
1474
1474
1474
54
1474
1474
54
1474
1474
1474
1474
54
1474
1474
1474
1474
1474
1474
1474
1474
1474
1474
54
1474
1474
1474
1474
1474
54
1474
1474
1474
1474
54
1474
1474
1474
54
1474
1474
54
1474
1474
1474
54
1474
54
1474
1474
54
1474
1474
1474
1474
54
1474
1474
1474
54
1474
1474
54
1474
1474
1474
1474
54
1474
1474
54
1474
1474
1474
54
1474
1474
54
1474
1474
1474
1474
1474
1474
1474
1474
1474
1474
1474
1474
1474
54
1474
1474
1474
1474
1474
54
1474
1474
1474
1474
54
1474
1474
54
1474
1474
1474
1474
1474
1474
54
1474
1474
1474
54
1474
1474
1474
1474
54
1474
1474
54
1474
1474
54
1474
1474
1474
54
1474
1474
1474
1474
1474
1474
54
1474
1474
1474
1474
54
1474
1474
1474
54
1474
1474
54
1474
1474
1474
54
1474
1474
1474
1474
54
1474
1474
1474
54
1474
1474
1474
1474
54
1474
1474
54
1474
1474
54
1474
1474
1474
54
1474
1474
1474
1474
1474
1474
1474
1474
1474
1474
1474
1474
1474
1474
54
1474
1474
1474
1474
1474
54
1474
1474
1474
1474
54
1474
1474
1474
54
1474
1474
1474
1474
54
1474
1474
1474
54
1474
1474
54
1474
1474
1474
1474
54
1474
1474
1474
1474
54
1474
1474
54
1474
1474
1474
1474
54
1474
1474
1474
54
1474
1474
1474
1474
1474
54
1474
1474
1474
1474
54
1474
1474
54
1474
1474
1474
54
1474
1474
1474
54
1474
1474
1474
54
1474
1474
54
1474
1474
1474
1474
1474
54
1474
1474
1474
1474
1474
1474
1474
1474
1474
54
1474
1474
1474
1474
1474
54
1474
1474
54
1474
1474
1474
54
1474
1474
1474
54
1474
1474
54
1474
54
1474
1474
54
1474
1474
1474
54
1474
1474
1474
54
1474
1474
54
1474
1474
1474
54
1474
1474
1474
54
1474
1474
54
1474
1474
1474
54
1474
1474
54
1474
1474
54
1474
1474
1474
1474
54
1474
1474
1474
54
1474
1474
1474
54
1474
1474
1474
54
1474
1474
1474
1474
1474
54
1474
1474
1474
54
1474
1474
1474
54
1474
1474
1474
54
1474
1474
54
1474
1474
1474
1474
54
1474
1474
54
1474
1474
1474
1474
1474
54
1474
1474
1474
54
1474
1474
1474
1474
1474
54
1474
1474
1474
54
1474
1474
1474
54
1474
1474
1474
1474
54
1474
1474
54
1474
1474
1474
54
1474
1474
54
1474
1474
1474
54
1474
1474
1474
54
1474
1474
54
1474
1474
54
1474
1474
1474
1474
54
1474
1474
1474
1474
1474
54
1474
1474
1474
54
1474
1474
1474
1474
54
1474
1474
54
1474
1474
1474
1474
54
1474
1474
1474
54
1474
1474
1474
1474
1474
1474
54
1474
1474
1474
1474
54
1474
1474
54
1474
1474
1474
54
1474
1474
54
1474
1474
1474
1474
1474
54
1474
1474
1474
54
1474
1474
54
1474
1474
1474
54
1474
1474
54
1474
1474
1474
54
1474
1474
54
1474
1474
1474
54
1474
1474
1474
1474
1474
1474
1474
54
1474
1474
1474
54
1474
1474
1474
1474
54
1474
54
1474
1474
54
1474
1474
1474
54
1474
1474
1474
1474
1474
1474
1474
54
1474
1474
1474
1474
54
1474
1474
54
1474
1474
1474
54
1474
1474
54
1474
1474
54
1474
1474
1474
54
1474
1474
1474
54
1474
1474
54
1474
1474
1474
54
1474
1474
1474
1474
1474
54
1474
1474
1474
54
1474
1474
1474
1474
54
1474
1474
1474
1474
54
1474
1474
1474
54
1474
1474
1474
1474
1474
54
1474
1474
1474
1474
1474
1474
54
1474
1474
1474
54
1474
1474
1474
1474
1474
54
1474
1474
54
1474
1474
54
1474
1474
54
1474
1474
1474
1474
1474
1474
1474
1474
1474
1474
54
1474
1474
1474
54
1474
54
1474
1474
1474
54
1474
1474
1474
1474
1474
54
1474
1474
1474
1474
1474
1474
54
1474
1474
1474
1474
54
1474
1474
1474
54
1474
1474
1474
1474
54
1474
1474
54
1474
1474
1474
1474
54
1474
1474
1474
54
1474
1474
1474
54
1474
1474
1474
54
1474
1474
1474
1474
1474
1474
1474
1474
1474
1474
1474
1474
1474
54
1474
1474
1474
1474
1474
1474
54
1474
1474
1474
54
1474
1474
54
1474
1474
1474
1474
1474
54
1474
54
1474
1474
1474
54
1474
1474
54
1474
1474
54
524
1474
1474
1474
1474
54
1474
1474
54
1474
54
1474
1474
1474
1474
54
1474
1474
1474
54
1474
1474
1474
54
1474
1474
54
1474
1474
54
1474
1474
54
1474
1474
54
1474
1474
1474
1474
1474
1474
1474
1474
1474
1474
1474
1474
1474
1474
1474
1474
1474
54
1474
1474
1474
1474
1474
1474
1474
1474
1474
1474
1474
1474
1474
1474
1474
54
1474
1474
54
1474
1474
54
1474
1474
54
1474
1474
54
1474
1474
54
1474
1474
54
1474
1474
54
1474
1474
54
1474
1474
54
1474
1474
54
1474
1474
54
1474
1474
1474
1474
1474
1474
1474
1474
54
1474
1474
54
1474
1474
1474
1474
1474
1474
1474
1474
1474
1474
1474
1474
54
1474
1474
1474
54
1474
1474
54
1474
54
1474
1474
1474
54
1474
54
1474
1474
54
1474
1474
1474
1474
1474
54
1474
54
1474
1474
1474
1474
54
1474
1474
54
1474
1474
128
92
100
54
54
100
1474
1474
54
1474
1474
1474
1474
1474
54
1474
1474
1474
54
1474
1474
54
1474
1474
1474
54
1474
1474
54
1474
1474
1474
54
1474
1474
54
1474
1474
1474
1474
54
1474
1474
1474
54
1474
1474
54
1474
1474
1474
54
1474
1474
54
1474
1474
1474
54
1474
1474
1474
54
1474
1474
54
1474
1474
1474
54
1474
1474
54
1474
1474
54
1474
1474
54
1474
1474
1474
54
1474
1474
1474
54
1474
1474
1474
54
1474
1474
54
1474
1474
1474
54
1474
54
1474
1474
1474
54
1474
1474
54
1474
1474
54
1474
1474
1474
54
1474
1474
1474
54
1474
1474
1474
54
1474
1474
54
1474
1474
1474
54
1474
1474
1474
54
1474
1474
1474
1474
54
1474
1474
54
1474
1474
1474
1474
54
1474
1474
54
1474
1474
54
1474
83
54
290
54
96
1464
54
1464
1464
54
1183
54
301
1323
1474
1474
1474
1474
54
1474
1474
1474
54
1474
1474
54
1474
1474
1474
1474
54
1474
1474
1474
54
1474
1474
54
1474
1474
1474
1474
1474
54
1474
1474
1474
54
1474
1474
1474
1474
1474
54
1474
1474
54
1474
1474
1474
1474
54
1474
1474
1474
1474
54
1474
1474
1474
54
1474
1474
1474
54
1474
1474
54
1474
1474
1474
1474
1474
1474
1474
54
1474
1474
54
1474
1474
1474
1474
54
1474
1474
54
1474
1474
1474
54
1474
1474
1474
1474
54
1474
1474
1474
1474
1474
54
1474
1474
1474
1474
1474
54
1474
1474
1474
54
1474
1474
1474
54
1474
1474
1474
54
1474
1474
1474
1474
54
1474
1474
1474
1474
1474
54
1474
1474
1474
54
1474
1474
1474
1474
54
1474
1474
1474
1474
1474
1474
54
1474
1474
1474
54
1474
1474
1474
1474
54
1474
1474
1474
54
1474
1474
1474
54
1474
1474
54
1474
1474
1474
54
1474
191
1474
1474
1474
1464
54
54
1464
1464
1464
54
1464
1033
1464
1464
1134
54
1474
1474
1474
1474
1474
54
1474
1464
54
1464
1464
1464
1464
54
1033
1464
1464
330
1474
1474
1474
1474
1474
1474
1474
66
66
66
66
74
74
74
54
1474
74
1474
1474
1474
1474
1474
1474
1474
1474
1474
74
74
74
74
74
74
74
74
74
1474
1474
1474
74
82
82
1474
1474
82
90
1474
1474
1474
90
90
90
1474
1474
1474
90
90
90
1474
1474
1474
90
90
90
1474
1474
1474
1474
90
90
90
90
1474
1474
90
90
1474
1474
1474
1474
1474
1474
1474
1474
1474
90
90
90
90
90
90
90
90
90
1474
1474
90
90
1474
1474
1474
1474
90
90
90
90
1474
90
1474
1474
90
90
1474
90
1474
90
1474
1474
90
90
1474
1474
90
90
1474
82
1474
82
1474
1474
74
74
1474
74
1474
1474
1474
1474
1474
74
74
74
74
74
1474
1474
74
74
1474
66
1474
66
1474
54
1474
1474
54
1474
1474
54
1474
1474
54
1474
1474
54
1474
1474
1474
54
1474
1474
54
1474
1474
54
1474
1474
1474
1474
1474
1474
54
1474
1416
54
290
96
1464
54
1464
1464
54
1231
54
300
191
1464
54
1464
1464
54
1464
1464
1033
54
1464
54
1372
54
290
96
1464
54
1464
1464
54
1140
54
1326
1474
1474
54
1474
1474
1474
54
1474
1474
54
1474
1474
54
1474
1474
1474
54
1474
1474
54
1474
1474
54
1474
1474
54
1474
1474
54
1474
1474
1474
54
1474
1474
54
1474
1474
54
1474
1474
1474
54
1474
1474
54
1474
1474
54
1474
1474
1474
54
1474
1474
54
1474
1474
1474
1474
1474
1474
1474
1474
1474
635
54
1474
1474
54
1474
1474
1474
54
1474
54
1474
1474
1474
54
1474
1474
54
1474
1474
1474
54
1474
1474
54
1474
1474
54
1474
1474
1474
54
1474
54
1474
1474
1474
54
1474
1474
54
1474
1474
54
1474
1474
54
1474
1474
1474
54
1474
1474
54
1474
1474
1474
54
1474
1474
1474
1474
1474
1474
1474
54
1474
1474
1474
54
1474
1474
1474
54
1474
1474
54
1474
1474
54
1474
1474
1474
54
1474
1474
54
1474
1474
1474
54
1474
54
1474
1474
54
1474
1474
1474
54
1474
54
1474
1474
54
1474
1474
1474
54
1474
54
1474
1474
1474
1474
54
1474
1474
1474
1474
54
1474
1474
54
1474
1474
54
1474
1474
54
1474
1474
54
1474
1474
1474
54
1474
1474
54
1474
1474
1474
54
1474
1474
1474
1474
1474
1474
1474
1474
1474
54
1474
1474
1474
1474
54
1474
1474
1474
1474
1474
1474
1474
54
1474
1474
1474
1474
54
1474
1474
54
1474
1474
54
1474
1474
54
1474
1474
54
1474
1474
54
1474
1474
54
1474
1474
54
1474
1474
1474
1474
1474
1474
1474
54
1474
1474
1474
54
1474
1474
54
1474
1474
1474
1474
54
1474
1474
1474
1474
54
1474
1474
54
1474
1474
54
1474
1474
54
1474
1474
1474
54
1474
54
1474
1474
54
1474
1474
54
1474
1474
54
1474
1474
54
1474
1474
54
1474
1474
1474
54
1474
1474
1474
54
1474
1474
54
1474
1474
1474
1474
1474
1474
1474
54
1474
1474
1474
1474
1474
1474
1474
1474
1474
1474
1474
1474
1474
1474
1474
1474
1474
1474
1474
1474
1474
1474
1474
1474
1474
54
1474
1474
1474
1474
1474
54
1474
1474
54
1474
1474
54
1474
54
1474
1474
1474
1474
54
1474
1474
54
1474
1474
1474
54
1474
54
1474
1474
54
1474
1474
54
1474
1474
54
1474
1474
1474
1474
54
1474
1474
54
1474
1474
54
1474
1474
1474
54
1474
1474
1474
54
1474
1474
1474
54
1474
54
1474
1474
54
1474
1474
54
1474
1474
1474
1474
54
1474
1474
1474
54
1474
54
1474
1474
1474
54
1474
1474
54
300
1474
1474
1474
54
1474
1474
1474
1474
1474
1474
1474
54
1474
1474
1474
1474
54
1474
1474
1474
54
1474
1474
54
1474
1474
54
1474
1474
54
1474
1474
1474
1474
1474
54
1474
1474
54
1474
1474
54
1474
1474
54
1474
1474
1474
1474
54
1474
1474
54
1474
1474
1474
54
1474
1474
1474
1474
1474
1474
54
1474
1474
54
1474
1474
54
1474
1474
54
1474
1474
1474
54
1474
1474
54
1474
1474
54
1474
1474
1474
54
1474
1474
54
1474
1474
1474
1474
1474
54
1474
1474
54
1474
54
1474
1474
1474
1474
54
1474
1474
1474
1474
1474
54
1474
1474
1474
54
1474
1474
54
1474
1474
1474
1474
54
1474
1474
1474
54
1474
1474
1474
54
1474
1474
1474
54
1474
1474
1474
54
1474
1474
1474
54
1474
1474
54
1474
1474
54
1474
1474
1474
1474
54
1474
1474
1474
1474
54
1474
54
1474
1474
1474
54
1474
54
1474
1474
1474
1474
1474
54
1474
1474
1474
1474
1474
54
1474
1474
54
1474
1474
1474
54
1474
54
1474
1474
54
1474
1474
1474
54
1474
54
1474
1474
54
1474
1474
1474
54
1474
54
1474
1474
54
1474
1474
54
1474
1474
1474
54
1474
1474
54
1474
54
1474
1474
1474
1474
54
1474
1474
1474
1474
54
1474
1474
1474
54
1474
1474
54
1474
1474
54
1474
1474
1474
54
1474
1474
54
1474
1474
1474
1474
54
1474
191
1474
1474
1474
1464
1464
1464
54
54
1464
1464
1033
54
1464
1464
1464
1464
139
54
1474
1474
54
1474
1474
1474
54
1474
54
1474
1474
1474
54
1474
1474
54
1474
1474
1474
1474
1474
1474
1474
1474
54
1474
1474
1474
54
1474
1474
1474
54
1474
54
1474
1474
1474
1474
54
1474
1474
54
1474
1474
1474
54
1474
1474
54
1474
54
1474
1474
1474
54
1474
1474
54
1474
1474
1474
54
1474
1474
54
1474
1474
54
1474
1474
54
1474
1474
1474
1474
1474
1474
54
1474
1474
1474
1474
1474
1474
54
1474
1474
1474
1474
1474
1474
1474
1474
1474
1474
1474
1474
1474
1474
1474
1474
1474
1474
1474
1474
1474
1474
1474
54
1474
1474
1474
1474
1474
1474
1474
1474
54
1474
1474
54
1474
54
1474
1474
1474
54
1474
54
1474
1474
1474
1474
54
1474
1474
54
1474
1474
54
1474
1474
1474
54
1474
54
1474
1474
1474
1474
54
1474
1474
54
1474
1474
1474
1474
1474
54
1474
1474
1474
54
1474
1474
54
1474
1474
1474
1474
54
1474
1474
1474
1474
1474
1474
54
1474
1474
1474
1474
54
1474
1474
54
1474
1474
54
1474
1474
54
1474
1474
1474
54
1474
1474
54
1474
1474
54
1474
1474
54
1474
1474
1474
54
1474
1474
1474
54
1474
1474
1474
54
1474
1474
54
1474
1474
1474
54
1474
1474
54
1474
54
1474
1474
54
1474
1474
54
1474
1474
1474
1474
54
1474
1474
1474
54
1474
1474
54
1474
1474
54
1474
1474
1474
54
1474
1474
1474
1474
54
1474
1474
54
1474
1474
1474
54
1474
1474
1474
54
1474
1474
1474
54
1474
54
1474
1474
54
1474
1474
54
1474
1474
54
1474
1474
1474
1474
54
1474
1474
1474
54
1474
1474
54
1474
1474
1474
54
1474
1474
54
1474
1474
1474
1474
54
1474
1474
1474
54
1474
1474
54
1474
1474
1474
54
1474
1474
54
1474
1474
54
1474
1474
1474
1474
1474
1474
54
1474
1474
54
1474
1474
1474
54
1474
54
1474
1474
1474
1474
54
1474
1474
1474
1474
1474
54
1474
1474
54
1474
1474
1474
54
1474
1474
54
1474
1474
54
1474
1474
54
1474
1474
1474
1474
54
1474
1474
1474
1474
1474
1474
1474
1474
1474
1474
54
1474
1474
1474
1474
1474
54
1474
1474
1474
1474
54
1474
1474
54
1474
1474
1474
54
1474
1474
54
1474
1474
54
1474
1474
54
1474
1474
54
1474
1474
1474
54
1474
54
1474
1474
1474
54
1474
1474
1474
1474
1474
54
1474
1474
1474
54
1474
54
1474
1474
1474
1474
1474
1474
1474
1474
1474
54
1474
1474
1474
1474
54
1474
1474
54
1474
1474
1474
1474
1474
1474
1474
1474
54
1474
1474
1474
1474
54
1474
1474
1474
54
1474
1474
1474
1474
1474
1474
1474
1474
54
1474
1474
1474
1474
54
1474
1474
1474
1474
1474
1474
1474
1474
1474
1474
54
1474
1474
1474
54
1474
1474
54
1474
1474
54
1474
1474
1474
1474
54
1474
1474
54
1474
1474
54
1474
1474
1474
54
1474
1474
1474
54
1474
1474
54
1474
1474
54
1474
1474
54
1474
54
1474
1474
54
1474
1474
1474
1474
1474
54
1474
54
1474
1474
1474
54
1474
54
1474
1474
1474
54
1474
1474
54
1474
54
1474
1474
54
1474
1474
54
1474
1474
1474
54
1474
1474
54
1474
54
1474
1474
1474
1474
54
1474
1474
1474
1474
1474
54
1474
1474
1474
1474
54
1474
1474
1474
54
1474
1474
1474
54
1474
1474
1474
54
1474
1474
1474
54
1474
1474
54
1474
54
1474
1474
54
1474
1474
1474
54
1474
54
1474
1474
1474
54
1474
1474
54
1474
1474
54
1474
1474
54
1474
1474
1474
54
1474
1474
54
1474
1474
1474
1474
1474
1474
54
1474
1474
1474
1474
54
1474
1474
1474
1474
1474
1474
54
1474
1474
1474
1474
1474
1474
1474
1474
1474
1474
1474
1474
1474
1474
1474
1474
1474
1474
1474
1474
1474
1474
54
1474
1474
1474
54
1474
1474
1474
1474
1474
1474
1474
1474
1474
1474
1474
1474
1474
1474
1474
1474
1474
1474
54
1474
1474
1474
1474
1474
1474
1474
1474
1474
1474
1474
1474
1474
1474
54
1474
1474
1474
1474
1474
1474
1474
1474
1474
1474
1474
1474
54
1474
1474
54
1474
1474
54
1474
1474
54
1474
1474
54
1474
1474
54
1474
1474
54
1474
1474
1474
54
1474
54
1474
1474
54
1474
1474
54
1474
1474
54
1474
1474
1474
54
1474
54
1474
1474
54
1474
1474
54
1474
1474
1474
54
1474
54
1474
1474
1474
54
1474
1474
1474
1474
54
1474
1474
1474
54
1474
1474
54
1474
1474
1474
1474
54
1474
1474
54
1474
1474
1474
54
1474
54
1474
1474
1474
54
1474
1474
54
1474
1474
1474
54
1474
1474
1474
54
1474
1474
54
1474
1474
54
1474
54
1474
1474
54
1474
1474
1474
1474
54
1474
1474
54
1474
1474
1474
54
1474
1474
54
1474
1474
54
1474
1474
54
1474
1474
54
1474
1474
1474
54
1474
1474
1474
54
1474
1474
54
1474
54
1474
1474
1474
54
1474
1474
1474
54
1474
1474
1474
1474
54
1474
1474
54
1474
1474
54
1474
1474
54
1474
1474
1474
54
1474
54
1474
1474
1474
54
1474
54
1474
1474
1474
54
1474
1474
54
1474
54
1474
1474
1474
1474
1474
1474
1474
54
1474
1474
1474
54
1474
1474
54
1474
1474
54
1474
1474
1474
54
1474
1474
54
1474
1474
1474
54
1474
1474
54
1474
1474
54
1474
1474
1474
54
1474
1474
1474
54
1474
1474
54
1474
1474
1474
1474
54
1474
1474
1474
1474
54
1474
1474
1474
1474
54
1474
1474
54
1474
1474
1474
54
1474
1474
54
1474
54
1474
1474
1474
54
1474
1474
54
1474
54
1474
1474
54
1474
1474
54
1474
1474
1474
54
1474
54
1474
1474
1474
1474
1474
1474
1474
54
1474
1474
1474
1474
54
1474
1474
1474
54
1474
1474
54
1474
1474
1474
54
1474
1474
54
1474
54
1474
1474
1474
54
1474
1474
1474
1474
54
1474
1474
54
1474
54
1474
1474
1474
54
1474
1474
54
1474
1474
1474
54
1474
1474
1474
1474
54
1474
1474
54
1474
1474
1474
54
1474
54
1474
1474
1474
1474
1474
54
1474
1474
1474
1474
1474
54
1474
1474
54
1474
1474
1474
54
1474
54
1474
1474
54
1474
1474
1474
54
1474
1474
54
1474
1474
1474
54
1474
1474
1474
1474
1474
1474
1474
54
1474
1474
1474
54
1474
1474
54
1474
1474
1474
54
1474
1474
1474
1474
1474
1474
1474
1474
1474
1474
1474
1474
1474
54
1474
1474
1474
1474
1474
54
1474
1474
1474
1474
1474
1474
54
1474
1474
1474
992
54
290
1464
1464
1464
54
886
388
54
300
191
1464
1464
1464
1464
1464
1033
1464
1405
54
1323
1474
1474
1474
1474
1474
1474
1474
1474
1474
1474
1474
1474
1474
1474
1474
1474
54
1474
1474
1474
1474
1474
54
1474
1474
1474
1474
1474
1474
1474
1474
1474
1474
1474
1474
1474
1474
1474
1474
1474
54
1474
1474
1474
1474
1474
1474
1474
1474
1474
54
1474
1474
1474
54
1474
1474
54
1474
1474
54
1474
1474
1474
54
1474
54
1474
1474
54
1474
1474
1474
54
1474
54
1474
1474
1474
54
1474
1474
54
1474
54
1474
1474
1474
54
1474
54
1474
1474
1474
54
1474
1474
1474
54
1474
1474
1474
54
1474
1474
54
1474
1474
54
1474
1474
54
1474
1474
1474
54
1474
1474
54
1474
1474
54
1474
1474
54
1474
1474
54
1474
1474
1474
54
1474
54
1474
1474
1474
54
1474
1474
1474
54
1474
1474
1474
54
1474
1474
54
1474
54
1474
1474
54
1474
1474
1474
1474
1474
54
1474
54
1474
1474
54
1474
1474
1474
54
1474
1474
54
1474
1474
1474
1474
1474
1474
1474
1474
1474
1474
1474
1474
54
1474
1474
1474
1474
1474
54
1474
1474
1474
1474
1474
54
1474
1474
1474
1474
1474
54
1474
1474
1474
1474
1474
1474
54
1474
1474
1474
54
1474
1474
54
1474
54
1474
1474
54
1474
1474
1474
1474
54
1474
1474
54
1474
1474
54
1474
1474
1474
1474
1474
1474
54
1474
1474
1474
1474
54
1474
1474
54
1474
1474
54
1474
1474
1474
54
1474
1474
54
1474
54
1474
1474
54
1474
1474
54
1474
1474
1474
54
1474
1474
1474
1474
1474
1474
1474
1474
54
1474
1474
1474
54
1474
1474
1474
54
1474
1474
54
1474
1474
54
1474
54
1474
1474
54
1474
1442
54
138
1464
1464
124
1464
1464
124
1464
1464
124
1464
1464
124
1464
1464
124
1464
662
54
96
54
54
54
54
54
54
54
54
54
54
222
193
102
54
290
190
1464
54
1464
1464
54
1103
54
54
100
54
85
54
55
1326
1474
1474
54
1474
1474
54
1474
1474
1474
1474
1474
54
1474
1474
1474
1474
1474
1474
54
1474
1474
1474
1474
1474
1474
54
1474
1474
1474
1474
54
1474
1474
1474
1474
54
1474
1474
54
1474
1474
1474
54
1474
1474
54
1474
1474
1474
1474
1474
54
1474
1474
54
1474
1474
1474
54
1474
1474
1474
54
1474
1474
1474
1474
54
1474
1474
1474
1474
54
1474
1474
1474
54
1474
1474
54
1474
1474
1474
54
1474
1474
1474
1474
54
1474
1474
1474
54
1474
1474
1474
1474
54
1474
1474
1474
1474
1474
1474
1474
1474
1474
1474
1474
1474
1474
1474
1474
54
1474
486
54
1474
1474
54
1474
1474
1474
1474
1474
1474
1474
1474
1474
1474
66
1474
1474
54
1474
1474
1474
54
1474
1474
1474
1474
1474
54
1474
1474
1474
1474
54
1474
1474
1474
1474
54
1474
1474
54
1474
1474
54
1474
1474
54
1474
1474
1474
54
1474
54
1474
1474
54
1474
1474
1474
54
1474
1474
54
1474
1474
1474
54
1474
1474
54
1474
1474
1474
54
1474
1474
54
1474
1474
1474
54
1474
1474
1474
1474
1474
54
1474
1474
54
1474
1474
1474
54
1474
1474
1474
54
1474
1474
54
1474
1474
1474
54
1474
1474
1474
1474
1474
1474
54
1474
1474
1474
54
1474
1474
54
1474
1474
54
1474
1474
1474
54
1474
1474
1474
54
1474
1474
1474
54
1474
1474
54
1474
1474
1474
54
1474
1474
54
1474
1474
1474
54
1474
1474
54
1474
1474
1474
54
1474
1474
1474
1474
54
1474
1474
54
1474
1474
1474
1474
54
1474
1474
1474
1474
1474
1474
1474
1474
1474
1474
1474
1474
1474
54
1474
1474
1474
1474
1474
54
1474
1474
54
1474
1474
1474
1474
54
1474
1474
1474
54
1474
1474
54
1474
1474
1474
54
1474
1474
54
1474
1474
1474
1474
1474
54
1474
1474
1474
1474
1474
1474
1474
1474
1474
1474
54
1474
1474
1474
54
1474
1474
1474
54
1474
1474
54
1474
1474
1474
1474
1474
54
1474
1474
54
1474
1474
1474
1474
54
1474
1474
54
1474
1474
1474
54
1474
1474
54
1474
1474
1474
1474
1474
54
1474
1474
1474
1474
54
1474
1474
1474
1474
54
1474
1474
1474
1474
1474
1474
1474
1474
54
1474
1474
54
1474
1474
1474
1474
1474
1474
1474
1474
1474
1474
1474
1474
1474
1474
1474
1474
54
1474
1474
1474
1474
1474
1474
54
1474
1474
1474
1474
1474
1474
1474
1474
1474
54
1474
1474
1474
1474
1474
54
1474
1474
1474
54
1474
1474
54
1474
1474
54
1474
1474
1474
54
1474
1474
1474
1474
1474
54
1474
1474
54
1474
1474
54
1474
54
1474
1474
1474
1474
1474
54
1474
1474
54
1474
1474
1474
1474
1474
1474
1474
1474
1474
54
1474
1474
1474
54
1474
54
1474
1474
54
1474
1474
1474
1474
54
1474
1474
54
1474
1474
1474
54
1474
1474
1474
1474
54
1474
1474
54
1474
1474
1474
54
1474
1474
54
1474
1474
54
1474
1474
1474
54
1474
54
1474
1474
1474
54
1474
1474
54
1474
54
1474
1474
1474
54
1474
1474
1474
1474
1474
1474
54
1474
1474
1474
1474
54
1474
1474
1474
1474
54
1474
1474
54
1474
1474
1474
54
1474
1474
1474
54
1474
1474
1474
54
1474
1474
54
1474
1474
54
1474
1474
54
1474
1474
1474
54
1474
54
1474
1474
1474
1474
54
1474
1474
1474
54
1474
1474
54
1474
1474
1474
1474
54
1474
1474
1474
54
1474
1474
1474
1474
54
1474
1474
54
1474
1474
54
1474
1474
54
1474
1474
1474
1474
54
1474
1474
54
1474
1474
1474
1474
54
1474
1474
1474
1474
54
1474
1474
54
1474
1474
1474
54
1474
1474
54
1474
1474
54
1474
1474
54
1474
1474
1474
54
1474
1474
54
1474
1474
1474
54
1474
1474
54
1474
54
1474
1474
54
1474
1474
1474
1474
1474
1474
1474
54
1474
1474
1474
1474
54
1474
1474
54
1474
1474
54
1474
1474
54
1474
1474
1474
1474
1474
1474
54
1474
1474
1474
54
1474
1474
1474
1474
54
1474
1474
54
1474
1474
1474
1474
54
1474
1474
1474
54
1474
54
1474
1474
1474
54
1474
1474
54
1474
1474
1474
54
1474
1474
54
1474
1474
1474
1474
1474
1474
1474
1474
1474
1474
54
1474
1474
1474
1474
1474
1474
1474
1474
1474
54
1474
1474
1474
1474
1474
1474
54
1474
1474
1474
1474
1474
54
1474
1474
1474
54
1474
1474
54
1474
1474
1474
54
1474
1474
1474
1474
1474
54
1474
1474
54
1474
1474
1474
54
1474
1474
54
1474
1474
1474
1474
54
1474
1474
1474
1474
1474
54
1474
1474
54
1474
1474
1474
54
1474
1474
54
1474
1474
1474
54
1474
1474
54
1474
1474
1474
54
1474
1474
1474
1474
1474
1474
1474
1474
1474
1474
54
1474
1474
1474
1474
54
1474
1474
54
1474
1474
1474
1474
54
1474
1474
54
1474
1474
1474
54
1474
1474
54
1474
1474
1474
1474
54
1474
1474
1474
1474
1474
54
1474
1474
1474
1474
54
1474
1474
54
1474
1474
54
1474
1474
54
1474
1474
1474
54
1474
1474
54
1474
1474
54
1474
1474
1474
1474
1474
1474
1474
1474
54
1474
54
1474
1474
1474
54
1474
1474
54
1474
1474
1474
1474
1474
1474
1474
1474
54
1474
1474
1474
1474
54
1474
1474
54
1474
54
1474
1474
1474
54
1474
1474
54
1474
1474
1474
54
1474
1474
54
1474
1474
1474
54
1474
1474
1474
54
1474
1474
1474
54
1474
1474
1474
54
1474
1474
54
1474
1474
1474
54
1474
1474
1474
54
1474
1474
54
1474
1474
1474
54
1474
1474
54
1474
1474
1474
54
1474
1474
54
1474
1474
1474
54
1474
54
1474
1474
54
1474
1474
1474
54
1474
1474
54
1474
1474
54
1474
1474
54
1474
1474
1474
54
1474
1474
54
1474
1474
1474
1474
54
1474
1474
54
1474
1474
1474
54
1474
1474
1474
1474
1474
54
1474
1474
1474
54
1474
1474
1474
1474
54
1474
1474
1474
1474
54
1474
1474
54
1474
1474
1474
54
1474
1474
54
1474
1474
54
1474
1474
1474
54
1474
1474
1474
54
1474
1474
1474
1474
54
1474
1474
1474
1474
1474
1474
54
1474
1474
1474
66
66
66
1474
1474
1474
66
66
66
1474
1474
66
66
1474
1474
66
74
1474
1474
74
74
1474
1474
74
74
1474
1474
1474
1474
1474
1474
1474
1474
1474
1474
74
74
74
74
74
74
74
74
74
74
1474
1474
74
74
1474
74
1474
1474
1474
74
74
74
1474
1474
74
74
1474
1474
74
74
1474
1474
1474
74
74
74
1474
1474
1474
1474
1474
1474
1474
74
74
74
74
74
74
74
1474
1474
1474
74
74
74
1474
1474
1474
74
74
74
1474
1474
1474
74
74
74
1474
1474
74
74
1474
74
1474
1474
74
74
1474
74
1474
1474
1474
1474
1474
66
66
66
66
66
1474
1474
1474
1474
1474
66
66
54
54
54
1474
1474
1474
1474
1474
54
1474
54
1474
1474
54
1474
1474
1474
54
1474
1474
1474
54
1474
1474
54
1474
1474
54
1474
1474
1474
1474
54
1474
1474
54
1474
1474
54
1474
1474
54
1474
1474
1474
1474
1474
1474
1474
1474
54
1474
1474
1474
1474
54
1474
1474
54
1474
1474
1474
1474
54
1474
1474
54
1474
1474
54
1474
1474
54
1474
1474
54
1474
1474
54
1474
1474
1474
1474
1474
1474
1474
54
1474
1474
1474
1474
54
1474
1474
54
1474
1474
54
1474
1474
1474
1474
1474
1474
1474
1474
1474
1474
1474
1474
1474
1474
1474
1474
1474
1474
1474
1474
1474
1474
1474
1474
1474
1474
1474
1474
1474
1474
1474
1474
54
1474
1474
1474
1474
1474
1474
1474
1474
54
1474
1474
54
1474
1474
1474
54
1474
54
300
1474
1474
54
1474
1474
54
1474
1474
54
1474
1474
1474
1474
1474
1474
54
1474
1474
54
1474
1474
1474
54
1474
1474
1474
54
1474
1474
54
1474
1474
1474
54
1474
54
1474
1474
1474
1474
1474
54
1474
54
1474
1474
1474
1474
1474
54
1474
1474
54
1474
1474
54
1474
54
1474
1474
1474
1474
1474
54
1474
1474
54
1474
1474
1474
1474
54
1474
1474
1474
54
1474
1474
1474
1474
1474
54
1474
1474
1474
1474
54
1474
1474
54
1474
1474
1474
54
1474
1474
54
1474
1474
1474
54
1474
1474
54
1474
1474
1474
1474
54
1474
1474
1474
1474
54
1474
1474
54
1474
1474
54
1474
54
1474
1474
1474
1474
1474
54
1474
1474
54
1474
1474
1474
54
1474
1474
1474
1474
1474
54
1474
1474
54
1474
1474
1474
54
1474
1474
54
1474
1474
1474
54
1474
1474
54
1474
1474
54
1474
1474
54
1474
1474
1474
54
1474
1474
1474
1474
1474
1474
1474
1474
1474
1474
1474
54
1474
54
1474
1474
1474
1474
54
1474
1474
54
1474
1474
54
1474
1474
54
1474
1474
1474
54
1474
1474
54
1474
1474
54
1474
54
1474
1474
1474
1474
1474
1474
1474
1474
54
1474
1474
1474
191
1474
1474
54
1474
1464
1464
1464
1464
1464
1033
54
54
1464
1464
1346
1474
54
1474
1474
54
1474
1474
1474
54
1474
1474
54
1474
1474
54
1474
1474
1474
54
1474
1474
54
1474
1474
1474
54
1474
1474
54
1474
1474
1474
54
1474
1474
1474
1474
1474
1474
1474
1474
1474
1474
1474
1474
1474
1474
54
1474
1474
1474
1474
1474
1474
1474
54
1474
1474
1474
54
1474
1474
1474
1474
54
1474
1474
1474
1474
54
1474
1474
54
1474
1474
1474
1474
54
1474
1474
1474
54
1474
1474
1474
54
1474
1474
1474
54
1474
1474
54
1474
1474
54
1474
1474
54
1474
1474
1474
54
1474
1474
1474
1474
1474
54
1474
1474
1474
1474
1474
54
1474
1474
54
1474
1474
1474
54
1474
1474
54
1474
1474
1474
1474
54
1474
1474
1474
1474
1474
1474
1474
1474
1474
54
1474
1474
1474
1474
1474
1474
54
1474
1474
54
1474
1474
1474
54
1474
1474
1474
1474
54
1474
1474
54
1474
1474
54
1474
1474
1474
54
1474
1474
1474
54
1474
1474
54
1474
1474
1474
1474
1474
1474
1474
652
54
525
290
54
128
92
100
54
100
190
1464
1464
1464
982
54
54
300
191
1464
54
1464
1464
54
1464
1464
346
1464
1464
1464
492
54
1326
1474
1474
1474
1474
1474
1474
1474
1474
1474
1474
1474
1474
1474
1474
1474
1474
1474
1474
1474
1474
1474
1474
1474
1474
54
1474
1474
1474
1474
1474
1474
1474
1474
1474
1474
1474
1474
1474
1474
1474
1474
1474
54
1474
1474
1474
1474
54
1474
54
1474
1474
1474
54
1474
1474
1474
1474
54
1474
1474
1474
1474
54
1474
1474
1474
54
1474
1474
54
1474
1474
1474
54
1474
1474
54
1474
1474
1474
54
1474
1474
1474
54
1474
1474
1474
54
1474
1474
54
1474
1474
54
1474
1474
1474
1474
1474
54
1474
1474
1474
54
1474
1474
1474
1474
1474
1474
1474
1474
1474
1474
1474
1474
1474
1474
1474
54
1474
1474
1474
1474
1474
1474
1474
1474
1474
1474
1474
1474
1474
1474
1474
1474
1474
1474
1474
1474
1474
1474
1474
54
1474
1474
54
1474
1474
1474
54
1474
1474
54
1474
1474
54
1474
1474
54
1474
1474
1474
54
1474
1474
1474
54
1474
1474
1474
54
1474
1474
1474
1474
54
1474
1474
54
1474
1474
1474
54
1474
54
1474
1474
1474
1474
1474
1474
1474
54
1474
1474
1474
1474
54
1474
54
1474
1474
1474
1474
1474
54
1474
1474
54
1474
1474
1474
1474
1474
54
1474
1474
1474
54
1474
1474
1474
1474
1474
1474
1474
54
1474
1474
1474
1474
54
1474
1474
1474
54
1474
1474
1474
1474
54
1474
54
1474
1474
1474
54
1474
1474
1474
1474
1474
54
1474
1474
1474
54
1474
1474
1474
1474
54
1474
1474
54
1474
1474
1474
1474
1474
1474
1474
54
1474
1474
54
1474
1474
1474
1474
54
1474
1474
1474
1474
54
1474
1474
1474
1474
1474
54
1474
1474
54
1474
54
1474
1474
54
1474
1474
54
1474
1474
1474
54
1474
1474
1474
54
1474
1474
1474
54
1474
54
826
1474
54
1474
1474
1474
1474
1474
54
1474
54
1474
1474
1474
54
1474
54
1474
1474
54
1474
1474
1474
54
1474
1474
1474
54
1474
1474
54
1474
1474
1474
1474
1474
54
1474
1474
1474
54
1474
1474
54
1474
1474
1474
54
1474
1474
1474
54
1474
1474
54
1474
1474
1474
54
1474
1474
1474
1474
54
1474
1474
54
1474
1474
54
1474
1474
1474
54
1474
1474
54
1474
1474
1474
54
1474
1474
1474
1474
1474
54
1474
1474
1474
1474
1474
54
1474
1474
1474
54
1474
1474
54
1474
1474
54
1474
1474
1474
54
1474
54
1474
1474
54
1474
1474
1474
1474
1474
1474
1474
54
1474
1474
1474
54
1474
1474
54
1474
1474
1474
54
1474
1474
1474
1474
1474
1474
1474
1474
1474
1474
1474
54
1474
1474
1474
1474
1474
1474
1474
1474
1474
54
1474
1474
1474
1474
54
1474
1474
1474
54
1474
1474
1474
54
1474
1474
54
1474
1474
1474
1474
1474
54
1474
1474
54
1474
1474
1474
1474
54
1474
1474
1474
1474
1474
1474
1474
54
1474
1474
1474
1474
1474
1474
1474
54
1474
1474
1474
54
1474
1474
1474
1474
1474
1474
1474
1474
1474
1474
54
1474
1474
1474
1474
1474
1474
1474
1474
1474
1474
1474
54
1474
1474
1474
1474
1474
1474
1474
54
1474
1474
1474
1474
1474
1474
1474
1474
1474
54
1474
1474
1474
54
1474
1474
54
1474
54
1474
1474
1474
1474
1474
1474
1474
1474
54
1474
1474
1474
1474
54
1474
1474
54
1474
1474
54
1474
1474
54
1474
1474
1474
54
1474
1474
54
1474
1474
1474
54
1474
1474
1474
1474
1474
54
1474
1474
54
1474
1474
1474
54
1474
1474
54
1474
1474
54
1474
1474
54
1474
1474
1474
54
1474
54
1474
1474
1474
1474
54
1474
1474
1474
1474
1474
1474
54
1474
1474
1474
1474
1474
1474
54
1474
1474
1474
1474
1474
54
1474
1474
1474
1474
1474
54
1474
1474
1474
54
1474
1474
1474
54
1474
1474
1474
54
1474
1474
1474
1474
1474
54
1474
1474
54
1474
1474
1474
54
1474
1474
1474
1474
1474
1474
1474
1474
1474
1474
1474
1474
1474
1474
1474
1474
54
1474
1474
1474
1474
1474
1474
1474
1474
1474
1474
54
1474
54
1474
1474
1474
1474
1474
54
1474
1474
1474
1474
1474
54
1474
1474
1474
54
1474
54
1474
1474
54
1474
1474
54
1474
1474
54
1474
1474
1474
54
1474
54
1474
1474
1474
54
1474
1474
1474
1474
1474
1474
1474
1474
54
1474
1474
1474
1474
54
1474
1474
1474
54
1474
1474
54
1474
1474
1474
1474
1474
54
1474
54
1474
1474
1474
54
1474
1474
1474
1474
1474
54
1474
1474
54
1474
1474
1474
1474
54
1474
1474
1474
1474
1474
54
1474
1474
1474
1474
54
1474
1474
1474
54
1474
1474
1474
1474
1474
1474
1474
54
1474
1474
1474
1474
1474
54
1474
1474
54
1474
1474
1474
54
1474
1474
54
1474
1474
1474
54
1474
1474
54
1474
1474
1474
1474
1474
1474
1474
1474
1474
1474
1474
54
1474
1474
1474
1474
1474
1474
1474
1474
1474
54
1474
1474
1474
1474
1474
54
1474
1474
1474
54
1474
1474
1474
1474
1474
54
1474
1474
54
1474
1474
54
1474
54
1474
1474
1474
54
1474
1474
1474
54
1474
1474
54
1474
1474
54
1474
1474
1474
1474
1474
1474
54
1474
1474
1474
1474
54
1474
1474
1474
54
1474
1474
54
1474
1474
1474
1474
1474
1474
1474
1474
1474
1474
1474
1474
1474
1474
1474
1474
54
1474
1474
1474
1474
1474
1474
54
1474
1474
1474
1474
54
1474
1474
1474
54
1474
1474
54
1474
1474
1474
54
1474
1474
54
1474
1474
1474
54
1474
1474
54
1474
1474
54
1474
1474
54
1474
1474
1474
1474
54
1474
54
1474
1474
54
1474
1474
1474
54
1474
54
1474
1474
1474
54
1474
1474
54
1474
1474
54
1474
1474
54
1474
1474
1474
54
1474
1474
54
1474
1474
1474
1474
1474
1474
54
1474
1474
1474
54
1474
1474
54
1474
1474
1474
54
1474
1474
54
1474
1474
1474
54
1474
1474
54
1474
1474
1474
1474
54
1474
1474
1474
1474
1474
54
1474
1474
1474
54
1474
1474
1474
1474
54
1474
1474
54
1474
1474
1474
54
1474
1474
54
1474
1474
1474
54
1474
1474
1474
54
1474
1474
1474
54
1474
1474
1474
54
1474
1474
54
1474
1474
54
1474
1474
1474
54
1474
1474
1474
54
1474
1474
1474
1474
54
1474
1474
1474
1474
1474
1474
54
1474
1474
54
1474
1474
1474
1474
1474
1474
1474
1474
1474
1474
1474
54
1474
1474
1474
54
1474
1474
1474
1474
1474
1474
54
1474
1474
54
1474
1474
54
1474
1474
1474
1474
54
1474
1474
1474
54
1474
1474
54
1474
1474
1474
54
1474
1474
54
1474
1474
1474
54
1474
1474
54
1474
1474
1474
54
1474
1474
1474
1474
54
1474
1474
54
1474
1474
1474
1474
1474
54
1474
1474
1474
54
1474
1474
54
1474
1474
1474
54
1474
1474
1474
1474
54
1474
1474
1474
1474
54
1474
54
1474
1474
1474
54
1474
1474
1474
1474
1474
1474
1474
1474
1474
54
1474
1474
1474
1474
1474
54
1474
1474
1474
54
1474
1474
54
1474
1474
1474
54
1474
1474
54
1474
1474
1474
54
1474
1474
54
1474
1474
1474
54
1474
1474
54
1474
1474
1474
54
1474
1474
54
1474
1474
54
1474
1474
54
1474
1474
1474
1474
1474
54
1474
1474
1474
1474
54
1474
1474
54
1474
1474
54
1474
54
1474
1474
54
1474
1474
1474
54
1474
54
1474
1474
1474
1474
54
1474
1474
54
1474
1474
1474
54
1474
1474
1474
1474
1474
1474
1474
54
1474
1474
1474
1474
54
1474
1474
54
1474
1474
1474
1474
1474
1474
1474
1474
1474
1474
1474
1474
1474
1474
1474
1474
1474
54
1474
1474
1474
1474
1474
1474
1474
1474
1474
54
1474
1474
1474
1474
1474
1474
1474
54
1474
1474
1474
1474
1474
1474
1474
1474
1474
1474
54
1474
1474
1474
1474
54
1474
1474
1474
1474
1474
54
1474
1474
1474
54
1474
1474
54
1474
1474
54
1474
1474
1474
54
1474
1474
54
1474
1474
1474
1474
54
1474
1474
54
1474
1474
54
1474
1474
54
1474
1474
1474
1474
1474
54
1474
1474
1474
54
1474
1474
1474
1474
54
1474
1474
1474
1474
54
1474
1474
54
1474
1474
1474
54
1474
54
1474
1474
54
1474
1474
1474
54
1474
54
1474
1474
1474
54
1474
1474
54
1474
1474
54
1474
1474
54
1474
1474
1474
54
1474
1474
1474
1474
1474
54
1474
1474
54
1474
1474
1474
54
1474
1474
1474
1474
1474
1474
1474
1474
54
1474
1474
1474
1474
1474
54
1474
1474
1474
54
1474
1474
54
1474
1474
1474
54
1474
1474
54
1474
1474
1474
54
1474
1474
1474
54
1474
1474
1474
54
1474
1474
54
1474
1474
1474
54
1474
54
1474
1474
1474
54
1474
1474
54
1474
1474
1474
54
1474
1474
54
1474
1474
54
1474
1474
54
1474
1474
54
1474
1474
1474
54
1474
1474
54
1474
1474
54
1474
1474
54
1474
1474
1474
54
1474
1474
54
1474
1474
1474
1474
54
1474
1474
54
1474
1474
1474
1474
54
1474
1474
1474
1474
1474
1474
1474
1474
54
1474
1474
1474
1474
1474
54
1474
1474
54
1474
54
1474
1474
1474
1474
54
1474
1474
1474
54
1474
1474
54
1474
54
1474
1474
1474
1474
1474
1474
1474
54
1474
1474
54
1474
1474
1474
54
1474
1474
54
1474
1474
1474
1474
1474
1474
1474
1474
54
1474
549
54
858
54
96
54
1306
820
54
831
54
1464
170
54
208
96
54
317
205
102
54
1464
205
1464
1283
493
54
1464
54
205
1464
54
1283
1464
54
1464
1464
1464
1464
1464
1464
517
1464
1464
1464
1464
54
256
100
1069
1464
206
54
1464
650
54
66
66
54
273
1464
206
488
54
54
1474
1474
54
1474
68
54
180
246
107
104
96
424
1464
54
206
240
312
517
194
102
54
54
54
100
122
54
92
92
234
1474
54
358
269
54
54
248
246
92
66
235
1474
358
54
244
1474
1474
1474
1474
1474
1474
54
1474
1474
54
248
1474
1474
1474
1474
54
1474
1474
54
1474
712
54
234
1474
522
1474
734
54
295
234
1474
54
358
201
92
54
234
1474
54
93
297
234
54
1474
358
353
54
299
286
288
96
1172
54
54
96
628
54
289
96
250
1464
54
1464
1464
54
1464
1464
1464
1152
54
1464
1464
1464
54
1464
1464
54
1010
54
96
131
984
54
252
55
96
54
130
592
54
55
237
260
96
1464
54
1464
1464
1464
69
54
247
235
246
1474
358
885
1474
54
1474
1474
54
1474
1474
54
1174
1474
1474
54
1474
1474
54
54
234
1429
54
1474
54
1474
1474
54
1474
1474
54
247
1474
1474
54
1474
1474
1474
54
1474
1474
1474
1474
1254
54
248
235
1474
359
1011
1474
1474
54
1474
1474
1474
1474
54
1474
1474
1024
1474
1474
54
1474
54
1474
1474
54
1474
1474
434
66
234
1474
358
54
54
138
54
66
54
234
1474
54
417
92
1474
444
92
54
246
248
234
1474
54
357
1474
387
247
54
92
54
234
1474
54
68
54
66
234
1474
167
54
234
54
1474
291
92
54
66
54
571
247
54
195
105
107
104
96
424
234
1474
54
358
294
92
54
234
54
1474
358
1401
54
1474
1474
1474
1474
54
1474
1474
54
1474
54
1474
1062
123
54
92
54
54
54
92
288
1474
1474
54
1474
1474
1474
54
1474
1474
54
1474
1474
1474
54
289
285
287
288
1474
1474
1474
1474
1474
234
1474
358
898
92
66
54
96
285
177
1474
1474
1474
54
1474
1474
54
1474
1425
580
54
54
1474
66
1323
1474
1474
54
1474
1474
54
1474
1474
1474
1474
1474
54
1474
54
1474
1474
1474
54
1474
1474
54
1474
1474
1474
1474
54
1474
1474
1474
54
1474
1474
54
1474
1474
1474
96
96
54
54
1474
1474
54
1474
96
1474
1474
54
1474
96
1474
54
54
1474
1474
96
54
1474
1474
54
1474
180
1464
1464
54
1464
1474
1474
1474
1464
1464
54
54
1464
54
1464
1464
1464
1464
828
1464
1464
54
1464
1464
54
1464
1464
1464
54
1464
1464
54
1464
1464
1474
54
1474
1474
54
1474
1474
1474
54
1474
1474
54
1474
1474
54
1474
1474
54
1474
1474
1474
54
1474
1474
54
1474
1474
1474
66
1474
66
1474
1464
66
1464
1464
1474
66
54
1474
1474
74
74
1474
1474
1474
1474
74
74
74
82
1474
1474
1474
1474
82
90
90
90
1474
1474
1474
1474
1474
90
90
90
90
90
1474
1474
90
90
1474
1474
1474
1474
1474
90
90
90
90
90
1474
1474
1474
90
90
90
1474
90
1474
1474
90
90
1474
1474
1474
1474
1474
1474
1474
1474
90
90
90
90
90
90
90
90
1474
1474
1474
90
90
90
1474
1474
1474
90
90
90
1474
1474
1474
90
90
90
1474
1474
1474
90
90
90
1474
90
1474
90
1474
1474
1474
90
90
90
1474
90
1474
90
1474
90
1474
82
1474
1474
1474
1474
1474
74
66
66
66
54
1474
1474
1474
1474
1474
1474
1474
1464
1464
1474
54
54
1474
1474
54
1474
1474
1474
1474
54
1464
1464
1464
54
1474
1474
1474
54
1474
1474
1474
1464
1464
1464
1464
1474
54
54
1474
1474
1474
54
1464
1464
1464
54
1464
1474
1474
54
1464
1464
1464
54
1464
1464
289
1464
1464
1464
54
1464
1474
1464
1464
1474
1464
54
54
1464
1464
1464
1474
1474
54
54
1464
1464
1474
1464
1464
54
1464
1474
1474
1474
1474
1474
1474
1474
54
1474
1474
1474
54
1474
1474
1464
1464
1464
1474
1474
1474
54
54
299
1474
1474
1474
1474
1474
54
1474
54
1474
1474
1474
1474
1474
54
55
1474
54
1474
1474
1474
1474
1474
1474
54
1474
1474
1474
1474
54
1474
1474
54
1474
1474
54
1474
1474
54
1474
1474
54
1474
1474
1474
1474
54
1474
1474
54
1474
1474
54
1474
1474
1474
54
1474
1474
1474
1474
54
1474
1474
54
1474
1474
54
1474
1474
1474
54
1474
1474
54
1474
1474
54
1474
1474
54
1474
1474
54
1474
1474
1474
54
1474
54
1474
1474
1474
1474
54
1474
770
54
1464
1464
54
1464
1464
54
1464
1464
54
1464
1464
54
1464
1464
54
1464
1464
54
1464
1464
54
1464
1464
54
1464
1464
1464
1464
54
373
96
1464
54
1464
1464
1114
54
96
1464
54
1464
1464
54
1464
1464
1464
1152
1464
1464
1464
1464
1464
1464
1464
54
290
66
1464
1464
191
54
299
96
1464
54
1464
1464
54
1124
290
96
1464
54
1464
1464
54
1464
1464
54
1464
1152
54
1464
1464
1464
54
1464
1464
54
1464
1464
1464
1464
1464
1116
1464
1464
54
1464
1464
1464
767
54
96
54
1464
1464
54
1464
1120
54
300
96
132
54
1464
1464
54
1464
1464
54
1464
1464
54
1152
1464
54
1464
1464
1464
1464
1464
1464
1464
1464
1464
1464
1024
54
1464
1464
1232
54
138
1464
1464
124
1464
1464
124
1464
1464
124
1464
1464
124
452
96
54
54
54
54
54
54
54
54
331
193
102
54
55
66
55
66
1326
1474
1474
54
1474
1474
1474
54
1474
1474
1474
54
1474
1474
1474
1474
1474
1474
1474
1474
54
1474
1474
1474
1474
1474
54
1474
1474
54
1474
1474
1474
54
1474
1474
1474
1474
54
1474
1474
54
1474
1474
1474
54
1474
1474
54
1474
54
1474
1474
1474
54
1474
54
1474
1474
1474
1474
1474
54
1474
1474
54
1474
1474
54
1474
1474
1474
1474
54
1474
1474
54
1474
1474
1474
54
1474
1474
54
1474
1474
1474
1474
1474
1474
1474
1474
1474
54
1474
1474
54
1474
54
1474
1474
54
1474
1474
54
1474
1474
54
1474
1474
1474
54
1474
1474
54
1474
1474
1474
1474
54
1474
1474
1474
54
1474
1474
1474
54
1474
1474
1474
54
1474
1474
1474
1474
54
1474
1474
1474
1474
1474
1474
1474
1474
1474
1474
1474
1474
1474
1474
1474
1474
1474
1474
1474
1474
54
1474
1474
1474
1474
1474
1474
1474
1474
1474
1474
1474
1474
1474
1474
1474
54
1474
54
1474
1474
1474
1474
1474
54
1474
54
1474
1474
1474
1474
1474
1474
1474
54
1474
1474
1474
54
1474
1474
1474
1474
54
1474
1474
1474
1474
1474
54
1474
54
1474
1474
54
1474
1474
1474
54
1474
1474
54
1474
1474
54
1474
1474
54
1474
1474
54
1474
1474
1474
1474
54
1474
1474
1474
1474
1474
1474
1474
1474
1474
54
1474
1474
1474
1474
1474
1474
54
1474
1474
1474
1474
54
1474
1474
54
1474
1474
54
1474
1474
1474
54
1474
1474
1474
1474
54
1474
1474
1474
54
1474
1474
54
1474
1474
1474
54
1474
1474
1474
54
1474
1474
54
1474
1474
1474
54
1474
1474
1474
54
1474
1474
1474
54
1474
1474
54
1474
1474
1474
1474
54
1474
1474
1474
1474
54
1474
1474
54
1474
1474
1474
54
1474
1474
54
1474
1474
1474
54
1474
1474
54
1474
1474
1474
54
1474
1474
1474
1474
1474
1474
1474
1474
1474
1474
54
1474
1474
54
1474
1474
1474
1474
1474
1474
1474
54
1474
1474
1474
54
1474
1474
54
1474
1474
54
1474
1474
1474
54
1474
1474
1474
54
1474
1474
1474
54
1474
1474
1474
1474
1474
54
1474
54
1474
1474
1474
54
1474
1474
54
1474
1474
1474
54
1474
1474
1474
54
1474
1474
1474
54
1474
1474
1474
1474
1474
54
1474
1474
1474
1474
1474
54
1474
1474
54
1474
1474
1474
54
1474
1474
54
1474
1474
54
1474
1474
54
1474
1474
1474
54
1474
1474
1474
54
1474
1474
1474
54
1474
1474
54
1474
1474
1474
54
1474
54
1474
1474
54
1474
1474
1474
54
1474
1474
1474
54
1474
1474
54
1474
1474
1474
54
1474
54
1474
1474
54
1474
1474
1474
54
1474
1474
1474
54
1474
1474
1474
54
1474
1474
54
1474
1474
54
1474
1474
54
1474
1474
1474
54
1474
1474
54
1474
1474
1474
54
1474
1474
1474
54
1474
1474
54
1474
1474
1474
54
1474
1474
54
1474
1474
54
1474
1474
1474
54
1474
1474
1474
1474
54
1474
1474
1474
54
1474
1474
54
1474
54
1474
1474
54
1474
1474
54
1474
1474
1474
1474
54
1474
1474
54
1474
1474
1474
54
1474
1474
54
1474
1474
54
1474
1474
1474
1474
1474
1474
1474
1474
54
1474
1474
1474
1474
54
1474
1474
1474
1474
54
1474
1474
54
1474
1474
1474
54
1474
1474
54
1474
1474
1474
1474
54
1474
1474
54
1474
1474
54
1474
1474
54
1474
1474
1474
54
1474
1474
1474
1474
1474
1474
1474
1474
54
1474
1474
1474
1474
54
1474
1474
1474
1474
54
1474
1474
54
1474
1474
1474
54
1474
54
1474
1474
1474
54
1474
1474
54
1474
1474
1474
54
1474
1474
1474
1474
1474
54
1474
54
1474
1474
54
1474
1474
1474
54
1474
1474
54
1474
1474
1474
1474
54
1474
54
1474
1474
54
1474
1474
1474
1474
1474
1474
54
1474
1474
1474
1474
54
1474
1474
54
1474
1474
1474
54
1474
1474
54
1474
1474
54
1474
1474
1474
54
1474
1474
1474
54
1474
1474
54
1474
1474
1474
54
1474
1474
54
1474
1474
1474
1474
54
1474
1474
54
1474
1474
1474
54
1474
1474
1474
1474
54
1474
1474
54
1474
1474
1474
54
1474
1474
1474
54
1474
54
1474
1474
1474
1474
54
1474
1474
1474
1474
1474
1474
54
1474
1474
1474
54
1474
1474
54
1474
1474
1474
1474
54
1474
1474
1474
1474
1474
1474
1474
1474
1474
1474
1474
1474
1474
1474
1474
1474
1474
1474
1474
54
1474
1474
1474
1474
1474
1474
54
1474
1474
54
1474
1474
1474
1474
1474
1474
1474
1474
1474
54
1474
54
1474
1474
1474
1474
54
1474
1474
54
1474
1474
54
1474
1474
54
1474
1474
54
1474
1474
54
1474
1474
1474
54
1474
54
1474
1474
54
1474
1474
54
1474
1474
1474
54
1474
54
1474
1474
54
1474
1474
1474
54
1474
1474
1474
1474
1474
54
1474
1474
54
1474
1474
1474
54
1474
1474
1474
1474
1474
1474
1474
54
1474
1474
1474
1474
54
1474
1474
54
1474
1474
1474
54
1474
1474
1474
54
1474
1474
1474
54
1474
1474
54
1474
1474
54
1474
1474
1474
54
1474
1474
1474
1474
54
1474
1474
1474
54
1474
54
1474
1474
1474
54
1474
1474
54
1474
1474
1474
54
1474
1474
54
1474
1474
1474
1474
1474
1474
1474
54
1474
1474
1474
1474
1474
1474
54
1474
1474
54
1474
1474
1474
54
1474
1474
1474
1474
54
1474
1474
54
1474
1474
54
1474
1474
1474
1474
1474
1474
1474
1474
54
1474
1474
1474
1474
54
1474
1474
54
1474
1474
1474
54
1474
54
1474
1474
1474
54
1474
1474
54
1474
1474
1474
54
1474
1474
1474
54
1474
1474
54
1474
1474
54
1474
1474
1474
54
1474
1474
54
1474
1474
1474
1474
54
1474
1474
54
1474
1474
1474
54
1474
54
1474
1474
1474
54
1474
1474
54
1474
54
1474
1474
1474
54
1474
1474
54
1474
1474
54
1474
1474
54
1474
1474
54
1474
1474
54
1474
1474
1474
54
1474
1474
1474
1474
54
1474
1474
1474
54
1474
1474
54
1474
1474
54
1474
1474
54
1474
1474
1474
54
1474
1474
54
1474
1474
1474
54
1474
1474
54
1474
1474
54
1474
1474
54
1474
1474
1474
54
1474
1474
54
1474
1474
1474
54
1474
1474
1474
1474
1474
54
1474
1474
54
1474
1474
1474
54
1474
1474
54
1474
1474
1474
54
1474
1474
1474
1474
1474
1474
1474
1474
1474
1474
1474
1474
1474
54
1474
1474
1474
1474
1474
1474
1474
1474
54
1474
1474
1474
1474
1474
1474
1474
1474
54
1474
1474
1474
1474
1474
54
1474
1474
54
1474
1474
1474
1474
54
1474
1474
1474
54
1474
1474
54
1474
1474
1474
1474
54
1474
1474
1474
54
1474
1474
1474
1474
54
1474
1474
54
1474
1474
1474
1474
54
1474
1474
54
1474
1474
54
1474
1474
54
1474
1474
54
1474
1474
1474
1474
1474
54
1474
1474
54
1474
1474
1474
54
1474
1474
54
1474
1474
1474
54
1474
1474
1474
1474
54
1474
1474
1474
1474
1474
1474
1474
54
1474
1474
1474
1474
54
1474
1474
54
1474
1474
1474
54
1474
1474
1474
1474
54
1474
1474
54
1474
1474
54
1474
1474
54
1474
54
1474
1474
1474
1474
54
1474
1474
1474
54
1474
1474
54
1474
1474
1474
54
1474
1474
54
1474
1474
1474
1474
54
1474
1474
54
1474
1474
54
1474
1474
1474
1474
1474
1474
54
1474
1474
1474
1474
54
1474
1474
1474
1474
1474
54
1474
1474
1474
54
1474
1474
1474
54
1474
54
1474
1474
1474
1474
1474
1474
1474
1474
1474
1474
1474
54
1474
1474
1474
1474
1474
1474
1474
54
1474
1474
1474
54
1474
1474
1474
54
1474
1474
1474
54
1474
1474
54
1474
1474
54
1474
1474
54
1474
1474
1474
54
1474
1474
54
1474
1474
54
1474
1474
1474
54
1474
1474
54
1474
1474
1474
54
1474
1474
1474
54
1474
1474
54
1474
1474
1474
54
1474
1474
1474
54
1474
1474
1474
1474
54
1474
1474
1474
1474
54
1474
1474
54
1474
1474
1474
1474
54
1474
1474
1474
54
1474
1474
54
1474
1474
1474
54
1474
54
1474
1474
1474
1474
1474
54
1474
1474
54
1474
1474
54
1474
1474
54
1474
1474
54
1474
1474
54
1474
1474
54
1474
1474
1474
54
1474
1474
54
1474
1474
54
1474
1474
1474
54
1474
1474
1474
54
1474
1474
54
1474
1474
1474
54
1474
1474
54
1474
1474
1474
54
1474
1474
54
1474
1474
1474
54
1474
1474
54
1474
1474
1474
54
1474
1474
54
1474
1474
1474
54
1474
1474
54
1474
1474
1474
54
1474
1474
54
1474
1474
54
1474
1474
1474
54
1474
1474
1474
54
1474
1474
54
1474
1474
1474
54
1474
54
1474
1474
1474
54
1474
1474
1474
54
1474
1474
1474
54
1474
1474
54
1474
54
1474
1474
1474
54
1474
1474
1474
54
1474
1474
54
1474
1474
1187
54
55
66
388
1474
315
54
54
506
54
128
92
100
54
100
1327
1474
1474
54
1474
1474
54
1474
1474
1474
54
1474
54
1474
1474
54
1474
1474
1474
1474
1474
54
1474
1474
54
1474
1474
54
1474
1474
1474
54
1474
1474
54
1474
1474
54
1474
1474
54
1474
1474
1474
1474
54
1474
1474
1474
1474
54
1474
1474
54
1474
1474
1474
54
1474
54
1474
1474
1474
1474
1474
1474
1474
1474
1474
54
1474
1474
1474
1474
54
1474
1474
54
1474
1474
54
1474
1474
54
1474
1474
54
1474
1474
1474
54
1474
1474
1474
54
1474
1474
54
1474
54
1474
1474
54
1474
54
1474
1474
54
1474
1474
54
1474
1474
54
1474
54
1474
1474
1474
54
1474
54
1474
1474
54
1474
1474
54
1474
1474
1474
1474
54
1474
1474
54
1474
1474
1474
54
1474
1474
54
1474
1474
1474
54
1474
1474
54
1474
1474
1474
54
1474
1474
54
1474
1474
54
1474
1474
54
1474
54
1474
1474
1474
1474
54
1474
1474
54
1474
1474
1474
1474
1474
54
1474
1474
54
1474
1474
1474
1474
1474
1474
1474
54
1474
1474
1474
1474
54
1474
1474
54
1474
1474
1474
54
1474
54
1474
1474
1474
54
1474
1474
54
1474
54
1474
1474
54
1474
1474
1474
54
1474
1474
54
1474
54
1474
1474
1474
1474
54
1474
1474
54
1474
1474
1474
1474
1474
54
1474
1474
1474
1474
54
1474
1474
54
1474
1474
1474
54
1474
1474
54
1474
1474
54
1474
1474
1474
54
1474
1474
54
1474
1474
54
1474
1474
54
1474
1474
1474
54
1474
1474
1474
1474
54
1474
1474
54
1474
1474
1474
1474
54
1474
1474
1474
1474
54
1474
1474
54
1474
1474
1474
54
1474
54
1474
1474
54
1474
1474
1474
1474
1474
54
1474
1474
54
1474
1474
54
1474
1474
1474
54
1474
1474
1474
1474
54
1474
1474
1474
1474
54
1474
1474
54
1474
1474
1474
54
1474
1474
54
66
1474
1474
1474
1474
1474
1474
1474
1474
1474
1474
1474
1474
1474
1474
54
1474
1474
1474
54
1474
1474
1474
54
1474
1474
1474
54
1474
1474
54
1474
1474
54
1474
1474
54
1474
1474
1474
54
1474
1474
54
1474
54
1474
1474
54
1474
1474
1474
1474
54
1474
1474
1474
1474
1474
1474
1474
1474
54
1474
1474
1474
1474
54
1474
1474
54
1474
1474
1474
1474
1474
54
1474
54
1474
1474
54
1474
1474
54
1474
1474
1474
54
1474
1474
54
1474
1474
1474
54
1474
1474
1474
54
1474
1474
54
1474
1474
54
1474
54
1474
1474
1474
54
1474
1474
1474
1474
1474
1474
1474
54
1474
1474
1474
1474
54
1474
1474
1474
1474
54
1474
1474
1474
1474
54
1474
1474
1474
54
1474
1474
1474
54
1474
1474
1474
54
1474
1474
1474
54
1474
1474
1474
54
1474
1474
54
1474
54
1474
1474
54
1474
1474
54
1474
1474
1474
1474
1474
1474
1474
54
1474
54
1474
1474
54
1474
1474
1474
1474
1474
54
1474
1474
1474
1474
54
1474
1474
54
1474
1474
1474
1474
1474
1474
1474
1474
1474
1474
1474
1474
1474
1474
1474
1474
1474
1474
1474
54
1474
1474
1474
1474
1474
1474
1474
1474
1474
1474
1474
1474
1474
1474
1474
1474
1474
1474
1474
1474
54
1474
1474
1474
1474
1474
1474
1474
1474
1474
54
1474
1474
1474
1474
1474
54
1474
1474
1474
1474
1474
1474
1474
1474
1474
1474
1474
1474
1474
1474
1474
1474
1474
1474
1474
1474
1474
1474
54
1474
1474
1474
1474
1474
1474
1474
1474
1474
1474
1474
1474
1474
1474
66
54
54
54
1474
1474
1474
1474
1474
1474
1474
1474
54
1474
1474
1474
1474
54
1474
1474
54
571
1474
1474
54
1474
1474
1474
54
1474
1474
54
1474
54
1474
1474
1474
54
1474
1474
54
1474
1474
1474
1474
54
1474
1474
54
1474
1474
54
1474
1474
54
1474
1474
1474
54
1474
1474
54
1474
1474
1474
54
1474
54
1474
1474
1474
1474
54
1474
1474
54
1474
1474
1474
1474
54
1474
1474
1474
54
1474
54
1474
1474
1474
1474
1474
54
1474
1474
54
1474
1474
1474
54
1474
1474
1474
54
1474
1474
54
1474
54
1474
1474
54
1474
1474
54
1474
1474
54
1474
1474
1474
1474
54
1474
1474
54
1474
1474
54
1474
1474
54
1474
1474
1474
54
1474
1474
54
1474
1474
1474
54
1474
1474
1474
1474
54
1474
1474
1474
1474
1474
54
1474
1474
54
1474
1474
54
1474
1474
54
1474
1474
1474
54
1474
1474
1474
1474
1474
1474
1474
1474
1474
54
1474
1474
1474
1474
54
1474
1474
54
1474
1474
54
1474
66
1474
1474
66
66
1474
1474
66
66
1474
1474
1474
66
66
66
1474
66
1474
1474
1474
1474
66
66
66
66
1474
1474
66
66
1474
1474
66
66
1474
1474
1474
1474
66
66
66
66
1474
1474
66
66
1474
1474
66
66
1474
1474
1474
66
66
66
1474
66
1474
1474
66
66
1474
1474
1474
66
66
66
1474
66
1474
1474
1474
1474
66
66
66
66
1474
1474
66
66
1474
1474
1474
66
66
66
1474
1474
66
66
1474
1474
1474
66
66
66
1474
1474
66
66
1474
1474
1474
66
66
66
1474
1474
66
54
1474
1474
1474
54
1474
1474
54
1474
1474
1474
1474
1474
1474
1474
1474
1474
54
1474
1474
1474
1474
54
1474
1474
1474
1474
54
1474
1474
54
1474
1474
1474
1474
54
54
1474
1474
54
1474
54
214
270
1474
54
1474
1474
54
1474
107
104
1474
1474
96
54
1474
1474
54
1474
1474
54
1474
1474
54
1474
54
1474
1474
54
1474
1474
54
1474
1474
54
1474
1474
1474
54
1474
54
1474
1474
1474
54
1474
1474
54
1474
1474
1474
54
1474
1474
54
1474
1474
1474
1474
54
1474
1474
54
1474
1474
1474
54
1474
1474
54
1474
1474
54
1474
1474
54
1474
54
1474
1474
54
1474
1474
54
1474
1474
1474
54
1474
54
1474
1474
1474
1474
54
1474
1474
54
1474
1474
1474
1474
54
1474
1474
54
1474
1474
54
1474
1474
54
1474
1474
1474
54
1474
1474
1474
54
1474
1474
1474
54
1474
1474
54
1474
1474
54
1474
54
1474
1474
1474
1474
54
1474
1474
54
1474
1474
1474
1474
54
1474
1474
1474
1474
54
1474
1474
54
1474
1474
1474
54
1474
1474
54
1474
1474
1474
54
1474
1474
1474
54
1474
1474
1474
54
1474
1474
54
1474
1474
1474
1474
54
1474
1474
1474
54
1474
1474
54
1474
54
1474
1474
54
1474
1474
54
1474
1474
1474
54
1474
54
1474
1474
54
1474
1474
54
1474
1474
1474
54
1474
1474
1474
54
1474
1474
54
1474
1474
1474
54
1474
1474
54
1474
1474
1474
1474
1474
1474
1474
54
1474
1474
1474
54
1474
1474
1474
1474
54
1474
1474
1474
1474
54
1474
54
1474
1474
54
1474
1474
1474
54
1474
1474
1474
1474
1474
54
1474
1474
1474
54
1474
54
1474
1474
1474
1474
54
1474
1474
1474
1474
54
1474
1474
1474
54
1474
1474
1474
54
1474
1474
1474
1474
1474
1474
54
1474
1474
1474
54
1474
1474
54
1474
1474
1474
54
1474
1474
1474
54
1474
1474
1474
110
96
54
54
92
1474
1474
54
1474
1474
1474
54
1474
1474
1474
54
1474
54
92
1474
1474
1474
1474
1474
1474
1474
1474
54
1474
1474
1474
54
1474
1474
1474
1474
54
1474
1474
54
1474
1474
1474
1474
54
1474
1474
54
1474
1474
1474
54
1474
1474
54
1474
1474
54
1474
1474
54
1474
1474
1474
1474
54
1474
1474
54
1474
1474
54
1474
1474
54
137
1464
1464
124
128
1474
1474
54
1474
1474
1474
1474
54
1474
1474
1474
54
1474
1474
54
1474
1474
54
1474
1474
54
1474
1474
1474
54
1474
54
1474
1474
54
1474
1474
1474
54
1474
54
1474
1474
54
1474
1474
54
1474
1474
54
1474
1474
1474
54
1474
54
1474
1474
1474
1474
54
1474
1474
54
1474
1474
1474
54
1474
1474
54
1474
1474
54
1474
1474
54
1474
54
1474
1474
54
1474
54
1474
54
54
1474
1474
54
1474
1474
1474
1474
1474
1474
1474
54
1474
1474
1474
1474
1474
54
1474
1474
54
1474
1474
1474
1474
54
1474
1474
1474
1474
54
1474
1474
54
1474
1474
1474
54
1474
54
1474
1474
1474
54
1474
1474
1474
54
1474
1474
1474
54
1474
1474
54
1474
54
1474
1474
54
1474
1474
54
1474
1474
54
1474
1474
54
1474
1474
1474
1474
54
1474
1474
1474
1474
54
1474
1474
54
1474
1474
54
1474
1474
54
1474
1474
1474
1474
54
1474
1474
1474
54
1324
1474
1474
54
1474
54
1474
1474
1474
54
1474
1474
54
1474
1474
54
1474
1474
54
1474
1474
1474
54
1474
1474
54
1474
1474
1474
54
1474
54
1474
1474
54
1474
1474
1474
54
1474
54
1474
1474
1474
54
1474
1474
1474
54
1474
1474
54
1474
1474
1474
1474
1474
1474
1474
1474
54
96
1474
1474
54
1474
1474
1474
54
1474
1474
1474
54
1474
1474
1474
1474
54
1474
54
1474
1474
54
1474
1474
54
1474
1474
1474
1474
1474
1474
54
54
1474
1474
1474
1474
1474
1474
1474
1474
1474
1474
54
54
1474
1474
1474
54
1474
1474
54
1474
54
1474
1474
1474
54
54
1474
1474
1474
1474
1474
1474
66
66
54
1474
1474
1474
1474
1474
1474
1474
1474
1474
1474
1474
66
74
82
82
90
66
1474
1474
1474
74
74
82
54
1474
1474
82
90
1474
90
1474
1474
1474
1474
1474
1474
1474
1474
1474
1474
1474
1474
1474
1474
1474
1474
90
90
90
90
90
90
90
90
90
90
90
90
90
90
90
90
1474
1474
1474
1474
1474
1474
1474
90
90
90
90
90
90
90
1474
1474
90
90
1474
1474
90
90
1474
1474
1474
90
90
90
1066
1474
1474
1474
1474
1474
1474
1474
1474
1474
1474
1474
1474
1474
90
90
90
90
90
90
90
90
90
90
90
90
90
90
1474
1474
1474
1474
1474
90
90
90
90
90
1474
1474
1474
1474
90
82
90
90
1474
1474
1474
90
90
90
1474
1474
90
90
1474
1474
90
90
1474
1474
90
74
1474
1474
1474
1474
1474
90
90
90
90
90
1474
66
1474
54
1474
1474
90
82
1474
82
1474
74
1474
74
1474
1474
74
74
1474
1474
74
74
1474
1474
66
66
1474
1474
66
66
1474
54
1474
1474
54
1474
1474
1474
1474
1474
1474
1474
54
1474
54
1474
1474
1474
54
1474
222
191
1474
54
54
1474
102
1474
54
1474
1474
1474
1474
1474
54
1474
1474
1474
1474
54
1474
1474
54
1474
1474
54
1474
1474
54
1474
1474
1474
1474
54
1474
1474
1474
54
1474
54
1474
1474
1474
54
1474
54
1474
1474
1474
1474
54
1474
1474
54
1474
1474
1474
1474
54
1474
1474
54
1474
1474
54
1474
1474
54
1474
1474
1474
54
1474
1474
54
1474
1474
54
54
1474
54
1474
1474
54
1474
1474
1474
1474
54
1474
1474
1474
1474
54
1474
1474
1474
54
1474
54
1474
1474
1474
54
1474
54
1474
1474
54
1474
1474
54
1474
1474
1474
54
1474
54
1474
1474
54
1474
1474
1474
1474
1474
1474
1474
54
1474
1474
54
1474
1474
1474
54
1474
1474
54
1474
1474
54
1474
1474
54
1474
1474
1474
54
1474
1474
1474
1474
54
1474
1474
54
1474
1474
54
1474
1474
54
1474
1474
1474
54
1474
1474
1474
1176
54
439
96
54
1234
1464
1232
54
1464
1464
1464
1327
54
247
1474
1474
54
1474
1474
54
1474
1474
54
1474
1474
1474
54
1474
1474
539
54
66
66
66
54
571
66
54
571
54
195
54
105
195
105
107
104
96
327
151
123
92
123
54
92
1474
1474
54
1336
54
1474
1474
250
54
54
54
373
96
54
271
1464
1232
1464
54
1464
768
102
54
138
54
1474
266
54
138
139
1003
830
54
138
928
66
66
54
571
54
54
195
105
107
104
96
338
123
92
858
54
92
250
100
157
54
100
54
551
258
100
154
1464
1464
124
1464
1464
124
952
54
54
96
54
1327
54
54
100
54
234
54
1474
358
54
1273
1474
696
92
54
54
1474
1474
1474
1474
1474
1474
1474
1474
1474
1474
1474
1474
1474
1474
1474
1474
1474
1474
1474
1474
54
1474
1474
1474
1474
1474
1474
1474
1474
1474
1474
1474
1474
1474
1474
1474
1474
1474
1474
1474
54
1474
54
1474
1474
1474
1474
1474
54
1474
1474
54
1474
1474
54
1474
1474
1474
54
1474
1474
1474
1474
54
1474
1474
1474
54
1474
1474
54
1474
1474
54
1474
1474
54
1474
1474
1474
54
1474
1474
54
1474
1474
1474
1474
54
1474
1474
1474
54
1474
1474
54
1474
54
1474
1474
1474
54
1474
1474
1474
1474
54
1474
54
1474
1474
1474
54
1474
1474
54
1474
1474
1474
54
1474
54
1474
54
1474
1474
54
1474
1474
54
1474
1474
1474
1474
54
1474
1474
1474
54
1474
1474
1474
54
1474
1474
54
1474
1474
1474
54
1474
54
1474
1474
1474
1474
1474
1474
54
1474
1474
54
1474
1474
54
1474
1474
261
193
102
54
54
1474
1474
54
1474
1474
1474
1474
1474
54
1474
1474
1474
1474
1474
1474
1474
1474
54
1474
1474
1474
1474
54
1474
1474
54
1474
54
1474
1474
54
1474
1474
1474
1474
54
1474
1474
1474
54
1474
1474
1474
54
1474
1474
54
1474
1474
54
1474
1474
54
1474
1474
1474
1474
54
1474
1474
54
1474
1474
54
1474
1474
54
1474
1474
1474
54
1474
1474
1474
1474
1474
1474
54
1474
1474
54
1474
1474
1474
54
1474
1474
54
1474
1474
54
1474
1474
1474
54
1474
1474
54
1474
54
1474
1474
54
1474
1474
54
1474
1474
54
1474
1474
54
1474
1474
1474
1474
1474
1474
1474
1474
54
1474
1474
1474
1474
1474
54
1474
1474
1474
54
1474
1474
1474
54
1474
1474
1474
54
1474
1474
1474
54
1474
1474
54
1474
1474
54
1474
1474
1474
1474
54
1474
54
1474
1474
54
1474
1474
1474
54
1474
1474
54
1474
1474
54
1474
1474
1474
54
1474
1474
54
1474
1474
1474
54
1474
54
1474
1474
54
1474
1474
54
1474
1474
1474
54
1474
54
1474
1474
1474
1474
1474
54
1474
54
1474
1474
54
1474
1474
1474
54
1474
54
1474
1474
1474
54
1474
1474
54
1474
1474
1474
54
1474
1474
1474
54
1474
1474
54
1474
1474
54
1474
1474
1474
54
1474
1474
1474
54
1474
1474
54
1474
1474
54
1474
1474
54
1474
1474
54
1474
54
1474
1474
1474
1474
54
1474
1474
1474
54
1474
54
1474
1474
1474
1474
54
1474
1474
1474
54
1474
1474
54
1474
54
1474
1474
54
1474
1474
54
1474
1474
54
1474
1474
1474
1474
54
1474
1474
54
1474
1474
54
1474
1474
54
1474
1474
1474
54
1474
1474
54
1474
1474
1474
54
1474
1474
54
1474
1474
1474
54
1474
1474
54
1474
54
1474
1474
1474
54
1474
54
1474
1474
1474
1474
54
1474
1474
1474
1474
54
1474
1474
1474
54
1474
1474
1474
54
1474
1474
54
1474
1474
54
1474
1474
54
1474
1474
1474
1474
54
1474
1474
54
1474
1474
1474
54
1474
1474
54
1474
1474
54
1474
1474
54
1474
54
1474
1474
1474
1474
1474
54
1474
1474
1474
54
1474
1474
1474
54
1474
1474
54
1474
1474
54
1474
235
54
1474
358
1393
1474
1474
1324
1474
1474
1474
54
1474
1474
1174
1474
54
1474
1324
54
1474
1474
1474
54
1474
1474
54
1474
1474
1474
54
1024
1474
1474
66
66
1474
1474
66
74
1474
1474
74
74
1474
1474
74
82
1474
1474
1474
82
82
82
1474
1474
82
82
1474
90
1474
1474
1474
1474
1474
1474
90
90
90
90
90
90
1474
1474
1474
90
90
90
1474
1474
1474
90
90
90
1474
1474
1474
1474
90
90
90
90
1474
1474
1474
1474
1474
1474
90
90
90
90
90
90
1474
1474
1474
1474
1474
1474
90
90
54
584
1474
1474
1474
90
90
90
54
1474
1474
90
82
1474
1474
1474
1474
1474
82
82
74
74
74
1474
1474
74
66
1474
1474
1474
1474
1474
1474
1474
1474
54
54
1474
1474
54
1474
1474
1474
1474
1474
54
1474
1474
54
1474
1474
1474
54
1474
54
1474
1474
54
1474
1474
54
1474
1474
1474
54
1474
54
1474
1474
54
1474
1474
54
1474
1474
1474
1474
1474
1474
54
1474
1474
54
1474
1474
54
1474
1474
1474
54
1474
54
1474
1474
1474
1474
54
1474
1474
54
1474
1474
1474
1474
54
1474
1474
54
1474
1474
1474
1474
1474
54
1474
1474
1474
54
1474
1474
1474
54
1474
1474
54
1474
1474
54
1474
1474
1474
54
1474
1474
1474
1474
54
1474
1474
1474
1474
54
1474
1474
54
1474
1474
54
1474
1474
1474
1474
54
1474
1474
1474
54
1474
1474
54
1474
54
1474
1474
1474
1474
54
1474
1474
54
1474
1474
1474
1474
1474
54
1474
1474
54
1474
1474
1474
54
1474
1474
54
1474
1474
54
1474
1474
54
1474
1474
1474
54
1474
1474
54
1474
1474
1474
54
1474
1474
1474
54
1474
1474
54
1474
1474
54
1474
1474
54
1474
1474
54
1474
54
1474
1474
54
1474
1474
1474
54
1474
54
1474
1474
54
1474
1474
54
1474
1474
1474
54
1474
54
1474
1474
54
1474
1474
54
1474
1474
54
1474
1474
1474
1474
54
1474
1474
1474
54
1474
1474
1474
54
1474
1474
1474
54
1474
1474
54
1474
1474
54
1474
1474
54
1474
1474
54
1474
54
1474
1474
1474
1474
1474
1474
1474
1474
54
1474
1474
1474
1474
54
1474
1474
1474
54
1474
1474
1474
54
1474
1474
1474
54
1474
1474
54
1474
1474
54
1474
1474
54
1474
1474
54
1474
1474
1474
54
1474
1474
54
1474
1474
1474
54
1474
1474
54
1474
54
1474
1474
54
1474
1474
54
1474
1474
54
1474
1474
1474
54
1474
1474
54
1474
1474
1474
1474
1474
54
1474
1474
1474
1474
1474
1474
54
1474
1474
54
1474
1474
1474
54
1474
54
1474
1474
54
1474
1474
1474
54
1474
54
1474
1474
1474
1474
1474
1474
1474
1474
1474
1474
54
1474
1474
1474
1474
54
1474
1474
1474
54
1474
1474
54
1474
54
1474
1474
1474
54
1474
1474
1474
54
1474
1474
1474
1474
1474
54
1474
1474
1474
54
1474
1474
1474
54
1474
54
1474
1474
1474
54
1474
54
1474
1474
1474
1474
54
1474
1474
54
1474
1474
54
1474
1474
54
1474
1474
1474
54
1474
1474
1474
54
1474
1474
1474
54
1474
1474
54
1474
54
1474
1474
1474
54
1474
54
1474
1474
1474
54
1474
1474
54
1474
1474
1474
54
1474
1474
54
1474
1474
54
1474
1474
54
1474
1474
1474
54
1474
1474
1474
54
1474
1474
1474
54
1474
1474
1474
1474
1474
54
1474
1474
54
1474
1474
1474
54
1474
1474
54
1474
1474
54
1474
1474
54
1474
54
1474
1474
1474
54
1474
1474
54
1474
1474
54
1474
54
1474
1474
54
1474
1474
54
1474
1474
54
1474
1474
1474
1474
54
1474
1474
54
1474
1474
54
1474
1474
54
1474
1474
1474
1474
54
1474
1474
54
1474
1474
1474
54
1474
1474
54
1474
1474
54
1474
54
1474
1474
54
1474
1474
1474
54
1474
54
1474
1474
54
1474
1474
1474
54
1474
54
1474
1474
1474
1474
54
1474
1474
54
1474
1474
54
1474
1474
1474
54
1474
1474
1474
54
1474
1474
54
1474
1474
1474
1474
54
1474
1474
1474
54
1474
54
1474
1474
54
1474
1474
54
1474
1474
54
1474
1474
1474
1474
54
1474
1474
54
1474
1474
1474
54
1474
1474
1474
54
1474
1474
1474
54
1474
1474
1474
1474
1474
1474
54
1474
1474
1474
54
1474
1474
1474
1474
1474
1474
1474
1474
54
1474
1474
1474
1474
54
1474
1474
54
1474
1474
1474
54
1474
1474
1474
1474
54
1474
54
1474
1474
54
1474
1474
54
1474
1474
1474
1474
1474
54
1474
54
1474
1474
54
1474
1474
1474
54
1474
54
1474
1474
1474
1474
54
1474
1474
54
1474
1474
1474
1474
54
1474
1474
1474
1474
54
1474
1474
54
1474
1474
1474
54
1474
54
1474
1474
1474
54
1474
54
1474
1474
54
1474
1474
1474
1474
54
1474
1474
1474
54
1474
1474
54
1474
54
1474
1474
1474
1474
1474
1474
1474
1474
1474
1474
1474
1474
1474
54
1474
1474
1474
1474
1474
54
1474
1474
54
1474
1474
1474
54
1474
54
1474
1474
1474
54
1474
1474
54
1474
1474
54
1474
1474
54
1474
1474
54
1474
1474
1474
54
1474
1474
1474
1474
1474
1474
1474
1474
54
1474
1474
1474
54
1474
1474
1474
1474
1474
1474
1474
54
1474
1474
1474
1474
54
1474
1474
1474
54
1474
1474
54
1474
1474
1474
54
1474
1474
54
1474
1474
1474
1474
1474
54
1474
1474
1474
1474
54
1474
1474
54
1474
1474
54
1474
54
1474
1474
54
1474
1474
1474
1474
54
1474
1474
1474
54
1474
54
1474
1474
1474
54
1474
1474
54
1474
1474
54
1474
1474
54
1474
54
1474
1474
54
1474
1474
54
1474
1474
54
1474
1474
1474
54
1474
54
1474
1474
54
1474
1474
1474
54
1474
1474
1474
1474
1474
54
1474
1474
1474
1474
54
1474
1474
1474
54
1474
1474
54
1474
54
1474
1474
1474
54
1474
1474
54
1474
1474
54
1474
905
54
55
250
1464
189
399
66
54
96
54
96
54
221
193
54
102
54
1047
1464
1092
54
1464
54
1464
1464
416
54
1464
54
1464
1464
1464
1464
54
1464
1464
1405
984
54
1464
206
381
54
403
54
157
1361
54
1256
526
54
467
137
54
1474
1474
54
1474
1474
54
1474
1249
54
1464
205
1464
54
1283
54
1464
1464
1464
1464
1464
483
54
1464
135
54
355
1464
54
206
250
137
54
661
54
138
1464
54
206
103
54
185
1464
205
1464
1283
1464
1464
1464
1464
1464
1348
405
102
54
257
66
161
407
947
375
100
910
96
66
54
571
234
1474
359
54
247
1453
1474
1474
54
1474
1474
584
54
54
54
235
1474
54
770
1474
1474
54
1324
1474
54
1474
54
1474
1474
1474
1174
1474
1474
1474
1474
54
1474
1474
1474
1474
54
1024
1474
1474
1474
1474
54
1474
1474
54
1474
1474
1474
54
1474
1474
54
1474
1474
1474
54
1474
54
1474
1474
54
247
1474
1474
1474
54
1474
1474
54
1474
1474
954
96
100
54
54
54
55
234
1474
54
358
1122
1474
54
1474
1474
1474
54
1474
1174
54
1474
1474
54
1324
1474
54
1474
1474
1474
1474
1174
54
1474
1474
1324
54
1474
1474
1324
54
1474
54
1474
54
200
1474
54
105
1474
1474
1474
1474
54
1474
1474
54
1474
1474
1474
1474
54
1474
1474
54
54
1474
1474
1474
54
1474
1474
54
107
104
96
1474
1104
54
351
245
171
66
135
92
54
92
54
96
54
66
227
234
1274
54
1464
1464
1464
1464
54
54
1464
54
1464
247
66
54
269
54
146
1474
1474
1474
54
1474
1474
54
374
54
1474
1474
54
1474
68
54
1474
1474
54
1474
1474
932
54
180
146
107
104
96
490
312
123
54
54
92
54
92
54
1474
54
1474
1474
1474
54
138
1474
1474
1474
1474
1474
1474
1474
847
1474
1474
1474
1474
1474
1474
1474
1474
1474
54
1474
1474
1474
1474
54
230
1464
1464
124
1278
1474
1474
1474
1474
1474
1474
1474
1474
1474
1379
1474
1474
1464
1464
1464
1464
1464
54
54
54
92
1474
1474
1474
1474
1464
1464
1464
1464
1464
1464
1464
1464
66
66
66
66
66
54
1474
1474
1474
1474
1129
1474
1474
1474
1474
1474
1474
1474
1474
1474
54
54
1474
1474
1474
1474
1474
66
66
66
1474
66
1474
66
1474
1474
1474
1474
66
54
1474
1474
54
1474
1474
1474
1474
1474
1474
1474
1474
1474
370
54
1464
54
1464
54
96
54
54
54
328
236
102
54
1464
1464
1464
54
1464
1464
54
1464
1464
54
1464
1464
1464
54
1464
1464
1464
1464
54
1464
54
1464
54
1464
1464
798
1464
54
1464
1464
1464
54
1464
1464
1464
54
1464
1464
1464
1464
1464
1464
54
1464
1464
1464
1464
1464
1464
802
54
148
1464
940
54
54
96
54
54
54
96
274
54
200
102
54
274
200
102
54
183
1464
1464
124
1464
1464
124
1464
1464
124
1464
998
146
96
1474
1474
54
1474
1474
1474
54
1474
54
1474
1474
1474
54
1474
54
138
1474
524
54
96
54
54
54
54
319
54
1251
54
54
220
193
102
96
54
248
1464
1232
54
1464
1464
1464
54
427
54
186
138
138
1474
478
54
560
1474
1474
54
1132
1474
981
54
1132
66
96
54
1281
623
54
1464
205
1464
1283
1464
54
1464
1464
54
1464
1464
54
1464
1464
1464
991
54
429
211
102
54
139
138
806
839
54
420
185
96
54
138
54
201
1015
755
54
96
177
54
1464
1464
54
1464
1464
1464
1464
54
1152
1464
1464
1464
54
1464
1464
54
1464
1464
1464
1464
54
1464
1464
1024
1464
54
1464
1464
1464
54
54
1464
1464
1464
54
1464
1464
54
255
432
1464
1464
54
1464
1464
54
1464
54
1464
1464
1464
1464
1464
1464
54
1464
1464
1464
1464
1464
54
1464
1464
1464
1464
54
1464
54
1464
1464
1464
54
1464
1464
54
1464
1464
54
96
1464
1464
54
1464
1464
1464
54
1464
54
1464
1464
54
1464
111
54
54
54
330
285
102
54
1209
1464
1232
1464
1464
1464
1464
1167
54
138
742
247
1474
1474
54
1474
1474
54
1474
1474
54
1474
1474
54
1474
357
54
54
375
54
96
54
246
102
54
55
66
55
85
54
54
66
256
99
175
784
96
96
54
54
54
54
362
191
102
54
96
96
1324
1474
1474
54
1474
1474
1474
54
1474
1474
1474
1474
54
1474
1474
1474
1474
54
1474
1474
1474
1474
1474
54
1474
1474
1474
54
1474
54
1474
1474
54
1474
1474
54
1474
1474
1474
54
1474
1474
1474
54
1474
1474
1474
54
1474
1474
1474
54
1474
1474
1474
54
1474
1474
1474
1474
1474
1474
1474
1474
54
1474
1474
1474
1474
54
1474
1474
1474
1474
54
54
1474
1474
1474
1474
54
1474
1474
1474
54
1474
1474
1474
1474
54
1474
1474
54
1474
1474
1474
1474
1474
54
1474
54
1474
1474
54
1474
1474
54
1474
1474
1474
1474
1474
54
1474
1474
1474
1474
1474
54
1474
1474
1474
1474
1474
54
1474
1474
54
1474
54
1474
1474
54
1474
1474
54
1474
1474
54
1474
1474
1474
54
1474
1474
1474
1474
1474
1474
1474
1474
1474
1474
1474
1474
54
1474
1474
1474
1474
1474
1474
1474
1474
1474
1474
1474
54
1474
1474
54
1474
1474
1474
54
1474
1474
1474
54
1474
1474
54
1474
1474
1474
54
1474
1474
1474
54
1474
1474
54
1474
1474
1474
54
1474
1474
54
1474
1474
1474
1474
54
1474
1474
1474
54
1327
1474
1474
54
1474
1474
1474
1474
1474
1474
54
1474
1474
54
1474
1474
1474
54
1474
54
1474
1474
1474
54
1474
1474
54
1474
1474
1474
1474
54
1474
1474
54
1474
1474
54
1474
1474
54
1474
1474
1474
1474
54
1474
1474
1474
1474
1474
1474
54
1474
54
1474
1474
1474
1474
54
1474
1474
1474
54
1474
1474
54
1474
54
1474
1474
1474
54
1474
1474
54
1474
1474
54
1474
1474
54
1474
1474
54
1474
1474
1474
54
1474
1474
1474
1474
1474
54
54
1474
1474
1474
54
1474
1474
328
54
1474
1474
54
1474
1474
1474
1474
54
1474
1474
54
1474
1474
1474
54
1474
54
1474
1474
54
1474
1474
54
1474
1474
54
1474
1474
54
1474
1474
54
1474
1474
1474
54
1474
54
1474
1474
54
1474
1474
54
1474
1474
54
1474
1474
1474
54
1474
54
1474
1474
54
1474
1474
54
1474
1474
54
1474
1474
1474
54
1474
54
1474
1474
1474
54
1474
54
1474
1474
1474
1474
1474
1474
1474
54
1474
1474
1474
1474
54
1474
54
1474
1474
54
1474
1474
1474
54
1474
1474
54
1474
1474
54
1474
1474
1474
54
1474
1474
1474
54
1474
1474
54
1474
1474
1474
54
1474
1474
54
1474
1474
1474
54
1474
54
1474
1474
1474
1474
1474
1474
54
1474
1474
54
1474
1474
1474
1474
1474
1474
1474
1474
1474
1474
1474
1474
54
1474
1474
1474
1474
1474
1474
1474
1474
1474
1474
1474
1474
54
1474
1474
54
1474
1474
54
1474
1474
54
1474
1474
54
1474
1474
54
1474
1474
54
1474
1474
54
1474
1474
54
1474
1474
54
1474
1474
54
1474
1474
54
1474
1474
54
1474
1474
54
1474
1474
54
1474
1474
1474
54
1474
1474
1474
54
1474
1474
1474
54
1474
1474
54
1474
1474
54
1474
1474
54
1474
1474
54
1474
54
1474
1474
54
1474
1474
1474
54
1474
1474
54
1474
1474
54
1474
1474
1474
1474
54
1474
54
1474
1474
1474
54
1474
1474
54
1474
54
1474
1474
54
1474
1474
1474
1474
54
1474
1474
54
1474
1474
1474
1474
1474
54
1474
54
1474
1474
1474
1474
1474
1474
1474
1474
1474
54
1474
1474
1474
1474
54
1474
1474
54
1474
1474
1474
54
1474
1474
54
1474
1474
1474
54
1474
54
1474
1474
1474
1474
1474
54
1474
1474
1474
54
1474
1474
54
1474
1474
1474
54
1474
1474
54
1474
1474
1474
54
1474
1474
1474
54
1474
1474
54
1474
54
1474
1474
1474
1474
1474
1474
54
1474
1474
1474
1474
1474
1474
1474
54
1474
1474
1474
54
1474
1474
1474
54
1474
54
1474
1474
54
1474
1474
1474
54
1474
1474
54
1474
1474
1474
1474
1474
1474
1474
1474
1474
54
1474
1474
1474
1474
54
1474
1474
1474
1474
1474
1474
1474
1474
1474
54
1474
1474
1474
54
1474
1474
1474
54
1474
1474
54
1474
1474
54
1474
54
1474
1474
1474
1474
54
1474
1474
54
1474
1474
1474
1474
54
1474
1474
1474
54
1474
1474
54
1474
1474
54
1474
1474
54
1474
54
1474
1474
1474
54
1474
54
1474
1474
1474
1474
1474
1474
1474
1474
1474
1474
1474
54
1474
1474
1474
1474
1474
54
1474
1474
1474
54
1474
1474
1474
1474
54
1474
54
1474
1474
1474
54
1474
54
1474
1474
54
1474
1474
54
1474
1474
54
1474
1474
1474
54
1474
54
1474
1474
1474
54
1474
1474
54
1474
1474
54
1474
1474
54
1474
1474
1474
54
1474
1474
54
1474
1474
1474
54
1474
54
1474
1474
54
1474
1474
54
1474
1474
1474
1474
54
1474
1474
54
1474
1474
1474
54
1474
1474
54
1474
1474
54
1474
54
1474
1474
1474
1474
1474
54
1474
1474
54
1474
1474
1474
54
1474
1474
54
1474
1474
1474
1474
54
1474
1474
1474
1474
1474
54
1474
54
1474
1474
1474
1474
54
1474
1474
1474
54
1474
1474
54
1474
1474
54
1474
1474
54
1474
1474
54
1474
54
1474
1474
54
1474
1474
54
1474
1474
54
1474
1474
54
1474
1474
1474
54
1474
1474
1474
54
1474
1474
54
1474
1474
54
1474
1474
54
1474
1474
54
1474
1474
54
1474
1474
1474
54
1474
54
1474
1474
1474
1474
54
1474
1474
54
1474
1474
1474
1474
1474
1474
1474
1474
54
1474
1474
1474
54
1474
1474
1474
54
1474
1474
1474
1474
54
1474
1474
54
1474
1474
1474
54
1474
54
1474
1474
54
1474
1474
1474
1474
1474
1474
1474
54
1474
1474
54
1474
54
1474
1474
1474
54
1474
1474
54
1474
1474
1474
1474
1474
54
1474
1474
54
1474
1474
1474
1474
1474
1474
1474
1474
54
1474
1474
1474
54
1474
1474
54
1474
1474
1474
1474
1474
1474
1474
1474
54
1474
1474
54
1474
1474
54
1474
54
1474
1474
54
1474
1474
1474
1474
1474
1474
1474
1474
54
1474
1474
54
1474
1474
54
1474
1474
54
1474
1474
1474
54
1474
1474
1474
1474
1474
1474
1474
54
1474
1474
1474
1474
54
1474
1474
1474
54
1474
1474
1474
1474
54
1474
1474
54
1474
1474
1474
54
1474
1474
1474
1474
1474
1474
1474
54
1474
1474
54
1474
1474
54
1474
54
1474
1474
1474
54
1474
1474
54
1474
1474
54
1474
1474
54
1474
1474
1474
1474
54
1474
1474
54
1474
54
1474
1474
1474
1474
54
1474
1474
54
1474
1474
54
1474
1474
54
1474
1474
54
1474
1474
54
1474
1474
1474
1474
1474
54
1474
1474
1474
54
1474
1474
54
1474
1474
1474
1474
1474
1474
54
1474
1474
1474
1474
1474
54
1474
54
1474
1474
54
1474
1474
1474
1474
54
1474
1474
54
1474
1474
1474
54
1474
1474
1474
54
1474
1474
54
1474
1474
1474
54
1474
1474
1474
54
1474
1474
1474
54
1474
1474
1474
54
1474
1474
1474
1474
54
1474
1474
54
1474
1474
54
1474
1474
54
1474
1474
1474
54
1474
54
1474
1474
1474
54
1474
1474
54
1474
1474
1474
54
1474
1474
1474
54
1474
1474
1474
1474
54
1474
54
1474
1474
54
1474
1474
1474
54
1474
54
1474
1474
1474
54
1474
1474
54
1474
1474
1474
54
1474
1474
1474
54
1474
1474
54
1474
1474
1474
1474
1474
54
1474
1474
1474
1474
54
1474
1474
54
1474
1474
1474
54
1474
1474
1474
1474
54
1474
1474
54
1474
1474
1474
54
1474
1474
1474
1474
54
1474
1474
1474
1474
1474
1474
1474
1474
54
1474
1474
1474
1474
1474
54
1474
1474
1474
54
1474
1474
54
1474
1474
1474
54
1474
1474
54
1474
1474
1474
54
1474
1474
1474
1474
54
1474
1474
1474
1474
1474
1474
54
1474
1474
1474
1474
1474
1474
54
1474
1474
54
1474
1474
54
1474
1474
1474
1474
1474
54
1474
1474
54
1474
1474
1474
54
1474
1474
54
1474
1474
1474
54
1474
1474
54
1474
1474
54
1474
1474
54
1474
54
1474
1474
1474
54
1474
1474
1474
54
1474
1474
1474
54
1474
1474
1474
1474
1474
1474
1474
1474
1474
54
1474
1474
1474
1474
54
1474
1474
54
1474
1474
54
1474
1474
54
1474
1474
54
1474
1474
1474
1474
54
1474
1474
1474
1474
1474
1474
54
1474
1474
1474
54
1474
1474
1474
1474
54
1474
1474
1474
54
1474
1474
1474
54
1474
1474
1474
1474
1474
1474
1474
54
1474
1474
1474
54
1474
1474
1474
54
1474
1474
1474
1474
1474
1474
1474
1474
1474
1474
1474
1474
54
1474
1474
1474
1474
1474
1474
1474
1474
1474
1474
54
1474
1474
54
1474
1474
54
1474
1474
54
1474
1474
54
1474
1474
54
1474
1474
54
1474
1474
54
1474
1474
54
1474
1474
54
1474
1474
54
1474
1474
54
1474
1474
54
1474
1474
54
1474
1474
1474
54
1474
1474
54
1474
1474
1474
1474
1474
1474
1474
1474
1474
54
1474
1474
1474
54
1474
1474
1474
54
1474
1474
54
1474
1474
1474
1474
54
1474
1474
1474
1474
54
1474
1474
54
1474
1474
54
1474
1474
54
1474
1474
1474
54
1474
54
1474
1474
54
1474
1474
1474
54
1474
1474
1474
1474
54
1474
1474
54
1474
54
1474
1474
1474
54
1474
54
1474
1474
1474
1474
54
1474
1474
54
1474
1474
54
1474
1474
54
1474
1474
1474
54
1474
1474
1474
1474
1474
1474
54
1474
1474
1474
1474
54
1474
1474
1474
1474
1474
1474
1474
1474
1474
1474
54
1474
1474
1474
1474
54
1474
1474
1474
54
1474
1474
54
1474
1474
1474
54
1474
1474
1474
54
1474
1474
1474
54
1474
1474
54
1474
1474
1474
54
1474
1474
1474
54
1474
1474
1474
1474
54
1474
1474
1474
54
1474
54
1474
1474
54
1474
1474
1474
54
1474
1474
54
1474
1474
54
1474
1474
1474
54
1474
1474
54
1474
1474
54
1474
1474
1474
54
1474
54
1474
1474
54
1474
1474
54
1474
1474
54
1474
1474
1474
1474
1474
1474
1474
1474
54
1474
1474
1474
1474
1474
54
1474
1474
1474
1474
1474
1474
1474
54
1474
1474
1474
54
1474
54
1474
1474
54
1474
1474
1474
1474
54
1474
1474
1474
1474
54
1474
1474
54
1474
1474
54
1474
1474
54
1474
1474
54
1474
1474
1474
1474
54
1474
1474
54
1474
1474
54
1474
1474
54
1474
1474
1474
54
1474
1474
54
1474
1474
1474
54
1474
1474
54
1474
1474
1474
54
1474
54
1474
1474
1474
1474
54
1474
1474
54
1474
1474
1474
1474
54
1474
1474
1474
54
1474
54
1474
1474
54
1474
1474
1474
54
1474
54
1474
1474
1474
54
1474
1474
54
1474
54
1474
1474
1474
1474
54
1474
1474
54
1474
1474
1474
1474
54
1474
1474
54
1474
1474
1474
54
1474
1474
54
1474
1474
54
1474
54
1474
1474
54
1474
1474
54
1474
1474
1474
54
1474
1474
54
1474
1474
54
1474
54
1474
1474
1474
54
1474
54
1474
1474
1474
1474
54
1474
1474
54
1474
1474
54
1474
1474
54
1474
1474
1474
54
1474
1474
1474
1474
1474
1474
1474
1474
1474
54
1474
1474
1474
54
1474
1474
1474
1474
1474
1474
1474
1474
1474
54
1474
1474
54
1474
1474
54
1474
1474
1474
54
1474
1474
54
1474
54
1474
1474
54
1474
1474
1474
54
1474
1474
54
1474
1474
1474
54
1474
1474
54
1474
1474
1474
54
1474
1474
54
1474
54
1474
1474
54
1474
1474
54
1474
1474
1474
54
1474
1474
1474
54
1474
1474
54
1474
1474
54
1474
1474
1474
1474
54
1474
1474
1474
1474
54
1474
1474
1474
54
1474
54
1474
1474
1474
1474
1474
1474
1474
1474
54
1474
1474
1474
1474
54
1474
1474
54
1474
1474
1474
54
1474
54
1474
1474
1474
54
1474
54
1474
1474
54
1474
1474
1474
54
1474
54
1474
1474
1474
1474
1474
54
1474
1474
1474
54
1474
1474
54
1474
1474
1474
54
1474
1474
54
1474
54
1474
1474
1474
54
1474
54
1474
1474
1474
54
1474
54
1474
1474
54
1474
1474
1474
54
1474
1474
54
1474
1474
54
1474
1474
54
1474
54
1474
1474
1474
54
1474
1474
1474
54
1474
1474
54
1474
1474
1474
1474
54
1474
1474
1474
1474
1474
54
1474
1474
1474
54
1474
1474
54
1474
1474
1474
54
1474
1474
54
1474
54
1474
1474
1474
54
1474
1474
1474
54
1474
1474
54
1474
1474
1474
54
1474
54
1474
1474
54
1474
1474
54
1474
1474
1474
54
1474
1474
1474
54
1474
1474
54
1474
1474
1474
54
436
54
523
100
54
54
100
128
54
92
100
54
100
54
54
54
85
54
181
100
1474
591
54
54
100
54
54
141
587
54
92
100
54
100
54
55
66
1327
1474
1474
54
1474
1474
54
1474
1474
1474
54
1474
54
1474
1474
1474
1474
1474
1474
54
1474
1474
1474
1474
1474
1474
1474
1474
1474
1474
54
1474
1474
1474
1474
54
1474
1474
54
1474
1474
1474
1474
1474
1474
1474
1474
1474
54
1474
1474
54
1474
54
1474
1474
1474
54
1474
1474
54
1474
1474
1474
54
1474
1474
1474
1474
54
1474
1474
54
1474
1474
54
1474
1474
1474
1474
1474
1474
1474
1474
1474
1474
1474
1474
1474
54
1474
1474
1474
1474
1474
54
1474
1474
1474
54
1474
1474
54
1474
1474
1474
1474
54
1474
54
1474
1474
1474
1474
54
1474
1474
54
1474
1474
54
1474
1474
54
1474
1474
54
1474
1474
54
1474
1474
1474
54
1474
1474
54
1474
1474
54
1474
54
1474
1474
54
1474
1474
1474
54
1474
54
1474
1474
1474
1474
54
1474
1474
1474
54
1474
54
1474
1474
1474
54
1474
54
1474
1474
54
1474
1474
1474
1474
1474
54
1474
1474
1474
54
1474
1474
54
1474
1474
1474
54
1474
1474
1474
1474
54
1474
54
1474
1474
54
1474
1474
1474
54
1474
1474
1474
1474
54
1474
1474
54
1474
1474
54
1474
1474
1474
1474
1474
1474
1474
1474
1474
1474
1474
1474
1474
54
1474
1474
1474
1474
1474
1474
54
1474
1474
1474
1474
1474
54
1474
1474
1474
1474
54
1474
1474
54
1474
54
1474
1474
1474
54
1474
1474
54
1474
1474
1474
54
1474
1474
54
1474
1474
54
1474
1474
54
1474
1474
1474
1474
54
1474
1474
1474
1474
54
1474
1474
1474
1474
54
1474
1474
1474
54
1474
54
1474
1474
1474
54
1474
1474
54
1474
1474
54
1474
1474
54
1474
1474
1474
1474
54
1474
1474
54
1474
1474
54
1474
1474
1474
1474
1474
1474
1474
1474
1474
1474
1474
54
1474
1474
1474
1474
54
1474
1474
54
1474
1474
1474
54
1474
1474
1474
54
1474
1474
54
1474
1474
1474
54
1474
54
1474
1474
54
1474
1474
54
1474
1474
1474
54
1474
54
1474
1474
1474
1474
1474
54
1474
54
1474
1474
54
1474
1474
54
1474
1474
1474
1474
54
1474
1474
54
1474
1474
54
1474
1474
1474
1474
1474
1474
54
1474
1474
54
1474
1474
1474
54
1474
1474
54
1474
1474
54
1474
1474
54
1474
1474
1474
54
1474
1474
1474
1474
1474
54
1474
54
1474
1474
54
1474
1474
1474
54
1474
1474
54
1474
54
1474
1474
54
1474
1474
54
1474
1474
1474
54
1474
54
1474
1474
54
1474
1474
1474
54
1474
54
1474
1474
1474
1474
54
1474
1474
54
1474
1474
1474
1474
1474
1474
54
1474
1474
1474
54
1474
1474
54
1474
54
1474
1474
1474
1474
54
1474
1474
1474
1474
54
1474
1474
1474
54
1474
1474
1474
54
1474
1474
1474
1474
54
1474
1474
1474
54
1474
54
1474
1474
1474
1474
54
1474
1474
1474
54
1474
1474
54
1474
1474
1474
54
1474
1474
54
1474
1474
54
1474
1474
54
1474
1474
1474
54
1474
54
1474
1474
54
1474
1474
1474
54
1474
54
1474
1474
54
1474
1474
1474
1474
54
1474
1474
1474
54
1474
1474
54
1474
1474
1474
1474
54
1474
1474
1474
54
1474
1474
1474
1474
54
1474
1474
1474
54
1474
1474
54
1474
1474
1474
54
1474
1474
1474
1474
54
1474
1474
54
1474
1474
54
1474
1474
1474
1474
1474
1474
54
1474
1474
1474
1474
1474
1474
1474
1474
54
1474
1474
1474
1474
54
1474
1474
54
1474
1474
54
1474
1474
1474
1474
1474
1474
54
1474
1474
1474
54
1474
1474
1474
1474
1474
54
1474
1474
1474
1474
1474
54
1474
1474
1474
54
1474
1474
54
1474
1474
1474
54
1474
1474
54
1474
1474
1474
1474
1474
1474
54
1474
1474
1474
54
1474
1474
54
1474
1474
1474
54
1474
54
1474
1474
1474
1474
1474
1474
54
1474
1474
1474
54
1474
1474
1474
1474
1474
1474
1474
1474
54
1474
1474
1474
1474
54
1474
1474
1474
1474
54
1474
1474
1474
1474
54
1474
1474
1474
54
1474
1474
54
1474
1474
1474
1474
1474
54
1474
1474
1474
54
1474
1474
1474
54
1474
54
1474
1474
1474
54
1474
54
1474
1474
54
1474
1474
1474
1474
1474
1474
54
1474
1474
1474
1474
54
1474
1474
1474
54
1474
1474
1474
54
1474
1474
54
1474
1474
1474
1474
54
1474
1474
1474
1474
1474
54
1474
54
1474
1474
1474
54
1474
54
1474
1474
1474
54
1474
54
1474
1474
54
1474
1474
54
1474
1474
1474
54
1474
54
1474
1474
1474
54
1474
1474
54
1474
1474
1474
54
1474
1474
1474
54
1474
1474
1474
54
1474
1474
1474
54
1474
1474
1474
1474
1474
54
1474
1474
54
1474
1474
1474
54
1474
1474
1474
54
1474
1474
54
1474
1474
1474
54
1474
54
1474
1474
54
1474
1474
1474
1474
54
1474
1474
54
1474
1474
54
1474
1474
54
1474
1474
1474
54
1474
54
1474
1474
1474
54
1474
1474
54
1474
1474
54
1474
1474
1474
54
1474
1474
1474
1474
1474
1474
54
1474
1474
1474
54
1474
54
1474
1474
54
1474
1474
54
1474
1474
54
1474
1474
1474
1474
1474
54
1474
1474
1474
1474
1474
1474
54
1474
1474
1474
1474
54
1474
54
1474
1474
54
1474
1474
54
1474
1474
1474
1474
54
1474
1474
1474
54
1474
1474
54
1474
1474
1474
1474
54
1474
1474
1474
54
1474
1474
1474
54
1474
1474
54
1474
1474
54
1474
1474
1474
54
1474
1474
1474
1474
1474
1474
1474
54
1474
1474
1474
54
1474
1474
1474
1474
1474
54
1474
1474
54
1474
1474
1474
54
1474
1474
54
1474
1474
1474
54
1474
54
1474
1474
1474
54
1474
1474
1474
54
1474
1474
1474
1474
1474
1474
1474
1474
1474
1474
1474
1474
1474
1474
1474
1474
1474
54
1474
1474
1474
1474
1474
1474
1474
1474
1474
54
1474
1474
1474
1474
54
1474
1474
54
1474
1474
1474
54
1474
54
1474
1474
1474
54
1474
1474
54
1474
1474
1474
54
1474
1474
1474
1474
1474
1474
1474
1474
1474
1474
54
1474
1474
1474
54
1474
1474
1474
54
1474
1474
1474
1474
1474
54
1474
1474
1474
54
1474
1474
1474
54
1474
1474
54
1474
1474
54
1474
1474
54
1474
1474
54
1474
1474
54
1474
1474
1474
54
1474
1474
1474
1474
1474
54
1474
1474
1474
1474
54
1474
1474
1474
54
1474
1474
54
1474
1474
54
1474
1474
54
1474
1474
54
1474
1474
1474
54
1474
1474
1474
54
1474
1474
1474
1474
54
1474
1474
1474
54
1474
1474
1474
54
1474
1474
1474
1474
54
1474
1474
54
1474
1474
1474
1474
54
1474
1474
1474
54
1474
1474
54
1474
1474
1474
54
1474
1474
54
1474
1474
54
1474
1474
1474
54
1474
1474
54
1474
1474
54
1474
1474
1474
54
1474
1474
1474
1474
54
1474
1474
54
1474
1474
1474
54
1474
1474
54
1474
54
1474
1474
1474
54
1474
1474
54
1474
1474
1474
54
1474
1474
1474
1474
1474
54
1474
1474
54
1474
54
1474
1474
54
1474
1474
54
1474
1474
1474
1474
54
1474
1474
54
1474
1474
54
1474
1474
54
1474
1474
1474
54
1474
1474
54
1474
1474
1474
54
1474
1474
1474
1474
1474
54
1474
54
1474
1474
54
1474
1474
1474
54
1474
54
1474
1474
1474
1474
54
1474
1474
1474
1474
54
1474
1474
1474
54
1474
1474
54
1474
1474
54
1474
1474
1474
1474
54
1474
54
1474
1474
1474
54
1474
54
1474
1474
1474
54
1474
1474
54
1474
1474
1474
54
1474
1474
1474
54
1474
1474
1474
54
1474
1474
1474
1474
1474
1474
1474
54
1474
1474
1474
1474
54
1474
1474
1474
1474
54
1474
1474
54
1474
1474
54
1474
1474
54
1474
1474
1474
54
1474
1474
1474
1474
54
1474
1474
1474
54
1474
1474
54
1474
1474
54
1474
1474
54
1474
54
1474
1474
1474
54
1474
54
1474
1474
1474
1474
54
1474
1474
54
1474
1474
54
1474
1474
66
66
1474
1474
1474
1474
66
66
66
66
1474
1474
66
66
1474
1474
66
66
1474
1474
1474
1474
1474
66
66
66
66
66
1474
66
1474
1474
66
66
1474
66
1474
66
1474
1474
1474
66
66
66
1474
1474
1474
66
66
66
1474
1474
1474
1474
1474
1474
1474
66
66
66
66
66
66
66
1474
1474
1474
66
66
66
1474
1474
1474
66
66
66
1474
66
1474
1474
1474
66
66
66
1474
1474
66
66
1474
1474
1474
66
66
66
1474
1474
1474
66
66
66
1474
1474
1474
1474
66
66
66
66
1474
1474
1474
66
66
66
1474
1474
1474
1474
1474
1474
1474
1474
1474
1474
1474
54
54
1474
1474
54
54
1474
1474
54
1474
1474
1474
1474
1474
54
1474
54
1474
1474
1474
54
1474
54
1474
1474
1474
54
1474
1474
1474
1474
54
1474
1474
1474
54
1474
54
1474
1474
1474
54
1474
54
1474
1474
54
1474
1474
54
1474
1474
54
1474
1474
54
1474
1474
1474
54
1474
54
1474
1474
1474
54
1474
1474
54
1474
1474
54
1474
1474
54
1474
1474
54
1474
54
1474
1474
54
1474
1474
54
1474
1474
1474
1474
54
1474
1474
54
1474
1474
1474
1474
54
1474
1474
1474
1474
54
1474
1474
54
1474
1474
54
1474
1474
54
1474
1474
54
1474
1474
1474
54
1474
54
1474
1474
1474
1474
54
1474
1474
54
1474
1474
54
1474
1474
1474
1474
54
1474
1474
54
1474
1474
1474
54
1474
1474
54
1474
1474
54
1474
1474
54
1474
1474
1474
54
1474
1474
1474
54
1474
1474
1474
1474
1474
54
1474
1474
1474
54
1474
1474
1474
1474
1474
54
1474
1474
54
1474
1474
54
1474
1474
54
1474
1474
1474
54
1474
54
1474
1474
54
1474
1474
1474
54
1474
54
1474
1474
1474
1474
1474
1474
1474
1474
1474
54
1474
1474
1474
1474
1474
1474
1474
54
1474
1474
1474
1474
54
1474
1474
54
1474
1474
1474
54
1474
1474
54
1474
1474
54
1474
1474
54
1474
1474
1474
54
1474
1474
1474
1474
1474
54
1474
54
1474
1474
54
1474
1474
1474
54
1474
54
1474
1474
1474
54
1474
1474
54
1474
1474
1474
1474
1474
54
1474
1474
1474
1474
1474
1474
1474
1474
54
1474
1474
1474
1474
1474
1474
1474
54
1474
1474
54
1474
1474
1474
54
1474
1474
1474
54
1474
1474
1474
1474
1474
1474
1474
54
1474
1474
1474
1474
54
1474
1474
1474
1474
1474
54
1474
54
1474
1474
54
1474
1474
54
1474
1474
54
1474
1474
54
1474
1474
54
1474
1474
1474
54
1474
54
1474
1474
54
1474
1474
54
1474
1474
1474
54
1474
1474
54
1474
1474
1474
54
1474
1474
1474
54
1474
54
1474
1474
1474
1474
1474
54
1474
1474
1474
54
1474
1474
54
1474
1474
54
1474
1474
54
1474
1474
1474
54
1474
1474
54
1474
1474
54
1474
1474
54
1474
1474
1474
54
1474
1474
1474
54
1474
433
54
515
100
54
54
100
128
92
100
54
100
54
55
66
100
54
85
54
100
85
100
85
54
100
100
100
54
66
66
54
54
54
54
54
100
54
85
54
54
54
1324
1474
1474
54
1474
1474
1474
1474
1474
54
1474
54
55
1474
1474
54
1474
1474
1474
1474
1474
1474
1474
1474
1474
1474
1474
1474
1474
1474
1474
1474
1474
1474
1474
1474
1474
1474
1474
1474
1474
1474
1474
1474
1474
1474
1474
1474
1474
54
1474
1474
1474
1474
100
1474
85
54
66
54
54
1474
54
1474
55
1474
1474
54
1474
54
1474
54
1474
54
1474
1327
1474
54
1474
1474
54
1474
1474
100
85
54
1474
54
54
1474
54
54
1474
1474
54
1474
1474
54
1474
1474
54
1474
1474
54
54
1474
1474
1474
54
1474
1474
1474
54
1474
1474
54
1474
1474
54
1474
1474
1474
1474
54
54
1474
1474
1474
1474
1474
1474
1474
54
1474
1474
1474
54
54
1474
1474
54
1474
1474
1474
54
1474
1474
54
1474
1474
1474
54
1474
54
1474
54
1474
1474
1474
1474
1474
54
1474
1474
1474
54
54
1474
1474
54
1474
1474
1474
54
1474
1474
1474
1474
1474
54
1474
1474
54
1474
1474
1474
54
1474
1474
1474
54
54
1474
1474
1474
54
1474
1474
54
1474
1474
54
1474
1474
54
1474
1474
1474
54
54
1474
1474
54
1474
1474
1474
1474
1474
1474
1474
1474
1474
1474
66
66
66
66
66
54
1474
1474
1474
1474
1474
66
66
66
66
66
1474
1474
66
66
1474
1474
1474
1474
1474
1474
1474
66
66
66
66
74
74
74
1474
1474
74
74
1474
1474
1474
1474
1474
1474
1474
74
74
82
74
74
82
82
1474
1474
90
90
1474
1474
1474
90
90
90
1474
1474
1474
90
90
90
1474
1474
1474
90
90
90
1474
1474
90
90
1474
90
1474
1474
90
90
1474
1474
1474
1474
1474
1474
1474
90
90
90
90
90
90
90
1474
1474
1474
1474
66
90
90
90
90
1474
1474
1474
90
90
90
1474
1474
1474
90
90
90
1474
90
1474
1474
90
90
1474
1474
90
90
1474
1474
1474
90
90
90
1474
90
1474
1474
1474
1474
1474
1474
1474
1474
1474
90
90
90
90
90
90
90
90
90
1474
1474
1474
90
90
90
1474
90
1474
90
1474
90
1474
66
1474
1474
1474
1474
1474
1474
1474
1474
1474
1474
1474
1474
1474
1474
1474
1474
1474
1474
1474
1474
1474
90
90
90
90
90
90
90
82
90
82
82
90
90
90
74
90
66
66
90
66
66
90
1474
82
1474
82
1474
1474
74
74
1474
74
1474
1474
1474
66
54
66
1474
1474
1474
66
66
66
1474
66
1474
1474
1474
1474
66
66
54
1474
66
1474
66
54
1474
1474
54
1474
1474
54
1474
66
1474
66
1474
1474
54
1474
1474
54
1474
1474
1474
66
54
1474
1474
1474
1474
1474
1474
1474
1474
1474
1474
1474
1474
1474
1474
1474
1474
1474
1474
1474
1474
1474
1474
1474
1474
1474
1474
1474
1474
66
66
66
66
66
54
1474
1474
1474
1474
54
1474
1474
54
1474
1474
54
1474
54
1474
1474
1474
54
1474
1474
54
1474
1474
54
1474
1474
54
1474
1474
54
1474
54
1474
1474
54
1474
1474
54
1474
1474
54
1474
1474
54
1474
1474
54
1474
1474
54
1474
1474
54
1474
1474
54
1474
1474
54
1474
1474
54
1474
1474
54
1474
1474
1474
1474
54
1474
1474
54
1474
1474
54
1474
1474
54
1474
1474
1474
54
1474
54
1474
1358
54
1474
1474
54
1474
1474
54
1474
1474
54
1474
1474
54
1474
1474
54
1474
1474
54
1474
1474
54
1474
1474
54
55
1474
1474
54
1474
1474
54
1474
1474
54
1474
1474
54
1474
1474
54
1474
1474
54
1474
1474
54
1474
1474
54
1474
1474
54
1474
1474
54
1474
1474
54
1474
1474
54
1474
1474
1474
1474
54
1474
1474
54
54
1474
1474
54
1474
1474
54
1474
1474
54
1474
1474
54
1474
1474
54
1474
1474
54
1474
1474
54
1474
1474
54
1474
1474
54
1474
1474
54
1474
1474
54
1474
1474
54
1474
1474
54
1474
1474
1474
54
1474
54
1474
1474
1474
54
1474
54
1474
1474
54
1474
1474
1474
54
1474
54
1474
1474
54
1474
1474
1474
54
1474
54
1474
1474
1474
54
1474
1474
54
1474
1474
54
1474
1474
1474
54
1474
1474
1474
54
1474
1474
54
1474
1474
54
1474
1474
54
1474
1474
54
1474
54
1474
1474
54
1474
1474
54
1474
1474
54
1474
1474
54
1474
1474
54
1474
1474
1474
54
1474
54
1474
1474
1474
54
1474
1474
54
1474
54
1474
1474
1474
54
1474
1474
54
1474
1474
54
1474
54
1474
1474
1474
54
1474
1474
54
1474
1474
54
1474
1474
1474
54
1474
1474
54
1474
1474
1474
54
1474
1474
54
1474
1474
54
1474
54
1474
1474
1474
1474
54
1474
1474
1474
54
1474
1474
54
1474
1474
1474
1474
1474
1474
1474
1474
54
1474
1474
1474
1474
54
1474
1474
1474
54
1474
1474
54
1474
1474
1474
54
1474
1474
54
1474
1474
1474
54
1474
1474
54
1474
1474
54
1474
1474
54
1474
1474
1474
54
1474
1474
54
1474
1474
1474
1474
1474
1474
54
1474
1474
1474
1474
1474
1474
1474
54
1474
1474
54
1474
1474
54
1474
1474
1474
1474
54
1474
1474
54
1474
1474
54
1474
1474
54
1474
1474
1474
54
1474
54
1474
1474
1474
1474
1474
54
1474
54
1474
1474
1474
1474
1474
1474
1474
1474
1474
1474
1474
1474
54
1474
1474
1474
1474
1474
54
1474
1474
1474
1474
1474
1474
1474
1474
1474
1474
1474
1474
1474
1474
1474
54
1474
1474
1474
1474
54
1474
1474
54
1474
1474
54
1474
1474
54
1474
1474
54
1474
1474
54
1474
1474
1474
1474
54
1474
1474
1474
1474
54
1474
1474
54
1474
1474
1474
54
1474
1474
54
1474
1474
1474
54
1474
1474
54
1474
1474
1474
54
1474
1474
54
1474
1474
1474
1474
54
1474
1474
54
1474
1474
54
1474
1474
54
1474
1474
1474
54
1474
1474
1474
54
1474
1474
54
1474
1474
54
1474
1474
1474
1474
1474
54
1474
1474
54
1474
1474
1474
1474
54
1474
1474
1474
1474
54
1474
1474
1474
1474
1474
54
1474
54
1474
1474
54
1474
1474
54
1474
1474
1474
54
1474
54
1474
1474
1474
54
1474
54
1474
1474
54
1474
1474
1474
1474
54
1474
1474
1474
1474
54
1474
1474
1474
1474
1474
1474
1474
1474
54
1474
1474
1474
54
1474
1474
54
1474
1474
1474
54
1474
1474
1474
54
1474
1474
54
1474
54
1474
1474
1474
1474
54
1474
1474
54
1474
1474
1474
1474
1474
1474
54
1474
1474
54
1474
1474
1474
54
1474
1474
54
1474
1474
54
1474
1474
54
1474
54
1474
1474
1474
54
1474
1474
54
1474
1474
1474
1474
1474
1474
1474
54
1474
1474
1474
1474
1474
1474
1474
54
1474
1474
1474
54
1474
1474
54
1474
1474
1474
54
1474
1474
54
1474
54
1474
1474
54
1474
1474
1474
54
1474
1474
54
1474
1474
54
1474
1474
1474
54
1474
1474
1474
54
1474
1474
1474
54
1474
1474
54
1474
1474
54
1474
1474
54
1474
1474
1474
54
1474
54
1474
1474
54
1474
1474
54
1474
1474
54
1474
1474
1474
54
1474
1474
1474
54
1474
1474
1474
54
1474
1474
54
1474
1474
54
1474
1474
54
1474
1474
1474
1474
1474
1474
1474
1474
1474
54
1474
1474
1474
1474
54
1474
1474
54
1474
1474
54
1474
1474
54
1474
1474
1474
1474
1474
54
1474
1474
54
1474
1474
54
1474
1474
54
1474
54
1474
1474
54
1474
1474
1474
1474
1474
54
1474
1474
54
1474
1474
54
1474
1474
1474
1474
1474
1474
1474
54
1474
1474
54
1474
1474
1474
54
1474
1474
1474
1474
1474
1474
54
1474
1474
1474
1474
54
1474
1474
54
1474
54
1474
1474
54
1474
1474
54
1474
1474
54
1474
1474
54
1474
1474
1474
1474
54
1474
1474
1474
1474
54
1474
1474
54
1474
1474
54
1474
1474
1474
54
1474
1474
54
1474
1474
1474
1474
54
1474
1474
54
1474
1474
1474
54
1474
1474
1474
1474
1474
1474
54
1474
1474
1474
1474
54
1474
1474
1474
1474
1474
54
1474
1474
54
1474
54
1474
1474
1474
54
1474
1474
54
1474
1474
54
1474
1474
54
1474
1474
1474
54
1474
1474
1474
54
1474
1474
54
1474
1474
1474
1474
1474
1474
54
1474
54
1474
1474
1474
1474
1474
1474
1474
1474
54
1474
1474
54
1474
1474
54
1474
1474
54
1474
1474
54
1474
1474
54
1474
1474
54
1474
1474
1474
54
1474
1474
54
1474
1474
54
1474
1474
1474
54
1474
1474
1474
1474
1474
54
1474
54
1474
1474
54
1474
1474
1474
54
1474
54
55
1474
1474
54
1474
1474
1474
1474
1474
54
1474
1474
1474
54
1474
1474
1474
54
1474
54
1474
1474
1474
54
1474
1474
54
1474
1474
54
1474
1474
1474
54
1474
1474
1474
1474
1474
1474
1474
1474
1474
54
1474
1474
1474
1474
1474
54
1474
1474
54
1474
1474
1474
54
1474
54
1474
1474
54
1474
1474
1474
54
1474
54
1474
1474
1474
54
1474
54
1474
1474
1474
1474
66
54
1474
1474
1474
1474
1474
54
1474
1474
54
1474
1474
1474
54
1474
1474
1474
1474
54
1474
1474
54
1474
1474
1474
66
66
1474
1474
1474
66
66
66
1474
66
1474
1474
1474
1474
66
66
66
66
1474
1474
66
66
1474
1474
1474
66
66
66
1474
1474
66
66
1474
1474
66
66
1474
1474
1474
1474
1474
66
66
66
66
66
1474
1474
1474
66
66
66
1474
1474
1474
1474
1474
1474
1474
1474
66
66
66
66
66
66
66
66
1474
1474
66
66
1474
1474
1474
1474
1474
66
66
66
66
66
1474
1474
1474
66
66
66
1474
1474
66
66
1474
1474
1474
66
66
66
1474
1474
1474
1474
66
66
66
66
1474
66
1474
66
1474
1474
66
66
1474
1474
66
66
1474
1474
1474
1474
1474
66
66
66
66
66
1474
1474
66
66
1474
1474
66
66
1474
1474
74
74
1474
1474
74
74
1474
1474
1474
74
74
74
1474
1474
1474
1474
1474
74
74
74
74
74
1474
1474
1474
1474
74
74
66
66
1474
1474
1474
66
66
66
1474
1474
1474
1474
1474
1474
1474
1474
1474
66
66
66
66
66
66
66
66
66
1474
1474
1474
66
66
66
1474
66
1474
66
1474
1474
66
66
1474
1474
66
66
1474
66
1474
66
1474
66
1474
66
1474
66
1474
66
1474
1474
66
66
1474
66
1474
1474
66
66
1474
1474
66
66
1474
1474
66
54
1474
1474
54
1474
1474
54
1474
1474
54
1474
1474
1474
1474
1474
54
1474
1474
54
1474
1474
54
1474
54
1474
1474
54
1474
1474
1474
54
1474
1474
54
1474
1474
1474
54
1474
1474
54
1474
1474
54
1474
1474
1474
1474
1474
54
1474
54
1474
1474
54
1474
1474
1474
1474
54
1474
1474
1474
1474
1474
1474
1474
1474
1474
1474
1474
1474
1474
1474
1474
1474
1474
1474
1474
1474
54
1474
1474
1474
1474
1474
1474
1474
1474
1474
1474
1474
1474
1474
1474
1474
1474
1474
1474
1474
1474
1474
1474
1474
1474
1474
1474
1474
1474
54
1474
1474
1474
1474
1474
54
1474
54
1474
1474
1474
54
1474
1474
1474
54
1474
1474
54
1474
1474
54
1474
1474
54
1474
1474
54
1474
1474
54
1474
1474
54
1474
1474
1474
54
1474
54
1474
1474
1474
54
1474
1474
54
1474
1474
1474
1474
54
1474
1474
1474
54
1474
1474
1474
54
1474
1474
54
1474
1474
1474
54
1474
1474
1474
1474
1474
1474
54
1474
1474
54
1474
1474
54
1474
1474
1474
1474
1474
1474
1474
54
1474
1474
1474
1474
54
1474
1474
1474
54
1474
1474
54
1474
1474
1474
54
1474
1474
54
1474
1474
1474
54
1474
1474
1474
54
1474
54
1474
1474
1474
1474
54
1474
1474
1474
54
1474
1474
1474
1474
54
1474
1474
54
1474
1474
1474
1474
54
1474
1474
1474
54
1474
1474
54
1474
1474
54
1474
1474
1474
54
1474
1474
54
1474
1474
54
1474
1474
1474
1474
54
1474
1474
54
1474
1474
1474
54
1474
1474
1474
1474
1474
54
1474
1474
1474
54
1474
1474
54
1474
1474
1474
54
1474
54
1474
1474
1474
1474
1474
1474
1474
1474
1474
1474
1474
1474
1474
1474
1474
1474
1474
1474
1474
1474
1474
1474
1474
1474
1474
1474
54
1474
1474
1474
1474
1474
1474
1474
1474
1474
54
1474
1474
1474
54
1474
1474
1474
54
1474
54
1474
1474
54
1474
1474
54
1474
1474
1474
54
1474
54
1474
1474
54
1474
1474
1474
54
1474
1474
54
1474
54
1474
1474
1474
1474
54
1474
1474
54
1474
1474
54
1474
1474
1474
1474
54
1474
1474
54
1474
1474
1474
54
1474
1474
54
1474
54
1474
1474
1474
54
1474
54
1474
1474
1474
54
1474
54
1474
1474
1474
54
1474
54
1474
1474
54
1474
1474
54
1474
1474
54
1474
1474
1474
54
1474
1474
1474
54
1474
1474
1474
1474
54
1474
1474
1474
1474
1474
1474
1474
1474
54
1474
1474
1474
1474
54
1474
1474
54
1474
1474
1474
54
55
1474
54
1474
1474
54
1474
1474
1474
54
1474
54
1474
1474
1474
54
1474
1474
54
1474
1474
54
1474
54
1474
1474
54
1474
1474
54
1474
1474
54
1474
1474
54
1474
1474
54
1474
1474
1474
54
1474
54
1474
1474
54
1474
1474
54
1474
1474
1474
54
1474
54
1474
1474
54
1474
1474
54
1474
1474
1474
1474
54
1474
1474
1474
1474
54
1474
1474
1474
1474
1474
1474
1474
1474
54
1474
1474
1474
1474
54
1474
1474
1474
54
1474
1474
1474
54
1474
1474
1474
54
1474
1474
54
1474
1474
1474
54
1474
1474
1474
1474
54
1474
1474
1474
54
1474
54
1474
1474
1474
54
1474
54
1474
1474
1474
54
1474
54
1474
1474
1474
1474
1474
54
1474
1474
54
1474
1474
54
1474
1474
54
1474
54
1474
731
54
66
388
1474
315
54
54
55
66
55
66
1324
1474
1474
54
1474
1474
1474
54
1474
54
1474
1474
54
1474
1474
1474
54
1474
54
1474
1474
1474
54
1474
54
1474
1474
54
1474
1474
1474
1474
54
1474
1474
1474
1474
54
1474
1474
54
1474
1474
54
1474
1474
54
1474
1474
1474
54
1474
1474
54
1474
1474
1474
54
1474
1474
1474
54
1474
54
1474
1474
1474
54
1474
54
1474
1474
1474
54
1474
1474
1474
1474
54
1474
1474
1474
54
1474
1474
54
1474
1474
54
1474
1474
1474
54
1474
54
1474
1474
1474
54
1474
1474
54
1474
1474
54
1474
1474
1474
54
1474
1474
1474
1474
1474
54
1474
1474
1474
1474
54
1474
1474
54
1474
1474
1474
1474
54
1474
1474
1474
54
1474
1474
54
1474
1474
54
1474
1474
54
1474
1474
1474
54
1474
54
1474
1474
54
1474
1474
54
1474
1474
1474
1474
1474
1474
1474
54
1474
54
1474
1474
1474
54
1474
1474
54
1474
1474
54
1474
1474
54
1474
1474
1474
54
1474
1474
54
1474
1474
1474
54
1474
1474
54
1474
1474
54
1474
1474
1474
54
1474
1474
1474
1474
1474
1474
1474
1474
1474
1474
473
54
54
66
66
54
252
54
1474
1474
219
54
180
296
1050
54
818
88
54
54
66
66
54
248
55
66
54
1474
1474
54
1352
180
105
1474
1474
1474
961
54
54
55
66
533
1050
54
54
411
807
88
54
66
501
54
54
66
54
252
54
1474
1474
219
54
180
296
1474
1474
1474
1474
54
1474
1474
1474
1474
54
1474
1474
1238
707
88
54
54
54
54
54
526
100
54
54
100
128
54
92
100
54
100
54
1474
1474
54
1474
1474
54
1474
1474
54
1474
1474
54
1474
1474
54
55
1474
1474
54
1474
1474
1474
1474
54
1474
1474
1474
1474
1474
1474
54
54
1474
1474
54
1474
1474
1474
54
1474
54
1474
1474
54
1474
1300
54
1474
315
54
54
1327
1474
1474
1474
54
1474
1474
1474
54
1474
1474
54
1474
1474
1474
54
1474
1474
54
1474
1474
1474
54
1474
1474
1474
54
1474
1474
54
1474
1474
54
1474
1474
1474
54
1474
1474
1474
1474
54
1474
1474
54
1474
1474
1474
54
1474
1474
1474
1474
1474
54
1474
1474
1474
1474
54
1474
1474
1474
1474
54
1474
1474
1474
54
1474
54
1474
1474
1474
1474
54
1474
1474
54
1474
1474
54
1474
1474
54
1474
1474
1474
54
1474
1474
54
1474
1474
1474
1474
1474
1474
54
1474
1474
54
1474
1474
1474
54
1474
1474
54
1474
1474
1474
1474
54
1474
1474
54
1474
1474
1474
54
1474
54
1474
1474
1474
1474
54
1474
1474
54
1474
1474
1474
1474
1474
1474
1474
54
1474
1474
1474
54
1474
1474
54
1474
1474
54
1474
1474
54
1474
1474
1474
1474
54
1474
1474
1474
54
1474
1474
54
1474
1474
54
1474
1474
1474
1474
1474
1474
54
1474
1474
1474
1474
1474
1474
1474
1474
1474
1474
1474
1474
1474
1474
54
1474
1474
1474
54
1474
1474
1474
54
1474
1474
54
1474
54
1474
1474
1474
54
1474
54
1474
1474
1474
54
1474
1474
54
1474
1474
1474
54
1474
1474
1474
1474
54
1474
1474
54
1474
1474
54
1474
1474
54
1474
1474
1474
1474
54
1474
1474
54
1474
1474
1474
1474
1474
54
1474
1474
1474
54
1474
1474
1474
54
1474
1474
1474
54
1474
1474
1474
1474
335
54
55
66
55
66
55
54
55
54
258
100
144
100
296
54
54
100
643
54
135
100
54
100
54
54
100
127
54
274
100
54
100
54
54
616
100
54
54
100
127
54
475
100
54
273
54
96
54
66
274
66
54
265
54
54
1474
1474
248
54
180
131
587
54
100
54
296
98
54
100
54
85
54
54
54
274
54
760
100
54
532
506
54
54
54
54
54
54
54
54
54
66
54
54
128
92
100
105
92
100
54
66
66
54
54
54
54
66
66
66
54
290
66
54
54
54
290
54
54
54
54
54
54
54
54
66
54
255
66
54
66
259
54
255
54
54
54
54
54
1474
1474
54
1474
497
54
1474
1474
1474
497
54
180
54
180
1474
1474
54
1387
54
1474
1474
54
1387
180
54
1474
1474
54
1425
180
345
328
328
296
296
348
110
96
54
54
54
54
54
107
104
96
92
855
54
92
54
54
54
55
682
1474
1474
389
1474
54
1474
54
1474
263
1474
1474
54
1474
1474
956
54
1474
54
997
208
100
54
100
267
100
66
54
54
96
100
54
1464
1464
54
1464
1464
1464
54
1464
1152
54
1464
1464
54
1464
1464
1464
1464
54
1464
1464
54
1464
1464
1464
1338
54
1464
54
1464
1464
54
1464
1464
1464
1464
1464
54
1464
1464
1464
1024
54
1464
54
1464
1464
1464
1464
54
1464
1464
1464
54
1464
1464
703
54
224
54
244
1474
1474
1474
54
1474
1474
54
1474
1474
1474
1474
54
1474
1474
54
1474
1474
1474
54
1474
54
1474
1474
1474
54
1474
1474
54
1474
54
1474
1474
876
54
1474
54
1474
1474
66
66
1474
