frame.len
66
66
54
257
60
1414
742
1414
856
54
345
60
107
104
96
432
60
60
60
60
348
152
54
92
92
1414
491
1414
443
54
1414
742
825
1414
742
1414
54
1414
1414
54
1414
1025
54
1414
1414
54
1414
585
54
1414
742
826
54
1414
742
1414
874
54
1414
54
742
824
54
1414
742
824
54
1414
742
824
54
1414
742
815
54
1414
742
824
54
1414
742
54
824
1414
742
596
54
100
60
66
66
54
266
60
1414
742
1414
856
54
345
107
104
96
326
60
66
60
60
60
60
66
54
276
60
1414
1414
966
54
345
364
465
348
152
54
92
270
92
60
317
54
1316
66
66
54
571
1414
1414
1414
1414
1414
1414
54
1414
1414
54
1414
1414
1414
54
966
54
60
205
100
270
100
1318
1414
1414
1414
1414
1414
54
1414
1414
54
1414
54
566
1414
1414
1414
54
60
902
1414
1414
1414
1414
54
1414
54
1414
1414
54
1414
1414
54
1414
1414
1414
54
1414
54
1414
1414
54
1414
1414
1414
1414
1414
1414
1414
54
1414
54
1414
1414
54
1414
260
1414
1414
54
1414
1414
54
1414
1414
1414
1414
54
1414
1414
1414
199
1414
1414
54
54
1414
1414
54
118
1414
1414
54
1414
1350
54
1414
1414
1414
1414
54
118
54
60
1414
1350
1414
1414
118
1414
1414
54
1414
1350
54
1414
54
1414
1414
1414
1414
1414
1414
54
1414
1414
1414
1414
1414
60
1414
54
1414
1414
54
1414
1414
1414
1414
1414
1414
1414
54
1414
54
1414
1414
54
1414
1414
54
1414
1414
1414
1414
1414
1414
1414
54
1414
54
1414
1414
54
1414
1414
1414
1414
1414
1414
54
1414
1414
1414
1414
1414
54
1414
1414
1414
1414
54
1414
54
1414
1414
54
1414
1414
1414
1414
1414
54
1414
54
1414
1414
1414
54
1414
1414
54
1414
1414
54
1414
54
1414
1414
54
1414
1414
1414
1414
1414
1414
54
66
1414
1414
1414
54
1414
54
1414
1414
54
1414
1414
54
1414
1414
54
1414
1414
1414
54
1414
1414
54
1414
1414
1414
1414
1414
54
1414
1414
54
1414
1414
1414
1414
1414
1414
1414
54
1414
54
1414
1414
1414
1414
54
1414
1414
1414
1414
1414
1414
54
1414
1414
1414
54
1414
1414
1414
1414
1414
1414
54
1414
54
1414
1414
54
1414
1414
1414
1414
1414
1414
1414
54
1414
54
1414
1414
54
1414
1414
1414
1414
1414
1414
1414
54
1414
54
1414
1414
1414
1414
1302
1414
1414
54
1414
1414
54
1414
54
1414
150
1414
1414
1414
1254
1414
54
1414
54
214
1414
1238
246
1414
1414
1414
54
1414
54
1414
1414
1414
54
1414
54
1414
1414
1414
54
1414
1414
1414
1414
1414
1414
54
1414
1414
54
1414
54
1414
1414
1414
1414
1414
1414
1414
54
1414
1414
54
1414
54
1414
1414
1414
1414
1414
1414
1414
54
1414
54
1414
1414
1414
54
921
100
1414
1414
1414
1414
54
1414
54
1414
1414
1414
1414
1414
1414
54
1414
1414
54
1414
1414
1414
1414
1414
1414
1414
54
1414
54
1414
1414
54
1414
1414
1414
1414
54
1414
1414
54
1414
1414
54
1414
1414
1414
1414
1414
1414
54
1414
1414
1414
1414
1414
1414
54
1414
1414
54
1414
1414
1414
1414
1414
1414
54
1414
1414
1414
1414
1414
54
1414
54
1414
1414
1414
54
1414
1414
1414
1414
1414
1414
54
1414
54
1414
1414
54
1414
1414
54
1414
1414
1414
1414
1414
1414
66
54
54
255
1414
1382
1414
1414
54
1414
60
1414
1414
54
1414
1414
54
1414
1414
54
1414
54
1414
1414
1414
1414
54
1414
1414
54
1414
1414
86
54
1414
54
1414
1414
1414
1414
1414
54
1414
1414
54
1414
54
1414
1414
1414
54
1414
1414
1414
1414
1414
54
1414
1414
1414
1414
54
1414
1414
54
1414
1302
54
1414
1414
1414
1414
1414
1414
1414
54
1414
54
1414
1414
1414
1414
1414
1414
54
1414
1414
1414
1414
54
1414
1414
1414
54
166
54
1414
1414
1414
54
1414
1414
54
1414
54
1414
1414
1414
1414
1414
54
1414
1414
54
1414
1414
1414
54
1206
1414
54
1414
1414
1414
1414
1414
262
54
1414
1414
54
1414
1414
54
1414
1414
54
1414
1414
1414
54
1414
54
1414
1414
1414
54
1414
645
54
60
1414
1414
1414
70
168
54
345
107
104
96
832
348
110
96
54
92
60
92
60
357
92
100
54
100
60
585
60
559
60
559
477
60
60
212
100
187
100
60
141
100
54
100
141
100
54
1327
100
60
1414
1414
1414
1414
1414
1414
54
1414
1414
1414
1414
1414
1414
54
1414
1414
1414
54
1414
1414
1414
54
1414
1414
1414
54
1414
54
1414
1414
54
1414
1414
54
1414
1414
54
1414
1414
54
1414
1414
1414
54
1414
1414
54
1414
1414
54
1414
1414
54
1414
1414
54
1414
1414
1414
54
1414
1414
1414
1414
1414
1414
1414
54
1414
1414
1414
54
1414
1414
54
1414
1414
54
1414
1414
1414
54
1414
1414
54
1414
54
1414
1414
1414
54
1414
54
1414
1414
54
1414
1414
1414
1414
54
1414
1414
1414
1414
1414
1414
54
1414
1414
54
1414
1414
54
1414
1414
1414
54
1414
54
1414
1414
1414
1414
1414
54
1414
54
1414
1414
54
1414
1414
54
1414
1414
54
1414
1414
54
1414
1414
54
1414
1414
1414
54
1414
1414
1414
54
1414
1414
1414
1414
1414
1414
1414
54
1414
54
1414
1414
54
1414
1414
54
1414
1414
1414
1414
54
1414
1414
1414
1414
1414
1414
1414
54
1414
54
1414
1414
54
1414
1414
1414
1414
1414
1414
1414
54
1414
54
1414
1414
1414
1414
1414
1414
1414
54
1414
1414
1414
54
1414
1414
1414
1414
1414
1414
1414
54
1414
1414
54
1414
1414
54
1414
1414
1414
1414
54
1414
54
1414
1414
1414
54
1414
54
1414
1414
1414
1414
1414
54
1414
1414
1414
1414
54
1414
54
1414
1414
54
1414
1414
54
1414
1414
1414
1414
1414
54
1414
54
1414
1414
54
1414
1414
54
1414
1414
1414
1414
54
1414
1414
54
1414
1414
1414
1414
54
1414
1414
1414
54
1414
1414
1286
1414
182
1414
54
1414
1414
54
1414
1414
54
1414
1414
54
1414
54
1414
1414
1414
1414
1414
54
1414
54
1222
1414
1414
54
214
54
1414
1414
54
1414
1414
54
1414
1414
86
1414
1414
1414
1414
54
1414
1414
54
1414
54
1414
1414
1414
54
1414
1414
54
1414
54
1414
1414
54
1414
1414
1414
1414
1414
1414
54
1414
1414
1414
1414
1414
1414
1414
54
1414
1414
54
1414
1414
54
1414
54
1414
1414
1414
1414
54
1414
1414
54
1414
1414
1414
1414
1414
1414
1414
54
1414
54
1414
1414
1414
1414
1414
1414
54
1414
1414
1414
1414
1414
1414
54
1414
1414
1414
1414
54
1414
1414
1414
54
1414
1414
1414
54
1414
1414
1414
54
1414
54
1414
1414
54
1414
1414
54
1414
1414
1414
1414
54
1414
1414
1414
54
1414
54
1414
1328
1414
1414
1414
1414
54
1414
1414
1414
1414
1414
54
1414
1414
1414
1414
1414
54
1414
54
1414
1414
1414
1414
1414
54
1414
1414
1414
1414
54
1414
1414
54
1414
1414
54
1414
54
1414
1414
54
1414
1414
1414
1414
54
1414
1414
54
1414
1414
54
1414
1414
1414
1414
1414
1414
54
1414
1414
1414
54
1414
54
1414
1414
1414
1414
1414
1414
54
1414
1414
1414
54
1414
1414
54
1414
1414
1414
1414
1414
1414
54
1414
1414
54
1414
54
1414
1414
1414
1414
1414
1414
1414
54
1414
54
1414
1414
1414
54
1414
1414
54
1414
54
1414
1414
54
1414
1414
1414
1414
1414
1414
1414
54
1414
54
1414
1414
645
1414
1414
1414
1414
54
54
1414
1414
1414
54
1414
1414
54
1414
54
1414
1414
1414
54
1414
54
1414
1414
1414
54
1414
1414
1414
1414
1414
1414
54
1414
54
1414
1414
54
1414
1414
1414
1414
54
1414
1414
1414
1414
1414
1414
54
1414
1414
1414
1414
1414
1414
1414
54
1414
54
1414
1414
54
1414
1414
1414
1414
54
1414
1414
1414
1414
54
1414
1414
54
1414
1414
1414
1414
1414
1414
54
1414
1414
1414
1414
54
1414
1414
1414
54
1414
54
1414
1414
1414
1414
54
1414
1414
54
1414
1414
1414
1414
1414
54
1414
1414
1414
1414
54
782
1414
1414
1414
54
1414
1414
1414
1414
1414
1414
54
540
1414
1414
54
1414
1414
1414
54
1414
54
1414
1414
1414
54
265
1414
1414
1414
1414
54
1414
1414
1414
1414
1414
1414
1414
54
1414
1414
54
1414
1414
1414
1414
1414
1414
1414
54
1414
1414
1414
1414
1414
1414
54
1414
54
1414
1414
1414
54
1414
54
1414
1414
1414
1414
1414
1414
54
1414
1414
1414
54
1414
1414
54
1414
54
1414
1414
1414
1414
1414
1414
54
1414
1414
1414
54
1414
1414
1414
1414
1414
54
1414
1414
1414
1414
1414
1414
54
1414
1414
1414
1414
1414
1414
1414
54
1414
1414
1414
60
1414
54
186
1414
54
1414
1414
1414
1414
1414
54
1414
54
1414
1414
54
1414
1414
54
1414
1414
1414
1414
54
1414
1414
54
1414
1414
1414
1414
1414
1414
1414
54
1414
54
1414
1414
1414
1414
54
1414
1414
54
1414
1414
1414
1414
1414
1414
1414
54
1414
1414
1414
1414
1414
54
1414
1414
54
1414
1414
1414
54
1414
1414
1414
1414
1414
1414
54
1414
1414
54
1414
54
1414
1414
1414
54
1414
54
1414
1414
1414
1414
1414
54
1414
54
1414
1414
1414
54
1414
1414
54
1414
1414
1414
1414
1414
54
1414
1414
54
1414
1414
54
1414
1414
1414
1414
54
1414
1414
54
1414
1414
54
1414
1414
1414
1414
1414
1414
1414
54
1414
54
1414
1414
1414
1414
54
1414
1414
1414
1414
54
1414
1414
1414
1414
54
1414
1414
1414
1414
1414
1414
1414
54
1414
54
1414
1414
54
1414
1414
1414
1414
1414
54
1414
1414
54
1414
54
1414
1414
1414
1414
1414
1414
1414
54
1414
54
1414
1414
1414
1414
1414
1414
54
1414
1414
128
92
100
1414
1414
1414
54
54
100
1414
54
1414
1414
1414
1414
54
66
1414
1414
1414
1414
1414
54
1414
1414
1414
54
1414
1414
1414
1414
1414
1414
1414
54
1414
54
1414
1414
1414
54
1414
54
1414
1414
1414
1414
1414
1414
54
1414
1414
1414
54
1414
54
1414
1414
1414
54
1414
1414
1414
1414
1414
1414
54
1414
54
1414
1414
1414
1414
1414
1414
54
1414
1414
54
1414
1414
1414
1414
54
1414
1414
54
1414
1414
1414
1414
1414
54
1414
54
1414
1414
54
1414
1414
1414
1414
1414
1414
1414
54
1414
54
1414
1414
1414
1414
1414
1414
54
1414
1414
54
1414
1414
1414
1414
1414
1414
54
1414
1414
54
1414
1414
1414
1414
54
1414
1414
1414
54
1414
54
1414
1414
1414
1414
54
1414
1414
1414
54
1414
54
1414
1414
1414
1414
1414
1414
1414
54
1414
54
1414
1414
54
1414
1414
1414
1414
54
1414
1414
1414
1414
54
1414
1414
1414
1414
1414
1414
54
1414
1414
54
1414
1414
54
1414
1414
1414
54
1414
1414
54
1414
54
1414
1414
1414
1414
54
1414
1414
1414
1414
54
1414
1414
1414
1414
1414
1414
1414
54
1414
1414
54
1414
54
1414
1414
1414
1414
1414
54
1414
54
1414
1414
1414
54
1414
54
1414
1414
1414
1414
1414
1414
1414
54
1414
54
1414
1414
1414
1414
1414
54
1414
54
1414
1414
1414
1414
1414
54
1414
1414
1414
1414
1414
1414
54
1414
54
1414
1414
1414
1414
1414
54
1414
54
1414
1414
54
1414
1414
54
1414
1414
66
1414
1414
1414
1414
54
54
1414
269
1414
1414
54
1414
1414
1414
54
1414
1414
54
1414
1414
1414
1414
54
1414
1414
1414
1414
1414
54
1414
54
1414
1414
54
1414
1414
1414
1414
1414
1414
1414
54
1414
54
1414
1414
1414
1414
1414
54
1414
54
1414
1414
54
1414
1414
1414
1414
1414
1414
54
1414
1414
1414
54
1414
54
1414
1414
54
1414
1414
1414
1414
1414
1414
1414
54
1414
54
1414
1414
1414
54
1414
54
1414
1414
1414
1414
1414
1414
1414
54
1414
54
1414
1414
1414
54
1414
1414
54
1414
54
1414
1414
1414
54
1414
54
1414
1414
1414
1414
1414
1414
1414
54
1414
54
1414
1414
54
1414
1414
1414
1414
1414
1414
1414
54
1414
60
1414
1414
1414
1414
54
1414
1414
54
1414
1414
54
1414
1414
1414
54
1414
1414
1414
54
1414
1414
1414
54
1414
1414
1414
1414
54
1414
54
1414
1414
1414
54
1414
54
1414
1414
54
1414
1414
1414
1414
54
1414
1414
54
1414
1414
54
1414
1414
1414
1414
1414
1414
54
1414
1414
1414
54
1414
1414
1414
1414
54
1414
1414
54
1414
54
1414
1414
1414
1414
1414
1414
54
1414
1414
1414
54
1414
1414
1414
54
1414
1414
1414
1414
1414
1414
1414
54
1414
54
1414
1414
1414
1414
1414
1414
1414
54
1414
54
1414
1414
54
1414
1414
1414
54
1414
54
1414
1414
54
1414
1414
1414
1414
1414
1414
1414
54
1414
60
54
1414
1324
1414
54
1307
1414
1414
1414
1414
1414
54
1414
54
1414
345
1414
1414
54
1414
54
1414
1414
1414
54
1414
1414
1414
1414
1414
1414
54
1414
54
1414
1414
1414
54
1414
54
107
104
96
1414
1414
54
633
1414
186
1414
1414
1414
54
1414
1414
1414
1414
1414
1414
1414
54
1414
54
1414
1414
54
1414
1414
1414
1414
1414
54
1414
54
1414
1414
54
1414
1414
1414
1414
54
1414
1414
1414
1414
1414
54
1414
54
1414
1414
54
1414
1414
54
1414
1414
1414
1414
1414
1414
1414
54
1414
1414
1414
54
1414
1414
1414
54
1414
54
1414
1414
1414
1414
1414
1414
1414
54
1414
54
1414
1414
1414
1414
54
1414
1414
1414
54
1414
54
1414
1414
1414
54
1414
54
1414
1414
1414
1414
1414
1414
1414
54
1414
54
1414
1414
54
1414
1414
1414
1414
1414
1414
54
1414
1414
1414
54
1414
54
244
1414
1414
54
1414
1414
1414
1414
1414
1414
54
1414
1414
1414
1414
54
1414
1414
54
1414
1414
54
1414
1414
54
1414
1328
1414
1414
1414
54
1414
1414
1414
1414
1414
1414
1414
54
1414
54
1414
1414
1414
1414
1414
1414
1414
54
1414
1414
54
1414
54
1414
1414
54
1414
1414
1111
364
110
96
60
54
54
60
92
54
92
60
134
446
134
100
54
100
60
54
92
100
54
100
60
1414
1414
1414
1414
1414
1414
54
1414
1414
1414
1414
1414
54
1414
54
1414
1414
1414
1414
1414
1414
1414
54
1414
54
1414
1414
54
1414
1414
54
1414
1414
1414
1414
60
1414
1414
54
1414
1414
54
1414
1414
1414
1414
1414
1414
1414
54
1414
54
1414
1414
54
1414
1414
1414
54
1414
1414
1414
54
1414
1414
1414
54
1414
1414
54
1414
1414
1414
1414
1414
1414
54
1414
54
1414
1414
1414
1414
1414
54
1414
1414
1414
1414
1414
1414
54
1414
54
1414
1414
1414
1414
1414
54
1414
54
1414
1414
1414
1414
1414
1414
54
1414
1414
1414
54
1414
1414
1414
1414
54
1414
54
1414
1414
1414
1414
1414
54
1414
54
1414
1414
1414
1414
1414
54
1414
54
1414
1414
54
1414
1414
1414
1414
1414
54
1414
54
1414
1414
54
1414
1414
54
1414
1414
1414
1414
1414
54
1414
54
1414
1414
1414
54
1414
54
1414
1414
187
185
54
54
1414
100
100
1414
54
1414
1414
1414
54
1414
1414
54
1414
54
1414
1414
1414
54
1414
54
1414
1414
54
1414
1414
1414
1414
54
1414
1414
1414
1414
1414
1414
1414
54
1414
54
1414
1414
1414
54
1414
1414
54
1414
54
1414
1414
54
1414
1414
1414
1414
1414
1414
1414
54
1414
1414
54
1414
54
1414
1414
1414
1414
1414
54
1414
54
1414
1414
1414
54
1414
1414
1414
1414
54
1414
54
1414
1414
1414
1414
54
1414
1414
54
1414
1414
1414
1414
1414
1414
54
1414
1414
1414
1414
1414
54
1414
1414
1414
1414
1414
1414
54
1414
1414
1414
1414
1414
1414
54
1414
54
1414
1414
1414
1414
1414
1414
1414
54
60
1414
1414
1414
1414
1414
54
1414
1414
1414
1414
1414
1414
1414
54
1414
54
1414
1414
54
1414
1414
185
66
54
1414
1414
1414
54
1414
54
1414
60
60
1414
1414
1414
1414
54
1414
54
1414
1414
1414
1414
1414
1414
54
1414
1414
1414
54
1414
54
1414
1414
1414
1414
54
1414
1414
1414
1414
1414
1414
1414
54
1414
1414
54
1414
1414
1414
54
1414
1414
1414
54
1414
54
1414
1414
1414
1414
54
1414
1414
1414
1414
1414
1414
1414
54
1414
1414
54
1414
54
1414
1414
1414
1414
1414
1414
54
1414
1414
1414
1414
1414
54
1414
54
1414
1414
54
1414
1414
1414
54
1414
54
1414
1414
1414
54
1414
54
1414
1414
1414
1414
1414
1414
54
1414
1414
1414
1414
1414
1414
1414
54
1414
54
1414
1414
54
1414
1414
1414
1414
1414
1414
54
1414
1414
1414
1414
1414
54
1414
54
1414
1414
1414
1414
1414
1414
1414
54
1414
54
1414
1414
1414
54
1414
54
1414
1414
1414
1414
1414
1414
54
1414
1414
1414
54
1414
54
1414
1414
1414
1414
1414
54
1414
54
1414
1414
1414
54
1414
54
1414
1414
1414
1414
1414
1414
54
1414
1414
1414
1414
1414
1414
54
1414
1414
54
1414
1414
54
1414
1414
1414
1414
54
1414
1414
1414
1414
1414
54
1414
54
1414
1414
1414
54
1414
1414
54
1414
54
1414
1414
1414
1414
1414
1414
54
1414
1414
1414
1414
1414
54
1414
1414
54
1414
54
1414
1414
54
1414
1414
54
1414
1414
1414
1414
1414
1414
54
1414
1414
1414
54
1414
1414
54
1414
1414
1414
54
1414
1414
1414
1414
54
1414
1414
1414
1414
1414
1414
1414
54
1414
54
1414
1414
54
1414
1414
1414
54
1414
1414
54
1414
1414
54
1414
54
1414
1414
1414
1414
1414
1414
1414
54
1414
54
1414
1414
54
1414
1414
1414
1414
1414
54
1414
54
1414
1414
54
1414
1414
54
1414
1414
1414
1414
1414
1414
54
1414
1414
54
1414
1414
1414
54
1414
54
1414
1414
1414
1414
1414
54
1414
54
1414
1414
54
1414
1414
54
1414
1414
1414
1414
1414
54
1414
1414
1414
54
1414
1414
54
1414
1414
54
1414
1414
1414
54
1414
1414
1414
1414
1414
54
1414
1414
1414
54
1414
54
1414
1414
1414
1414
54
1414
1414
1414
1414
1414
1414
1414
54
1414
54
1414
1414
1414
1414
54
1414
1414
1414
1414
1414
1414
54
1414
1414
1414
54
1414
54
1414
1414
1414
1414
1414
1414
1414
54
1414
54
1414
1414
54
1414
1414
1414
1414
1414
54
1414
1414
54
1414
1414
1414
54
1414
1414
1414
1414
1414
1414
54
1414
1414
54
1414
1414
54
1414
1414
54
1414
1414
1414
1414
54
1414
1414
1414
1414
1414
1414
1414
54
1414
1414
1414
1414
1414
1414
54
1414
54
1414
1414
54
1414
1414
54
1414
1414
1414
1414
1414
1414
54
1414
1414
1414
1414
1414
1414
1414
54
1414
1414
1414
1414
1414
1414
54
1414
1414
1414
54
1414
1414
54
1414
1414
54
1414
1414
1414
54
1414
54
1414
1414
1414
54
1414
54
1414
1414
54
1414
1414
54
1414
1414
1414
54
1414
54
1414
1414
1414
1414
1414
1414
1414
54
1414
54
1414
1414
1414
1414
1414
1414
54
1414
1414
1414
1414
1414
1414
54
1414
1414
1414
1414
1414
1414
54
1414
1414
54
1414
1414
1414
1414
1414
54
1414
54
1414
1414
1414
1414
1414
54
1414
54
1414
1414
1414
1414
1414
1414
54
1414
1414
1414
1414
1414
54
1414
54
1414
1414
1414
54
1414
54
1414
1414
1414
54
1414
54
1414
1414
1414
54
1414
54
1414
1414
1414
1414
1414
54
1414
54
1414
55
1414
1414
54
1414
54
1414
1414
1414
54
1414
54
1414
1414
54
1414
1414
54
1414
1414
1414
54
1414
54
1414
1414
1414
1414
1414
1414
1414
54
1414
54
1414
1414
1414
1414
1414
54
1414
54
1414
1414
54
1414
1414
1414
54
1414
54
1414
1414
1414
54
1414
54
1414
1414
54
1414
1414
1414
54
1414
54
1414
1414
1414
1414
1414
1414
54
1414
1414
1414
54
1414
1414
54
1414
54
1414
1414
1414
1414
54
1414
1414
1414
54
1414
54
1414
1414
54
1414
1414
54
1414
1414
1414
1414
54
1414
1414
1414
1414
1414
54
1414
54
1414
1414
54
1414
1414
1414
54
1414
54
1414
1414
1414
1414
1414
54
1414
54
1414
1414
54
1414
1414
1414
54
1414
54
1414
1414
1414
54
1414
54
1414
1414
1414
1414
1414
1414
54
1414
1414
1414
1414
54
1414
1414
54
1414
1414
1414
1414
54
1414
1414
54
1414
1414
54
1414
1414
1414
1414
1414
1414
1414
54
1414
54
1414
1414
1414
1414
1414
1414
54
1414
1414
1414
54
1414
54
1414
1414
1414
1414
54
1414
1414
1414
1414
1414
1414
1414
54
1414
1414
54
1414
54
1414
1414
54
1414
1414
54
1414
1414
1414
1414
1414
54
1414
54
1414
1414
1414
54
1414
1414
1414
1414
54
1414
54
1414
1414
1414
54
1414
54
1414
1414
1414
54
1414
54
1414
1414
1414
1414
54
1414
1414
54
1414
1414
1414
1414
1414
1414
1414
54
1414
1414
54
1414
1414
1414
1414
1414
1414
54
1414
54
1414
1414
54
1350
1414
54
1302
1414
230
54
1414
1414
54
1414
54
1238
1414
54
198
1414
1414
1414
1414
54
1414
54
1414
1414
54
1414
1414
1414
1414
1414
54
1414
1414
1414
1414
1414
54
1414
86
1414
1414
1414
1414
54
1414
1414
54
1414
1414
1414
1414
1414
1414
1414
54
1414
54
1414
1414
1414
1414
54
1414
1414
1414
1414
1414
1414
54
1414
1414
1414
54
1414
54
1414
1414
1414
1414
1414
54
1414
54
1414
1414
54
1414
1414
1414
1414
1414
54
1414
54
1414
1414
1414
1414
1414
54
1414
54
1414
1414
1414
1414
1414
1414
1414
1414
54
1414
1414
1414
1414
54
1414
1414
1414
54
1414
1414
1414
1414
1414
54
1414
1414
1414
1414
1414
1414
1414
54
1414
54
1414
1414
1414
1414
1414
54
1414
54
1414
1414
1414
1414
1414
1414
54
1414
1414
1414
54
1414
54
1414
1414
1414
1414
1414
1414
1414
54
1286
54
1414
1414
1414
54
1414
54
1414
1414
1414
1414
1414
1414
1414
54
1414
54
1414
1414
1414
182
1414
54
1414
1414
1414
1414
1414
1414
54
1414
54
1414
1414
1414
1414
1414
54
1414
54
1414
1414
1414
54
1414
54
1414
1414
1414
54
1414
54
1414
1414
1414
1414
1414
54
1414
1414
54
1414
1414
1414
1414
1414
1414
54
66
1414
54
1414
1414
1414
1414
1414
1414
1414
54
1414
54
1414
1414
1414
54
1414
54
1414
1414
54
1414
1414
1414
54
1414
54
1414
1414
1414
1414
54
1414
1325
1414
1414
54
1414
54
1414
1414
54
1414
1414
1414
1414
1414
1414
54
1414
1414
1414
54
1414
54
1414
1414
1414
1414
1414
54
1414
54
1414
1414
1414
1414
1414
1414
54
1414
1302
1414
1414
1414
1414
166
54
1414
54
1414
1414
54
1414
1414
1414
54
1414
1414
1414
54
1414
1414
54
1414
1414
1414
54
1414
54
1414
1414
1414
1414
1414
1414
1414
54
1414
54
1414
1414
1414
1414
1414
1414
1414
54
1414
54
1414
1414
1414
1414
1414
1414
54
1414
1414
1414
1414
1414
54
1414
54
1414
1414
1414
54
1414
54
1414
1414
1414
1414
54
1414
1414
1414
1414
54
1414
1414
54
1414
1414
1414
1414
54
1414
1414
54
1414
1414
1414
1414
1414
1414
54
1414
1414
1414
1414
1414
54
1414
54
1414
1414
54
1414
1414
1414
54
1414
54
1414
1414
1414
1414
1414
54
1414
54
1414
1414
1414
1414
54
1414
1414
1414
1414
1414
1414
54
1414
1414
1414
1414
1414
1414
1414
54
54
1414
1414
1414
1414
1414
1414
1414
54
54
1414
54
1414
1414
1414
1414
54
54
1414
1414
1414
1414
54
54
1414
1414
1414
1414
54
54
1414
1414
1414
54
54
1414
1414
1414
1414
1414
1414
54
54
1414
1414
1414
1414
54
54
1414
1414
54
1414
1414
1414
1414
54
54
1414
1414
54
1414
1414
1414
1414
1414
1414
1414
54
54
1414
54
1414
1414
54
1414
1414
1414
1414
1414
1414
54
54
1414
54
1414
1414
54
1414
54
1414
1414
1414
1414
54
54
1414
1414
1414
1414
1414
1414
1414
54
54
1414
1414
1414
1414
1414
1414
54
54
1414
54
1414
1414
54
1414
1414
1414
54
1414
1414
54
1414
1414
1414
1414
1414
54
54
1414
1414
1414
1414
54
54
1414
1414
1414
1414
1414
1414
54
54
1414
54
1414
54
1414
1414
54
1414
1414
1414
1414
1414
1414
1414
1414
54
54
1414
54
1414
1414
1414
1414
1414
1414
54
54
1414
1414
1414
1414
1414
1414
54
54
1414
54
1414
1414
1414
1414
54
54
1414
1414
1414
1414
1414
54
54
1414
54
1414
1414
1414
915
1414
1414
54
1414
54
1414
97
54
1326
1414
1414
1414
1414
1414
54
1414
54
1414
1414
54
1414
1414
54
1414
1414
54
1414
1414
54
1414
1414
54
1414
1414
1414
1414
54
1414
1414
54
1414
1414
54
1414
1414
54
1414
1414
1414
1414
1414
54
1414
54
1414
1414
54
1414
1414
54
54
1414
1414
1414
1414
54
1414
1414
1414
1414
1414
1414
1414
54
1414
1414
54
1414
54
1414
1414
1414
1414
1414
1414
1414
54
1414
54
1414
1414
54
1414
1414
1414
1414
1414
1414
1414
54
1414
54
1414
1414
54
1414
1414
1414
1414
54
433
1414
1414
1414
1414
54
1414
1414
1414
1414
1414
1414
54
1414
1414
54
1414
1414
1414
1414
54
1414
1414
1414
1414
1414
1414
54
1414
1414
1414
54
1414
54
1414
1414
54
1414
1414
1414
1414
1414
1414
54
1414
1329
1414
1414
1414
54
1414
1414
54
1414
1414
1414
1414
54
1414
1414
54
1414
1414
54
1414
1414
1414
1414
1414
54
1414
1414
1414
1414
54
1414
54
1414
1414
1414
1414
1414
1414
54
1414
1414
1414
1414
1414
1414
54
1414
1414
1414
1414
1414
1414
1414
54
1414
54
1414
1414
1414
1414
1414
1414
54
1414
1414
1414
1414
1414
54
1414
54
1414
1414
290
60
1414
1414
1414
1414
54
54
1414
1414
1414
1414
1414
1414
1414
54
1414
54
1414
1414
1414
1414
1414
1414
54
1414
1414
1414
1414
1414
1414
1414
54
1414
1414
1414
1414
1414
54
1414
1414
1414
1414
1414
54
1414
54
1414
1414
1414
1414
1414
1414
54
1414
1414
1414
1414
1414
1414
1414
54
1414
54
1414
1414
1414
1414
1414
54
1414
54
1414
1414
1414
1414
1414
1414
54
1414
1414
1414
1414
54
1414
1414
1414
1414
1414
1414
1414
54
1414
60
1414
54
1414
1414
1414
1414
1414
1414
54
1414
54
1414
1414
1414
1414
1414
1414
1414
54
128
92
54
100
100
1414
54
1414
1414
1414
1414
1414
54
1414
1414
54
1414
1414
54
1414
54
1414
1414
54
1414
1414
54
1414
1414
54
1414
1414
54
1414
1414
54
1414
1414
54
1414
1414
54
1414
1414
54
1414
1414
54
1414
1414
54
1414
1414
1414
1414
1414
54
1414
54
1414
1414
1414
1414
54
1414
1414
54
1414
1414
54
1414
1414
1414
1414
1414
1414
54
1414
1414
1414
1414
1414
54
1414
54
1414
1414
1414
1414
1414
1414
54
1414
1414
54
1414
1414
1414
1414
1414
1414
54
1414
1414
1414
54
1414
54
1414
1414
1414
1414
1414
1414
1414
54
1414
54
1414
1414
54
1414
1414
1414
1414
1414
1414
54
1414
1414
54
1414
1414
1414
54
1414
1414
1414
1414
54
1414
54
1414
1414
1414
1414
1414
1414
54
1414
1414
54
1414
1414
1414
1414
1414
1414
1414
54
1414
1414
54
1414
1414
54
1414
1414
1414
1414
54
1414
54
1414
1414
54
1414
1414
54
1414
1414
1414
1414
1414
1414
1414
54
1414
54
1414
1414
54
1414
1414
54
1414
1414
54
1414
1414
1414
1414
54
1414
1414
1414
54
1414
1414
1414
54
1414
1414
1414
1414
1414
1414
54
1414
1414
1414
1414
1414
54
1414
54
1414
1414
1414
1414
1414
1414
54
1414
1414
1414
1414
1414
1414
1414
54
1414
54
1414
1414
1414
1414
54
1414
1414
1414
1414
1414
1414
1414
54
1414
54
1414
1414
54
1414
1414
1414
1414
1414
1414
1414
54
1414
54
1414
1414
1414
1414
54
1414
1414
1414
1414
1414
1414
54
1414
1414
54
1414
1414
54
1414
1286
54
1414
182
1414
1414
1414
1414
1414
54
1414
54
1414
1414
54
1414
1414
54
1414
1414
1414
1414
1414
1414
1414
54
1414
54
1414
1414
1414
1414
1414
1414
1414
54
1414
54
1414
1414
54
1414
1414
1414
1414
1414
1414
1414
54
1414
54
1350
1414
54
1414
1414
1414
1414
1414
1414
1414
54
1414
54
118
1414
1414
1414
1414
1414
54
1414
1414
1414
1414
54
1414
1414
1414
54
1414
1414
1414
1414
1414
54
1414
1414
54
1414
1414
1414
1414
1414
1414
54
1414
1414
1414
1414
1414
1414
1414
54
1414
54
1414
1414
54
1414
1414
1414
1414
1366
54
1414
1414
54
1398
54
1414
1414
1414
118
60
1414
1174
54
1414
1414
1414
1414
1414
1414
54
1414
1414
1414
1414
1414
1414
54
1414
1414
54
1414
1414
1414
1414
1414
1414
54
1414
294
1414
1414
1414
1414
54
1414
1414
1414
1414
1414
54
1414
1414
1414
1414
1414
54
1414
1414
1414
1414
1414
1414
1414
54
1414
54
1414
1414
1414
1414
1414
1414
1414
54
1414
54
1414
1414
1414
1414
1414
1414
54
1414
1414
1414
1414
1414
54
1414
1414
1414
1414
54
1414
54
1414
1414
1414
1414
1414
54
1414
54
1414
1414
1414
1414
1414
1414
1414
54
1414
54
1414
1414
1414
1414
1414
54
1414
54
1414
1414
1414
1414
1414
54
1414
1414
1414
54
1414
1414
1414
1414
1414
1414
54
1414
1414
1414
1414
1414
1414
1414
54
1414
1414
54
1414
54
1414
1414
1414
1414
1414
1414
54
1414
1414
1414
1414
1414
1414
1414
54
1414
54
1414
1414
1414
1414
1414
54
1414
54
1414
1414
1414
1414
1414
54
1414
1414
54
1414
1414
54
1414
54
1414
1414
54
1414
1414
1414
1414
1414
1414
54
1414
1414
1414
1414
1414
54
1414
54
1414
1414
1414
1414
1414
1414
54
1414
1414
1414
1414
54
1414
1414
54
1414
1414
1414
1414
1414
1414
1414
54
1414
1414
1414
1414
54
1414
1414
1414
54
1414
1414
1414
1414
1414
1414
1414
54
1414
54
1414
1414
1414
1414
1414
1414
54
1414
1414
1414
1414
54
1414
1414
54
1414
1414
1414
54
1414
54
1414
1414
1414
54
1414
54
1414
1414
1414
1414
54
1414
1414
1414
1414
1414
1414
54
1414
1414
54
1414
1414
1414
54
1414
54
1414
1414
54
1414
1414
1414
1414
1414
1414
1414
54
1414
54
1414
1414
1414
1414
1414
1414
54
1414
1414
1414
1414
1414
54
1414
1414
1414
1414
1414
54
1414
1414
1414
1414
1414
54
1414
54
1414
1414
1414
1414
1414
54
1414
54
1414
1414
1414
54
1414
54
1414
1414
1414
1414
1414
1414
54
1414
1414
1414
1414
1414
1414
54
1414
1414
54
1414
1414
1414
1414
54
1414
1414
54
1414
1414
54
1414
1414
1414
1414
54
1414
1414
1414
1414
1414
1414
1414
54
1414
54
1414
1414
1414
1414
1414
1414
1414
54
1414
1414
1414
54
1414
1414
1414
1414
1414
1414
54
1414
1414
54
1414
1414
1414
1414
54
1414
1414
1414
1414
1414
1414
1414
54
1414
54
1414
1414
54
1414
1414
1414
1414
1414
1414
1414
54
1414
54
1414
1414
54
1414
1414
54
1414
1414
1414
54
1414
1414
1414
1414
54
1414
1414
54
1414
54
1414
1414
1414
54
1414
1414
1414
1414
54
1414
54
1414
1414
1414
1414
1414
1414
1414
54
1414
54
1414
1414
66
1414
1414
1414
66
66
66
1414
66
1414
1414
1270
1414
66
66
66
66
134
1414
66
66
1414
1414
1414
1414
1414
118
66
66
66
66
66
66
1414
66
1414
1414
66
66
1414
66
1414
66
1286
1414
1414
66
66
66
1414
1414
66
66
1318
66
1414
1414
66
66
1414
66
1414
66
1414
1414
1414
1414
1414
66
66
66
66
66
1414
66
1414
66
1414
278
66
66
1414
1414
66
66
1414
66
1414
1414
1414
1414
66
66
66
66
1414
1414
1414
66
66
66
1414
66
1414
66
1414
66
1414
66
1414
1414
1414
1414
1414
66
66
66
66
66
1414
1414
66
66
1414
66
1414
1414
66
66
1414
66
1414
1414
1414
66
66
66
1414
66
1414
1414
1414
1414
1414
1414
66
66
66
66
66
66
1414
66
1414
66
1414
66
1414
1414
1414
1414
66
66
66
66
1286
1414
66
66
1414
66
1414
182
66
66
1414
66
1414
66
1414
66
1414
1414
66
66
1414
66
1414
66
1414
66
1414
66
1366
66
1414
1414
1414
1414
66
66
66
66
1414
66
1414
1414
66
66
1414
66
1414
1414
66
66
1414
66
1414
1414
66
66
102
66
1414
1414
1414
66
66
66
1414
66
1414
1414
66
66
1414
1414
66
66
1414
66
1414
1414
66
66
1414
66
1414
1414
66
66
1414
66
1414
1414
1414
1414
1414
66
66
66
66
66
1414
66
1414
1414
66
66
1414
66
310
100
1414
1414
1414
66
66
66
1414
1414
1414
1414
1414
66
66
66
66
66
1414
1414
66
66
1414
1414
66
66
1414
1414
66
66
1414
66
1414
66
1414
66
1414
66
1414
66
1414
1414
66
66
1414
66
1414
66
1414
1414
66
66
1414
66
1414
66
1414
1414
66
66
1414
1414
1414
1414
66
66
66
66
1414
66
1414
1414
1414
1414
1414
66
66
66
66
66
1414
66
1414
66
1414
1414
1414
1414
1414
66
66
66
66
66
1270
1414
66
66
1414
54
1414
1414
1414
1414
54
1414
1414
54
1414
1414
1414
1414
1414
1414
1414
1414
1414
1414
54
1414
1414
54
1414
1414
54
1414
198
1414
1414
54
1414
1414
1414
1414
1414
1414
54
1414
1414
54
1414
1414
54
1414
1414
54
1329
1414
1414
1414
1414
1414
1414
54
1414
1414
54
1414
1414
1414
1414
1414
1414
54
1414
1414
1414
1414
1414
1414
54
1414
1414
54
1414
1414
54
1414
1414
54
1414
1414
1414
1414
1414
1414
1414
54
1414
1414
1414
1414
1414
1414
54
1414
1414
1414
1414
1414
1414
54
1414
54
1414
1414
1414
54
1414
54
1414
1414
1414
1414
54
1414
1414
1414
1414
1414
54
54
1414
54
1414
1414
1414
167
54
54
1414
1414
54
1414
1414
1414
1414
54
1414
1414
1414
1414
54
1414
1414
1414
1414
1414
1414
1414
1414
1414
1414
1414
1414
54
1414
1414
1414
1414
1414
54
1414
54
1414
1414
1414
1414
1414
1414
54
1414
1414
1414
1414
1414
54
1414
54
1414
1414
1414
1414
54
1414
1414
54
1414
1414
1414
1414
1414
1414
1414
54
1414
1414
1414
54
1414
1414
1414
1414
54
1414
1414
1414
1414
1414
54
1414
54
1414
1414
1414
1414
54
1414
1414
1414
1414
1414
1414
54
1414
1414
54
1414
1414
54
1414
1414
1414
1414
1414
1414
54
1414
1414
54
1414
1414
1414
1414
1414
1414
1414
1414
1414
1414
1414
1414
1414
1414
1414
1414
1414
1414
1414
1414
1414
1414
54
1414
1414
54
1414
1414
1414
54
1414
1414
1414
54
1414
1414
1414
1414
1414
54
1414
54
1414
1414
1414
1414
1414
54
1414
1414
1414
54
1414
1414
1414
1414
1414
54
1414
1414
54
1414
1414
54
1414
54
1414
1414
1414
1414
1414
1414
1414
54
1414
54
1414
1414
1414
54
1414
1414
1414
1414
54
1414
1414
1414
1414
1414
1414
54
1414
1414
54
1414
1414
1414
54
1414
1414
54
1414
1414
1414
1414
1414
1414
54
1414
1414
1414
1414
1414
1414
1414
1414
1414
1414
1414
1414
54
1414
1414
1414
1414
54
1414
1414
1414
1414
1414
1414
1414
54
1414
54
1414
1414
1414
1414
1414
1414
54
1414
1414
1414
54
1414
1414
54
1414
1414
1414
1414
1414
54
1414
1414
54
1414
1414
1414
54
1414
54
1414
1414
1414
54
1414
1414
54
1414
54
1414
1414
1414
1414
1414
1414
1414
54
1414
54
1414
1414
1414
1414
54
1414
1414
54
1414
1414
1414
1414
1414
54
1414
1414
1414
54
1414
1414
1414
1414
1414
1414
54
1414
1414
1414
1414
1414
1414
54
1414
1414
54
1414
60
100
1414
1414
1414
1414
1414
1414
54
1414
54
1414
1414
1414
1414
1414
1414
54
1414
1414
1414
1414
54
1414
1414
1414
1414
1414
1414
1414
54
1414
54
1414
1414
1414
1414
1414
1414
1414
54
1414
54
1414
1414
1414
1414
54
1414
1414
54
1414
1414
54
1414
1414
1414
1414
1414
1414
54
1414
1414
54
1414
1414
1414
1414
1414
54
1414
1414
54
1414
1414
54
1414
1414
54
1414
1414
1414
1414
1414
54
1414
1414
1414
1414
1414
1414
54
1414
1414
1414
54
1414
54
1414
1414
54
1414
1414
1414
1414
1414
1414
1414
54
1414
54
1414
1414
1414
1414
1414
54
1414
54
54
1414
1414
1414
1414
1414
1414
54
1414
1414
1414
54
1414
54
1414
1414
1414
1414
1414
54
1414
1414
54
1414
1414
1414
1414
54
1414
1414
1414
54
1414
1414
1414
54
1414
54
1414
1414
54
1414
1414
1414
1414
54
1414
1414
1414
1414
1414
1414
1414
1414
1414
1414
1414
1414
1414
1414
54
1414
1414
1414
1414
1414
54
1414
54
1414
1414
1414
1414
1414
1414
54
1414
1414
1414
1414
1414
1414
54
1414
1414
1414
1414
54
1414
1414
54
1414
1414
1414
1414
54
1414
1414
1414
54
1414
1414
1414
1414
1414
1414
54
1414
1414
1414
1414
1414
54
1414
1414
1414
1414
1414
1414
1414
1414
1414
1414
54
1414
1414
1414
1414
1414
54
1414
1414
1414
1414
1414
54
1414
1414
1414
1414
1414
1414
54
1414
1414
1414
1414
1414
1414
54
1414
1414
1414
1414
1414
1414
54
1414
1414
1414
1414
1414
1414
54
1414
1414
1414
1414
1414
1414
1414
54
1414
1414
201
1414
277
1414
1414
54
54
1414
1414
1414
1414
1414
1414
54
1414
1414
1414
1414
1414
1414
54
1414
1414
1414
1414
1414
54
1414
1414
1414
1414
1414
1414
54
1414
1414
1414
1414
1414
1414
54
1414
54
1414
1414
1414
1414
1414
1414
54
1414
1414
1414
1414
1414
1414
54
1414
1414
54
1414
1414
1414
1414
1414
54
1414
54
1414
1414
1414
1414
54
1414
1414
1414
54
1414
1414
1414
54
1414
1414
1414
54
1414
1414
1414
1414
1414
54
1414
1414
1414
1414
1414
1414
1414
1414
1414
1414
1414
1414
54
1414
1414
1414
1414
54
1414
1414
1414
54
1414
54
1414
1414
54
1414
1414
54
1414
1414
1414
1414
1414
1414
54
1414
1414
54
1414
1414
1414
54
1414
1414
1414
1414
54
1414
54
1414
1414
1414
54
1414
54
1414
1414
1414
1414
1414
1414
1414
54
1414
54
1414
1414
1414
1414
1414
1414
1414
1414
54
1414
1414
1414
1414
54
1414
1414
54
1414
1414
1414
1414
54
1414
1414
1414
1414
1414
1414
1414
54
1414
54
1414
1414
54
1414
1414
54
1414
1414
54
1414
1414
1414
1414
1414
54
1414
54
1414
1414
54
1414
1414
1414
54
1414
1414
1414
1414
1414
54
1414
1414
54
1414
1414
1414
54
1414
54
1414
1414
54
1414
1414
1414
1414
54
1414
1414
1414
54
1414
54
1414
1414
1414
1414
1414
1414
1414
54
1414
54
1414
1414
1414
1414
1414
54
1414
54
1414
1414
54
1414
1414
54
1414
1414
1414
1414
1414
1414
54
1414
1414
54
1414
1414
1414
1414
1414
54
1414
1414
54
1414
54
1414
1414
1414
1414
54
1414
1414
1414
1414
1414
1414
1414
54
1414
1414
1414
1414
1414
1414
1414
54
1414
1414
1414
1414
1414
1414
54
1414
1414
1414
1414
1414
54
1414
54
1414
1414
54
1414
1414
1414
1414
1414
1414
1414
54
1414
54
1414
1414
54
1414
1414
1414
1414
1414
1414
1414
54
1414
1414
54
1414
1414
1414
1414
54
1414
1414
54
1414
54
1414
1414
54
1414
1414
1414
1414
1414
1414
1414
54
1414
54
1414
1414
54
1414
1414
1414
1414
54
1414
1414
54
1414
1414
1414
1414
1414
54
1414
54
1414
1414
1414
1414
1414
1414
1414
54
1414
54
1414
1414
1414
54
1414
54
1414
1414
54
1414
1414
54
1414
1414
1414
1414
1414
54
1414
54
1414
1414
54
1414
1414
1414
1414
54
1414
1414
1414
1414
1414
1414
1414
54
1414
54
1414
1414
54
1414
1414
54
1414
1414
1414
1414
1414
54
1414
1414
1414
1414
54
1414
54
1414
1414
1414
1414
1414
1414
54
1414
1414
1414
1414
1414
1414
54
1414
1414
1414
1414
1414
1414
1414
54
1414
1414
54
1414
1414
1414
1414
1414
1414
54
1414
1414
1414
1414
1414
54
1414
1414
1414
1414
1414
1414
1414
54
1414
54
1414
1414
1414
1414
1414
1414
1414
54
1414
1414
1414
1414
1414
1414
54
1414
54
1414
1414
1414
1414
1414
1414
54
1414
1414
1414
1414
1414
1414
54
1414
1414
1414
1414
1414
1414
1414
54
1414
1414
1414
1414
1414
1414
54
1414
1414
1414
1414
1414
54
1330
1414
1414
1414
1414
54
1414
1414
1414
1414
54
1414
1414
1414
1414
1414
1414
54
1414
1414
1414
1414
1414
1414
54
1414
1414
1414
1414
1414
1414
54
1414
1414
1414
1414
54
1414
1414
1414
1414
1414
1414
54
1414
1414
1414
1414
1414
1414
1414
54
1414
54
1414
1414
1414
1414
1414
1414
54
1414
1414
1414
54
1414
1414
1414
1414
1414
1414
1414
1414
54
1414
1414
54
1414
1414
54
1414
1414
1414
1414
1414
1414
1414
54
1414
54
1414
1414
54
1414
1414
54
1414
1414
1414
1414
1414
1414
1414
54
1414
1414
1414
54
1414
1414
1414
1414
1414
1414
1414
54
54
1414
1414
1414
1414
54
1414
54
1414
1414
54
1414
1414
1414
1414
1414
54
54
1414
1414
1414
1414
54
1414
54
1414
1414
1414
1414
1414
1414
54
1414
1414
1414
1414
1414
54
54
1414
1414
54
1414
54
1414
1414
1414
1414
1414
1414
1414
54
1414
54
1414
1414
1414
1414
54
1414
54
1414
1414
1414
1414
1414
1414
54
1414
1414
1414
54
1414
1414
1414
1414
1414
1414
54
54
1414
54
1414
1414
54
1414
1414
1414
1414
54
54
1414
1414
1414
1414
1414
1414
54
1414
1414
1414
1414
1414
1414
54
54
1414
1414
1414
1414
1414
1414
54
1414
1414
1414
1414
1414
1414
1414
1414
1414
1414
1414
1414
54
54
1414
1414
1414
54
1414
54
1414
1414
1414
1414
1414
1414
1414
54
1414
54
1414
1414
1414
1414
1414
1414
54
54
1414
1414
1414
1414
1414
1414
1414
54
1414
54
1414
1414
1414
1414
1414
1414
54
54
1414
1414
1414
1414
1414
1414
1414
54
1414
1414
54
1414
1414
1414
1414
1414
1414
54
54
1414
54
1414
1414
1414
1414
1414
1414
1414
54
1414
54
1414
1414
54
1414
1414
1414
1414
1414
1414
1414
54
54
1414
1414
54
1414
1414
1414
1414
1414
1414
54
1414
964
1414
54
1414
54
1414
1414
1414
1414
1414
1414
54
1414
1414
54
1414
1414
1414
1414
1414
1414
54
1414
1414
1414
1414
1414
1414
1414
54
1414
1414
1414
1414
1414
1414
54
1414
54
1414
1414
1414
1414
1414
54
1414
54
1414
1414
1414
1414
1414
1414
54
1414
1414
1414
54
66
1414
1414
1414
1414
54
1414
54
1414
1414
1414
1414
1414
1414
54
1414
1414
54
1414
1414
1414
1414
1414
1414
1414
54
1414
1414
1414
1414
1414
54
1414
1414
54
1414
1414
1414
66
54
54
256
1414
54
1414
1414
1414
54
1414
1414
1414
54
1414
1414
54
1414
1414
1414
54
1414
54
1414
1414
1414
1414
1414
1414
54
1414
1414
1414
54
1414
1414
1414
1414
1414
1414
54
1414
54
1414
1414
1414
1414
54
1414
1414
1414
54
1414
1414
1414
1414
54
1414
54
1414
1414
1414
54
1414
54
1414
1414
1414
60
1414
1414
54
1414
54
1414
1414
1414
1414
1414
1414
1414
54
1414
54
1414
1414
1414
1414
54
1414
1414
54
1414
1414
1414
54
1414
54
1414
1414
1414
1414
1414
1414
1414
54
1414
54
1414
1414
54
1414
1414
1414
54
1414
54
1414
1414
1414
1414
1414
54
1414
54
1414
1414
54
1414
1414
54
1414
1414
1414
54
1414
54
1414
1414
1414
54
1414
1414
54
1414
54
1414
1414
54
1414
1414
54
1414
1414
54
1414
1414
54
1414
1414
54
1414
1414
1414
1414
54
1414
1414
1414
1414
54
1414
1414
54
1414
1414
54
1414
1414
1414
1414
54
1414
1414
54
1414
1414
1414
1414
1414
1414
54
1414
1414
1414
54
1414
54
1414
1414
1414
54
1414
1414
1414
1414
1414
54
1414
1414
1414
1414
1414
1414
1414
54
1414
54
1414
1414
1414
1414
1414
1414
54
1414
1414
1414
1414
1414
1414
1414
54
1414
1414
1414
54
1414
1414
1414
1414
1414
1414
1414
54
1414
54
1414
1414
1414
1414
1414
1414
54
1414
1414
54
1414
1414
1414
54
1414
1414
54
192
439
1414
1414
1414
54
1414
1414
1414
1414
1414
1414
54
1414
1414
1414
1414
1414
1414
1414
54
1414
54
1414
1414
1414
1414
54
1414
1414
1414
1414
54
1414
1414
1414
1414
54
1414
1414
1414
1414
1414
54
1414
1414
1414
1414
54
1414
1414
1414
54
1414
1414
1414
54
1414
1414
1414
1414
1414
1414
54
1414
1414
54
1414
54
1414
1414
1414
742
1414
411
1414
54
54
1414
54
1414
1414
54
1414
1414
1414
1414
54
1414
345
1414
1414
54
1414
54
1414
1414
1414
1414
1414
1414
54
1414
1414
411
66
54
1414
1414
54
1414
107
104
96
454
1414
1414
1414
1414
54
1414
1414
1414
1414
1414
1414
54
1414
54
1414
1414
54
1414
1414
1414
1414
54
1414
1414
1414
54
1414
54
1414
1414
1414
1414
1414
1414
54
1414
1414
1414
1414
1414
1414
54
1414
1414
1414
1414
54
60
1414
1414
54
1414
1414
54
1414
60
1414
1414
1414
1414
1414
1414
54
1414
1414
1414
1414
54
1414
54
1414
1414
1414
1414
1414
1414
54
1414
1414
1414
54
1414
1414
1414
54
1414
1414
1414
1414
1414
1414
1414
54
1414
1414
1414
1414
54
1414
54
1414
1414
1414
54
1414
54
1414
1414
1414
1414
1414
1414
54
1414
1414
1414
54
1414
1414
54
1414
1414
54
1414
54
1414
1414
1414
1414
1414
60
1414
1414
54
1414
54
1414
1414
1414
1414
54
1414
1414
1414
54
1414
54
1414
1414
1414
1414
1414
1414
1414
54
1414
54
1414
1414
1414
1414
60
60
1414
1414
54
60
1414
1414
60
54
1414
1414
1414
1414
1414
54
1414
1414
1414
1414
1414
54
1414
1414
1414
1414
1414
1414
1414
54
1414
1414
54
1414
1414
1414
1414
1414
1414
54
1414
54
1414
1414
1414
1414
1414
1414
54
1414
1414
1414
1414
1414
1414
1414
54
1414
54
1414
1414
1414
1414
1414
1414
54
1414
1414
54
1414
1414
1414
1414
1414
1414
54
1414
1414
1414
1414
1414
1414
1414
54
1414
54
1414
1414
1414
1414
1414
1414
54
1414
1414
54
1414
1414
1414
1414
1414
1414
54
1414
1414
1414
1414
1414
1414
54
1414
1414
1414
1414
1414
1414
1414
54
1414
54
1414
1414
1414
1414
1414
1414
54
446
92
1414
1414
1414
1414
1414
1414
1414
54
1414
54
1414
1414
1414
1414
1414
1414
54
1414
92
1414
1414
54
1414
1414
1414
1414
1414
54
1414
1414
1414
1414
1414
1414
1414
54
1414
54
1414
1414
1414
1414
54
1414
1414
54
1414
1414
54
1414
1414
54
1414
1414
54
1414
1414
164
249
1414
125
1414
54
54
54
742
100
706
100
125
66
54
100
100
1414
1414
66
54
1414
1414
1414
1414
54
1414
1414
1414
1414
54
1414
1414
54
1414
1414
54
1414
1414
1414
54
1414
54
1414
1414
1414
1414
1414
54
60
1414
54
1414
1414
54
1414
1414
54
1414
1414
1414
1414
1414
1414
1414
54
1414
1414
1414
1414
54
1414
54
1414
1414
1414
1414
1414
1414
54
1414
1414
1414
1414
1414
1414
1414
54
60
1414
54
1414
1414
54
1414
1414
1414
1414
1414
1414
1414
60
54
1414
54
1414
1414
1414
1414
1414
1414
1414
54
1414
54
1414
1414
1414
1414
1414
1414
54
1414
1414
54
1414
1414
1414
1414
1414
54
1414
54
1414
1414
54
1414
1414
1414
1414
1414
54
1414
54
1414
1414
1414
1414
1414
54
1414
54
1414
1414
54
1414
1414
1414
1414
1414
54
1414
1414
54
1414
1414
1414
1414
54
1414
1414
1414
54
1414
1414
1414
1414
1414
1414
54
1414
1414
1414
54
1414
1414
1414
1414
54
1414
1414
1414
54
1414
1414
1414
1414
1414
1414
54
1414
1414
1414
1414
1414
1414
1414
54
1414
54
1414
1327
1414
1414
1414
54
1414
1414
1414
54
1414
1414
1414
54
1414
1414
54
1414
1414
1414
1414
1414
54
1414
54
1414
1414
1414
54
1414
1414
1414
54
1414
1414
1414
1414
54
1414
1414
54
1414
1414
1414
1414
1414
54
1414
54
1414
1414
1414
1414
1414
1414
1414
54
1414
54
1414
1414
1414
1414
54
1414
1414
1414
1414
1414
54
1414
54
1414
1414
1414
1414
1414
1414
1414
54
1414
54
1414
1414
1414
1414
1414
54
1414
1414
54
1414
54
1414
1414
1414
1414
1414
1414
1414
54
1414
54
1414
1414
1414
1414
1414
1414
54
1414
1414
54
1414
1414
1414
54
1414
1414
54
1414
54
1414
1414
1414
1414
1414
1414
1414
54
1414
54
1414
1414
1414
1414
1414
54
1414
1414
54
1414
1414
54
1414
54
1414
1414
1414
1414
1414
1414
54
1414
60
1414
1414
54
54
1414
1414
1414
1414
1414
1414
54
1414
1414
1414
1414
1414
1414
1414
54
1414
54
1414
1414
1414
1414
54
1414
1414
1414
1414
1414
54
1414
54
1414
1414
1414
1414
1414
54
1414
1414
1414
54
1414
1414
54
1414
1414
1414
1414
1414
1414
1414
54
1414
1414
54
1414
54
1414
1414
1414
1414
1414
54
1414
1414
54
1414
54
1414
1414
1414
1414
1414
54
1414
1414
1414
1414
1414
1414
54
1414
54
1414
1414
1414
54
1414
1414
54
1414
1414
54
1414
1414
54
1414
54
1414
1414
54
1414
1414
54
1414
1414
1414
1414
54
1414
1414
1414
1414
1414
1414
1414
54
1414
54
1414
1414
54
1414
1414
1414
54
1414
1414
1414
54
1414
1414
54
1414
1330
1414
1414
1414
1414
1414
1414
54
1414
1414
1414
1414
1414
54
1414
1414
54
1414
1414
1414
1414
1414
1414
54
1414
1414
1414
1414
1414
1414
1414
54
1414
54
1414
1414
1414
1414
1414
1414
54
1414
1414
1414
1414
1414
1414
1414
54
1414
54
1414
1414
1414
1414
1414
1414
54
1414
1414
1414
1414
1414
1414
54
1414
1414
1414
1414
1414
1414
1414
54
1414
54
1414
1414
1414
1414
1414
1414
54
1414
1414
1414
1414
54
1414
1414
54
1414
1414
1414
54
1414
54
1414
1414
1414
54
1414
54
1414
1414
1414
1414
54
1414
1414
1414
1414
1414
54
1414
1414
1414
1414
1414
1414
54
1414
54
1414
1414
1414
1414
1414
54
1414
1414
54
1414
1414
1414
54
1414
1414
1414
1414
1414
1414
54
1414
1414
54
1414
1414
1414
1414
1414
1414
54
1414
1414
1414
54
1414
54
1414
1414
1414
1414
1414
1414
1414
54
1414
54
1414
1414
1414
1414
1414
1033
54
60
1414
1414
1414
1414
1414
54
1414
1414
54
1414
54
1414
1414
54
1414
1414
1414
1414
1414
1414
54
1414
1414
1414
1414
1414
1414
54
1414
1414
54
1414
1414
54
1414
1414
1414
1414
1414
1414
1414
54
1414
54
1414
1414
1414
1414
1414
54
1414
54
1414
1414
54
1414
1414
1414
1414
1414
1414
54
1414
1414
54
1414
1414
1414
1414
1414
1414
1414
54
1414
54
1414
1414
54
1414
1414
1414
1414
1414
1414
54
1414
1414
1414
54
1414
54
1414
1414
1414
1414
1414
1414
54
1414
1414
1414
1414
1414
1414
54
1414
1414
1414
54
1414
54
1414
1414
54
1414
1414
1414
54
1414
54
1414
1414
54
1414
1414
1414
1414
1414
1414
1414
54
1414
54
1414
1414
1414
1414
54
1414
1414
1414
1414
1414
1414
1414
54
1414
54
1414
1414
1414
54
1414
54
1414
1414
1414
1414
1414
1414
54
1414
1414
1414
1414
1414
1414
1414
54
1414
54
1414
1414
1414
1414
54
1414
1414
54
1414
1414
1414
1414
1414
1414
1414
54
1414
54
1414
1414
54
1414
1414
1414
1414
1414
1414
54
1414
1414
54
1414
1414
1414
1414
1414
1414
1414
54
1414
1414
1414
1414
54
1414
1414
54
1414
1414
1414
1414
1414
1414
54
1414
54
1414
1414
1414
1414
54
1414
1414
1414
1414
54
1414
1414
54
1414
1414
54
1414
1414
1414
1414
1414
1414
1414
54
1414
1414
54
1414
1414
1414
1414
54
1414
54
1414
1414
1414
1414
1414
54
1414
1414
54
1414
1414
54
1414
54
1414
1414
1414
1414
1414
1414
54
1414
1414
1414
1414
1414
54
1414
54
1414
1414
54
1414
1414
1414
1414
1414
54
1414
54
1414
1414
1414
1414
1414
1414
54
1414
1414
1414
1414
1414
1414
54
1414
1414
54
1414
1414
1414
1414
1414
1414
1414
54
1414
54
1414
1414
54
1414
1414
1414
54
1414
54
1414
1414
1414
1414
1414
1414
54
1414
1414
1414
1414
1414
1414
54
1414
1414
1414
54
1414
1414
1414
1414
1414
1414
54
1414
54
1414
1414
1414
54
1414
54
1414
1414
54
1414
1414
54
1414
1414
54
1414
1414
1414
1414
1414
1414
1414
54
1414
54
1414
1414
1414
1414
1414
54
1414
54
1414
1414
1414
1414
1414
54
1414
54
1414
1414
1414
1414
1414
54
1414
54
1414
1414
1414
1414
1414
54
1414
1414
1414
1414
1414
1414
54
1414
54
1414
1414
1414
1414
1414
54
1414
54
1414
1414
1414
1414
1414
1414
54
1414
1414
1414
54
1414
54
1414
1414
54
1414
1414
54
1414
1414
1414
54
1414
54
1414
1414
54
1414
1414
1414
1414
54
1414
1414
1414
1414
1414
1414
1414
54
1414
54
1414
1414
1414
1414
1414
1414
1414
54
1414
54
1414
1414
1414
54
1414
54
1414
1414
1414
54
1414
54
1414
1414
1414
1414
1414
1414
1414
54
1414
54
1414
1414
1414
1414
54
1414
1414
1414
1414
1414
1414
1414
54
1414
54
1414
1414
1414
1414
54
1414
1414
1414
1414
1414
1414
54
1414
1414
1414
1414
1414
54
1414
54
1414
1414
54
1414
1414
54
1414
1414
54
1414
1414
1414
1414
1414
1414
1414
54
1414
54
1414
1414
1414
1414
1414
54
1414
54
1414
1414
54
1414
1414
1414
1414
1414
54
1414
1414
1414
1414
54
1414
1414
1414
1414
1414
54
1414
1414
1414
1414
1414
1414
1414
54
1414
54
1414
1414
54
1414
1414
1414
54
1414
1414
1414
1414
1414
1414
54
1414
54
1414
1414
54
1414
1414
54
1414
1414
1414
1414
54
1414
1414
1414
1414
1414
1414
54
1414
1414
1414
54
1414
1414
54
1414
1414
54
1414
1414
1414
1414
54
1414
54
1414
1414
54
1414
1414
1414
1414
1414
1414
54
1414
1414
54
1414
1414
1414
1414
1414
54
1414
1414
54
1414
1414
1414
1414
54
1414
54
1414
1414
1414
1414
1414
54
1414
1414
54
1414
1414
1414
54
1414
1414
54
1414
1414
1414
1414
1414
1414
1414
54
1414
1414
54
1414
54
1414
1414
54
1414
1414
1414
54
1414
54
1414
1414
1414
1414
1414
54
1414
1414
1414
54
1414
1414
54
1414
1414
1414
1414
1414
54
1414
54
1414
1414
54
1414
1414
1414
1414
1414
1414
1414
54
1414
1414
1414
1414
1414
1414
54
1414
54
1414
1414
54
1414
1414
1414
1414
54
1414
1414
1414
1414
1414
1414
54
1414
1414
1414
1414
54
1414
1414
1414
1414
1414
1414
1414
54
1414
54
1414
1414
54
1414
1414
1414
1414
1414
1414
1414
54
1414
54
1414
1414
1414
54
1414
54
1414
1414
1414
1414
54
1414
1414
1414
1414
1414
54
1414
1414
1414
54
1414
1414
1414
1414
1414
1414
54
1414
1414
54
1414
1414
54
1414
1414
1414
1414
1414
1414
54
1414
1414
54
1414
1414
1414
1414
1414
1414
1414
54
1414
54
1414
1414
54
1414
1414
1414
1414
54
1414
1414
54
1414
1414
1414
1414
54
1414
1414
1414
1414
1414
1414
54
1414
1414
54
1414
1414
54
1414
1414
1414
1414
1414
1414
54
1414
1414
1414
1414
54
1414
1414
1414
1414
1414
54
1414
54
1414
1414
1414
54
1414
1414
1414
1414
1414
1414
54
1414
1414
1414
1414
54
1414
54
1414
1414
1414
1414
1414
1414
54
1414
1414
1414
1414
1414
1414
54
1414
1414
1414
1414
1414
1414
1414
54
1414
54
1414
1414
1414
1414
1414
54
1414
1414
1414
1414
54
1414
54
1414
1414
1414
1414
54
1414
1414
54
1414
1414
1414
1414
1414
1414
54
1414
1414
1414
1414
1414
1414
1414
54
1414
54
1414
1414
1414
1414
54
1414
1414
1414
54
1414
54
1414
1414
1414
1414
1414
1414
54
1414
1414
54
1414
1414
1414
54
1414
1414
54
1414
54
1414
1414
1414
1414
1414
54
1414
54
1414
1414
1414
54
1414
1414
1414
1414
54
1414
1414
54
1414
1414
1414
1414
54
1414
1414
1414
1414
1414
54
1414
1414
1414
1414
1414
1414
1414
54
1414
54
1414
1414
1414
1414
1414
1414
54
1414
1414
1414
1414
1414
1414
54
1414
1414
1414
1414
1414
1414
54
1414
1414
1414
1414
1414
1414
1414
54
1414
1414
1414
1414
1414
54
1414
1414
1414
1414
1414
54
1414
54
1414
1414
1414
1414
1414
1414
54
1414
1414
1414
1414
1414
1414
1414
54
1414
1414
54
1414
1414
1414
1414
1414
1414
54
1414
1414
1414
1414
1414
54
1414
1414
54
1331
1414
1414
54
1414
1414
1414
54
1414
1414
1414
54
1414
1414
1414
1414
54
1414
1414
1414
1414
1414
1414
54
1414
1414
1414
1414
1414
1414
54
1414
1414
1414
54
1414
1414
1414
54
1414
1414
1414
1414
1414
54
1414
54
1414
1414
1414
54
1414
1414
54
1414
1414
1414
1414
54
1414
54
1414
1414
1414
1414
1414
1414
1414
54
1414
1414
54
1414
54
1414
1414
1414
1414
1414
54
1414
54
1414
1414
1414
54
1414
54
1414
1414
54
1414
1414
1414
54
1414
1414
1414
1414
1414
54
1414
1414
1414
1414
1414
1414
54
1414
1414
54
1414
1414
1414
1119
1414
1414
54
54
1414
1414
54
1414
1414
1414
1414
1414
1414
54
1414
1414
1414
1414
54
1414
1414
1414
1414
54
1414
1414
1414
1414
1414
54
1414
1414
1414
1414
1414
54
1414
1414
1414
1414
54
1414
1414
1414
1414
54
1414
1414
1414
1414
54
1414
1414
1414
1414
1414
1414
54
1414
1414
54
1414
1414
1414
54
1414
54
1414
1414
1414
1414
1414
1414
54
1414
1414
54
1414
1414
54
1414
1414
1414
1414
1414
1414
1414
54
1414
54
1414
1414
54
1414
1414
1414
1414
1414
54
1414
54
1414
1414
1414
1414
54
1414
1414
54
1414
1414
54
1414
1414
1414
1414
1414
1414
1414
54
1414
1414
54
1414
1414
54
1414
54
1414
1414
1414
1414
54
1414
1414
1414
1414
1414
1414
54
1414
1414
54
1414
1414
1414
1414
1414
54
1414
54
1414
1414
1414
54
1414
1414
54
1414
1414
1414
1414
1414
1414
54
1414
1414
1414
1414
54
1414
54
1414
1414
1414
54
1414
1414
54
1414
54
1414
1414
1414
1414
1414
1414
54
1414
1414
1414
1414
1414
54
1414
54
1414
1414
1414
1414
1414
1414
1414
54
1414
1414
54
1414
1414
1414
1414
1414
54
1414
1414
1414
54
1414
54
1414
1414
1414
1414
1414
1414
1414
54
1414
1414
54
1414
54
1414
1414
1414
1414
54
1414
1414
54
1414
1414
54
1414
1414
1414
1414
1414
1414
1414
54
1414
1414
1414
54
1414
1414
54
1414
1414
1414
1414
1414
54
1414
54
1414
1414
1414
1414
54
1414
1414
1414
1414
1414
54
1414
1414
1414
1414
1414
1414
54
1414
54
1414
1414
1414
1414
1414
1414
54
1414
1414
1414
1414
1414
1414
1414
54
1414
54
1414
1414
1414
1414
54
1414
1414
1414
54
1414
1414
54
1414
1414
1414
1414
54
1414
54
1414
1414
1414
1414
1414
1414
54
1414
1414
54
1414
1414
1414
1414
1414
1414
54
1414
1414
1414
1414
1414
1414
1414
54
1414
54
1414
1414
54
1414
1414
1414
54
1414
54
1414
1414
1414
1414
1414
1414
54
1414
1414
1414
1414
54
1414
1414
1414
1414
1414
54
1414
54
1414
1414
1414
1414
54
1414
1414
1414
1414
1414
54
1414
54
1414
1414
1414
1414
1414
54
1414
1414
54
1414
54
1414
1414
1414
1414
1414
1414
1414
54
1414
54
1414
1414
1414
54
1414
1414
54
1414
54
1414
1414
1414
1414
1414
1414
1414
54
1414
54
1414
1414
1414
1414
1414
1414
1414
54
1414
54
1414
1414
54
1414
1414
1414
54
1414
54
1414
1414
1414
1414
1414
1414
54
1414
1414
54
1414
1414
1414
1414
1414
1414
54
1414
1414
1414
54
1414
54
1414
1414
1414
1414
1414
54
1414
54
1414
1414
54
1414
1414
1414
54
1414
1414
54
1414
54
1414
1414
1414
1414
1414
1414
54
1414
1414
1414
54
1414
1414
1414
54
1414
1414
1414
1414
1414
54
1414
54
1414
1414
1414
54
1414
54
1414
1414
1414
1414
54
1414
1414
1414
54
1414
1414
1414
1414
1414
1414
54
1414
54
1414
1414
1414
1414
54
1414
1414
1414
1414
1414
1414
54
1414
1414
1414
1414
54
1414
1414
54
1414
1414
1414
1414
1414
1414
1414
54
1414
54
1414
1414
1414
1414
1414
54
1414
54
1414
1414
1414
1414
54
1414
1414
1414
1414
1414
1414
1414
54
1414
54
1414
1414
1414
1414
54
1414
1414
1414
1414
1414
1414
54
1414
1414
1414
1414
1414
54
1414
54
1414
1414
1414
1414
1414
1414
1414
54
1414
54
1414
1414
1414
1414
1414
1414
1414
54
1414
54
1414
1414
1414
1414
1414
1414
54
1414
1414
1414
54
1414
1414
1414
1414
1414
54
1414
1414
1414
1414
1414
1414
54
1414
1414
1414
1414
1414
1414
1414
54
1414
54
1414
1414
1414
1414
1414
1414
54
1414
1414
1414
1414
1414
54
1414
54
1414
1414
1414
1414
54
1414
1414
1414
54
1414
54
1414
1414
54
1414
1414
1414
1414
1414
1414
54
1414
1414
54
1414
1414
1414
1414
1414
54
1414
54
1414
1414
54
1414
1414
1414
1414
1414
1414
54
1414
1414
54
1414
1414
54
1414
1414
1414
1414
1414
54
1414
54
1414
1414
1414
1414
1414
54
1414
54
1414
1414
1414
1414
54
1414
1414
1414
1414
1414
1414
1414
54
1414
1414
54
1414
54
1414
1414
1414
1414
1414
1414
1414
54
1414
1414
54
1414
1414
54
1414
1414
1414
1414
1414
1414
54
1414
1414
54
1414
54
1414
1414
54
1414
1414
1414
1414
1414
1414
1414
54
1414
54
1414
1414
1414
1414
1414
1414
1414
54
1414
54
1414
1414
1414
1414
1414
1414
1414
54
1414
1414
54
1414
1414
1414
1414
1414
1414
54
1414
1414
1414
1414
1414
1414
54
1414
1414
54
1414
1414
1414
1414
1414
1414
54
1414
1414
54
1414
54
1414
1414
1414
54
1414
1414
1414
1414
54
1414
1414
1414
54
1414
1414
1414
1414
54
1414
1414
54
1414
1414
1414
54
1414
1414
54
1414
1414
1414
1414
1414
54
1414
1414
54
1414
1414
1414
54
1414
54
1414
1414
1414
1414
54
1414
1414
54
1414
1414
54
1414
1414
1414
54
1414
54
1414
1414
1414
1414
1414
1414
1414
54
1414
54
1414
1414
1414
1414
1414
1414
54
1414
1414
54
1414
1414
54
1414
1414
1414
54
1414
54
1414
1414
54
1414
1414
1414
54
1414
54
1414
1414
1414
1414
1414
1414
54
1414
1414
54
1414
1414
1414
54
1414
54
1414
1414
1414
54
1414
54
1414
1414
54
1414
1414
54
1414
1414
1414
1414
1414
1414
1414
54
1414
54
1414
1414
1414
54
1414
1414
1414
54
1414
1414
54
1414
1414
1414
54
1414
54
1414
1414
1414
1414
1414
54
1414
54
1414
1414
54
1414
1414
1414
54
1414
54
1414
1414
1414
1414
1414
1414
1414
54
1414
54
1414
1414
1414
1414
1414
1414
54
1414
1414
54
1414
1414
1414
54
1414
54
1414
1414
1414
54
1414
1414
1414
1414
54
1414
54
1414
1414
1414
1414
1414
1414
54
1414
1414
1414
54
1414
54
1414
1414
54
1414
1414
1414
1414
54
1414
668
1045
1414
1414
1414
1414
1414
54
1414
1414
1414
1414
54
1414
1414
1414
54
1414
1414
1414
1414
1414
1414
54
1414
54
1414
1414
1414
54
1414
54
1414
1414
1414
54
1414
54
1414
1414
1414
54
1414
1414
1414
1414
1414
54
1414
1414
1414
1414
54
1414
1414
54
1414
1414
1414
54
1414
1414
1414
1414
54
1414
54
1414
1414
1414
1414
54
1414
1414
54
1414
1414
54
1414
1414
54
1414
1414
54
1414
1414
1414
1414
1414
1414
54
1414
1414
54
1414
1414
1414
1414
1414
1414
1414
54
1414
54
1414
1414
1414
1414
1414
1414
54
1414
1414
1414
54
1414
54
1414
1414
54
1414
1414
54
1414
1414
1414
1414
54
1414
1414
1414
1414
1414
1414
1414
54
1414
54
1414
1414
54
1414
1414
1414
1414
54
1414
1414
1414
1414
54
1414
1414
1414
1414
1414
54
1414
54
1414
1414
1414
54
1414
54
1414
1414
1414
1414
54
1414
1414
1414
1414
1414
1414
1414
54
1414
54
1414
1414
1414
54
1414
1414
1414
1414
1414
54
1414
1414
1414
1414
1414
1414
54
1414
1414
1414
1414
1414
1414
54
1414
1414
54
1414
1414
1414
1414
1414
54
1414
54
1414
1414
1414
1414
54
1414
1414
1414
54
1414
1414
1414
1414
1414
1414
54
1414
54
1414
1414
54
1414
1414
1414
1414
1414
1414
54
1414
1414
1414
1414
1414
54
1414
1414
1414
1414
1414
54
1414
1414
54
1414
1414
1414
1414
60
1414
1414
54
1414
1414
1414
60
1414
1414
1414
54
1414
1414
1414
1414
1414
54
1414
54
1414
1414
1414
1414
1414
1414
1414
54
1414
54
1414
1414
54
1414
1414
54
1414
1414
54
1414
1414
1414
1414
1414
1414
1414
54
1414
54
1414
1414
54
1414
1414
1414
1414
1414
1414
1414
54
1414
54
1414
1414
54
1414
1414
1414
54
1414
1414
1414
54
1414
1414
1414
1414
1414
1414
1414
54
1414
54
1414
1414
1414
1414
54
1414
1414
1414
54
1414
1414
1414
1414
1414
1414
54
1414
1414
1414
1414
54
1414
54
1414
1414
1414
1414
1414
1414
1414
54
1414
1414
1414
54
1414
1414
1414
1414
1414
1414
1414
54
1414
54
1414
1414
54
1414
1414
1414
54
1414
1414
1414
1414
1414
54
1414
1414
1414
1414
1414
1414
54
1414
254
1414
1414
100
1414
1414
1414
54
54
1414
100
1414
1414
54
1414
1414
54
1414
54
1414
1414
1414
1414
54
1414
1414
1414
1414
1414
1414
54
1414
1414
1414
1414
1414
1414
54
1414
1414
1414
1414
1414
1414
54
1414
1414
1414
1414
1414
54
1414
1414
1414
54
1414
1414
1414
1414
1414
1414
1414
54
1414
54
1414
1414
1414
1414
1414
1414
54
1414
1414
1414
1414
1414
1414
54
1414
1414
1414
1414
1414
1414
1414
54
1414
1414
1414
1414
1414
54
1414
1414
1414
1414
1414
1414
54
1414
1414
1414
1414
1414
1414
54
1414
1414
54
1414
1414
1414
1414
54
1414
1414
54
1414
1414
1414
1414
54
1414
1414
1414
1414
54
1414
1414
1414
1414
1414
54
1414
1414
1414
54
1414
1414
1414
1414
100
1414
1414
66
54
1414
1414
1414
1414
54
1414
1414
1414
1414
1414
54
1414
1414
1414
1414
54
1414
54
1414
1414
1414
54
1414
54
1414
1414
54
1414
1414
1414
1414
1414
1414
1414
54
1414
1414
54
1414
54
1414
1414
1414
1414
54
1414
1414
1414
1414
1414
1414
54
1414
1414
1414
1414
54
1414
1414
1414
1414
1414
1414
1414
54
1414
54
1414
1414
54
1414
1414
1414
1414
1414
1414
1414
54
1414
54
1414
1414
1414
54
1414
54
1414
1414
54
1414
1414
1414
1414
1414
388
1414
54
1414
1414
54
1414
1414
1414
1414
54
1414
1414
407
1414
1414
1414
54
1414
1414
1414
1414
1414
1414
1414
54
1414
54
1414
1414
1414
1414
54
1414
1414
1414
1414
54
1414
1414
1414
54
1414
54
1414
1414
1414
60
1414
54
54
1414
1414
1414
54
1414
1414
54
1414
1414
54
1414
54
1414
1414
1414
1414
54
1414
1414
1414
1414
1414
1414
1414
54
1414
54
1414
1414
54
1414
1414
1414
1414
1414
54
1414
54
1414
1414
54
1414
1414
1414
1414
54
1414
1414
1414
1414
1414
54
1332
1414
1414
54
1414
1414
54
1414
54
1414
1414
54
1414
1414
1414
1414
54
1414
1414
1414
1414
1414
1414
1414
54
1414
54
1414
1414
54
1414
1414
1414
54
1414
54
1414
1414
54
1414
1414
54
1414
1414
1414
1414
1414
1414
1414
54
1414
54
1414
1414
1414
54
1414
1414
1414
54
1414
1414
54
1414
1414
1414
1414
1414
1414
54
1414
1414
1414
1414
1414
1414
1414
54
1414
54
1414
1414
1414
1414
1414
1414
1414
54
1414
54
1414
1414
54
1414
1414
1414
54
1414
54
1414
1414
1414
1414
1414
54
1414
54
1414
1414
1414
1414
1414
54
1414
54
1414
1414
1414
1414
1414
1414
54
1414
1414
1414
1414
1414
1414
54
1414
1414
1414
1414
1414
54
1414
54
1414
1414
1414
1414
1414
1414
54
1414
1414
1414
1414
1414
1414
1414
54
1414
54
1414
1414
1414
1414
1414
1414
1414
54
1414
54
1414
1414
1414
1414
1414
1414
54
1414
1414
1414
1414
1414
1414
54
1414
434
60
1414
1414
1414
1414
1414
54
54
1414
54
1414
1414
54
1414
1414
1414
54
1414
1414
1414
54
1414
1414
1414
1414
1414
54
1414
54
1414
1414
54
1414
1414
54
1414
1414
1414
1414
1414
54
1414
54
1414
1414
1414
54
1414
54
1414
1414
1414
1414
1414
1414
54
1414
1414
54
1414
1414
1414
1414
1414
1414
1414
54
1414
1414
1414
1414
1414
1414
54
1414
54
1414
1414
1414
1414
1414
1414
54
1414
1414
1414
1414
1414
1414
54
1414
1414
1414
1414
1414
54
1414
1414
1414
1414
1414
1414
54
1414
1414
1414
1414
1414
1414
54
1414
1414
1414
1414
1414
1414
54
1414
54
1414
1414
1414
1414
1414
1414
54
1414
1414
1414
1414
1414
1414
1414
54
1414
1414
1414
1414
1414
1414
54
1414
1414
1414
1414
1414
1414
54
1414
54
1414
1414
1414
1414
1414
1414
54
1414
1414
54
1414
1414
1414
1414
1414
1414
54
1414
1414
1414
1414
1414
1414
1414
54
1414
54
1414
1414
1414
1414
1414
1414
1414
54
1414
54
1414
1414
1414
1414
1414
1414
1414
54
1414
54
1414
1414
1414
60
54
1414
1414
54
1414
54
1414
1414
54
1414
1414
54
1414
1414
1414
1414
1414
1414
54
1414
1414
54
1414
1414
54
1414
1414
1414
1414
1414
1414
54
1414
1414
54
1414
1414
1414
1414
1414
1414
54
1414
1414
1414
1414
1414
1414
54
1414
1414
1414
1414
1414
1414
54
1414
1414
1414
1414
1414
1414
1414
54
1414
54
1414
1414
54
1414
1414
1414
1414
1414
1414
1414
54
1414
54
1414
1414
1414
1414
54
1414
1414
54
1414
1414
1414
54
1414
54
1414
1414
54
1414
1414
1414
1414
54
1414
1414
1414
54
1414
54
1414
1414
54
1414
1414
1414
54
1414
1414
1414
1414
54
1414
54
1414
1414
1414
54
1414
54
1414
1414
1414
1414
1414
54
1414
1414
1414
1414
1414
54
1414
1414
54
1414
1414
1414
54
1414
54
1414
1414
1414
54
1414
54
1414
1414
1414
1414
54
1414
1414
1414
1414
1414
1414
54
1414
1414
54
1414
1414
54
1414
1414
1414
1414
1414
1414
1414
54
1414
54
1414
1414
1414
1414
1414
1414
1414
54
1414
54
1414
1414
1414
1414
1414
1414
1414
54
1414
54
1414
1414
1414
1414
54
1414
1414
54
1414
1414
54
1414
1414
1414
54
1414
1414
1414
54
1414
1414
54
1414
1414
1414
1414
1414
1414
54
1414
1414
1414
1414
1414
1414
1414
54
1414
1414
1414
1414
1414
1414
54
1414
54
1414
1414
54
1414
1414
1414
1414
1414
54
1414
54
1414
1414
1414
54
1414
1414
1414
54
1414
1414
1414
1414
1414
1414
54
1414
1414
54
1414
1414
1414
1414
1414
1414
1414
54
1414
54
1414
1414
1414
1414
1414
1414
54
1414
1414
1414
54
1414
54
1414
1414
1414
1414
1414
54
1414
54
1414
1414
1414
1414
1414
1414
54
1414
1414
54
1414
1414
1414
1414
1414
1414
1414
54
1414
54
1414
1414
54
1414
1414
54
1414
1414
1414
1414
1414
1414
54
1414
1414
1414
1414
1414
1414
54
1414
1414
1414
1414
1414
1414
1414
54
1414
54
1414
1414
1414
1414
1414
54
1414
54
1414
1414
54
1414
1414
1414
1414
54
1414
1414
1414
1414
1414
1414
1414
54
1414
1414
54
1414
1414
1414
54
1414
1414
1414
1414
1414
1414
1414
54
1414
54
1414
1414
1414
54
1414
1414
1414
1414
1414
1414
54
1414
54
1414
1414
1414
1414
1414
1414
54
1414
1414
1414
1414
54
1414
1414
1414
1414
1414
1414
1414
54
1414
54
1414
1414
1414
1414
1414
1414
54
1414
1414
1414
1414
1414
1414
54
1414
1414
1414
1414
1414
1414
1414
54
1414
54
1414
1414
1414
1414
1414
1414
1414
54
1414
54
1414
1414
1414
1414
1414
1414
1414
54
1414
1414
1414
1414
1414
54
1414
1414
1414
1414
1414
1414
1414
54
1414
1414
54
1414
1414
54
1414
54
1414
1414
1414
1414
1414
1414
1414
54
1414
1414
1414
1414
1414
54
1414
1414
1414
1414
1414
54
1414
54
1414
1414
1414
1414
54
1414
1414
1414
1414
1414
1414
54
1414
1414
1414
1414
1414
1414
54
1414
1414
1414
1414
1414
1414
1414
54
1414
54
1414
1414
54
1414
1414
1414
1414
1414
54
1414
54
1414
1414
54
1414
1414
54
1414
1414
1414
54
1414
54
1414
1414
1414
54
1414
54
1414
1414
1414
1414
1414
54
1414
54
1414
1414
54
1414
1414
1414
1414
1414
1414
54
1414
1414
1414
1414
54
1414
1414
1414
54
1414
54
1414
1414
1414
1414
1414
54
1414
54
1414
1414
54
1414
1414
54
1414
1414
1414
1414
54
1414
1414
54
1414
1414
1414
54
1414
1414
1414
1414
1414
54
1414
1414
54
1414
1414
1414
54
1414
54
1414
1414
1414
1414
1414
54
1414
54
1414
1414
54
1414
1414
54
1414
1414
1414
54
1414
54
1414
1414
1414
1414
1414
1414
1414
54
1414
54
1414
1414
1414
1414
1414
1414
1414
54
1414
54
1414
1414
1414
1414
1414
54
1414
1414
54
1414
54
1414
1414
1414
1414
1414
1414
54
1414
1414
1414
1414
54
1414
1414
54
1414
1414
1414
1414
1414
1414
1414
54
1414
54
1414
1414
1414
54
1414
54
1414
1414
1414
1414
1414
54
1414
54
1414
1414
1414
54
1414
1414
54
1414
54
1414
1414
1414
1414
1414
1414
54
1414
1414
1414
1414
1414
54
1414
54
1414
1414
54
1414
1414
1414
1414
1414
54
1414
54
1414
1414
1414
1414
54
1414
1414
1414
54
1414
54
1414
1414
1414
54
1414
54
1414
1414
1414
1414
1414
1414
1414
54
1414
1414
1414
54
1414
1414
1414
1414
1414
1414
1414
54
1414
54
1414
1414
54
1414
1414
1414
1414
1414
1414
54
1414
1414
1414
54
1414
54
1414
1414
54
1414
1414
54
1414
1414
1414
54
1414
54
1414
1414
1414
1414
1414
1414
1414
54
1414
1414
1414
1414
1414
54
1414
1414
54
1414
1414
54
1414
1414
1414
1414
1414
54
1414
54
1414
1414
1414
1414
1414
1414
1414
54
1414
54
1414
1414
1414
1414
1414
1414
54
1414
1414
1414
1414
1414
1414
1414
54
1414
54
1414
1414
1414
54
1414
54
1414
1414
1414
1414
54
1414
1414
1414
1414
1414
54
1414
54
1414
1414
1414
1414
54
1414
1414
54
1414
1414
54
1414
1414
54
1414
1414
1414
1414
1414
1414
1414
54
1414
54
1414
1414
54
1414
1414
1414
54
1414
54
1414
1414
1414
1414
54
1414
1414
54
1414
1414
54
1414
1414
54
1414
1414
1414
1414
54
1414
1414
54
1414
1414
54
1414
1414
1414
1414
1414
1414
1414
54
1414
1414
54
1414
54
1414
1414
54
1414
1414
1414
1414
1414
54
1414
54
1414
1414
54
1414
1414
54
1414
1414
1414
1414
1414
1414
1414
54
1414
54
1414
1414
54
1414
1414
54
1414
1414
1414
54
1414
1414
54
1414
1414
1414
1414
1414
1414
54
1414
1414
1414
1414
54
1414
1414
1414
1414
1414
54
1414
1414
54
1414
1414
1414
1414
1414
1414
54
1414
1414
54
1414
1414
1414
54
1414
54
1414
1414
1414
1414
1414
1414
54
1414
1414
1414
1414
1414
1414
54
1414
1414
1414
1414
1414
1414
1414
54
1414
54
1414
1414
1414
1414
1414
1414
54
1414
1414
1414
1414
1414
1414
1414
54
1414
1414
1414
1414
1414
1414
54
1414
54
1414
1414
1414
1414
1414
1414
54
1414
1414
1414
1414
1414
1414
1414
54
1414
54
1414
1414
1414
1414
1414
1414
54
1414
1414
1414
1414
1414
54
1414
1414
1414
1414
54
1414
1414
1414
1414
702
54
1328
1414
1414
1414
1414
1414
1414
54
1414
1414
1414
1414
1414
1414
1414
54
1414
54
1414
1414
1414
1414
1414
1414
54
1414
1414
54
1414
1414
54
1414
1414
1414
1414
1414
1414
1414
54
1414
54
1414
1414
1414
54
1414
54
1414
1414
1414
1414
1414
1414
1414
54
1414
54
1414
1414
54
1414
1414
1414
1414
54
1414
1414
1414
1414
1414
1414
54
1414
1414
54
1414
1414
1414
54
1414
54
1414
1414
54
1414
1414
1414
1414
1414
1414
1414
54
1414
54
1414
1414
54
1414
1414
1414
1414
1414
1414
1414
54
1414
54
1414
1414
1414
1414
54
1414
1414
1414
1414
1414
1414
1414
54
1414
54
1414
1414
1414
1414
1414
1414
54
1414
1414
1414
1414
1414
1414
54
1414
1414
54
1414
1414
1414
1414
1414
1414
1414
54
1414
54
1414
1414
1414
1414
1414
1414
1414
54
1414
54
1332
1414
1414
1414
1414
1414
54
1414
54
1414
1414
1414
1414
1414
1414
54
1414
1414
1414
1414
54
1414
1414
1414
1414
1414
54
1414
1414
1414
1414
1414
54
1414
1414
1414
54
1414
1414
1414
1414
54
1414
1414
1414
1414
54
1414
54
1414
1414
1414
1414
1414
1414
54
1414
1414
54
1414
1414
54
1414
1414
1414
54
1414
1414
1414
54
1414
1414
54
1414
1414
1414
1414
1414
54
1414
54
1414
1414
1414
54
1414
54
1414
1414
54
1414
1414
1414
1414
1414
1414
54
1414
1414
1414
1414
1414
1414
1414
54
1414
54
1414
1414
54
1414
1414
54
1414
1414
1414
1414
1414
1414
54
1414
1414
54
1414
1414
1414
1414
1414
1414
1414
54
1414
54
1414
1414
54
1414
1414
54
1414
1414
1414
1414
668
1414
54
1414
54
1414
1414
1414
1414
1414
1414
54
1414
1414
1414
1414
1414
1414
54
1414
1414
1414
1414
1414
1414
1414
54
1414
1414
54
1414
54
1414
1414
1414
1414
1414
1414
54
1414
1414
1414
54
1414
54
1414
1414
1414
1414
1414
1414
1414
54
1414
54
1414
1414
54
1414
1414
1414
1414
1414
54
1414
54
1414
1414
54
1414
1414
54
1414
1414
54
1414
54
1414
1414
1414
1414
54
1414
54
1414
1414
54
1414
1414
1414
1414
1414
54
1414
54
1414
1414
1414
1414
54
1414
1414
54
1414
1414
1414
1414
1414
54
1414
1414
1414
1414
1414
54
1414
1414
1414
54
1414
54
1414
1414
54
1414
1414
1414
1414
1414
54
1414
54
1414
1414
1414
54
1414
54
1414
1414
1414
1414
1414
54
1414
54
1414
1414
1414
54
1414
54
1414
1414
1414
1414
1414
1414
1414
54
1414
54
1414
1414
54
1414
1414
54
1414
1414
54
1414
1414
1414
1414
1414
1414
1414
54
1414
54
1414
1414
54
1414
1414
1414
1414
1414
1414
1414
54
1414
1414
1414
1414
1414
54
1414
1414
1414
1414
1414
1414
1414
54
1414
54
1414
1414
1414
1414
1414
1414
1414
54
1414
54
1414
1414
1414
1414
1414
54
1414
54
1414
1414
54
1414
1414
54
1414
1414
1414
1414
54
1414
1414
54
1414
1414
1414
1414
54
1414
1414
1414
1414
1414
1414
1414
54
1414
54
1414
1414
1414
1414
54
1414
1414
1414
1414
1414
1414
1414
54
1414
54
1414
1414
54
1414
1414
1414
1414
1414
1414
54
1414
1414
54
1414
1414
1414
54
1414
54
1414
1414
1414
1414
1414
54
1414
54
1414
1414
1414
1414
1414
1414
1414
54
1414
54
1414
1414
54
1414
1414
1414
1414
1414
1414
1414
54
1414
54
1414
1414
1414
1414
1414
54
1414
54
1414
1414
54
1414
1414
54
1414
1414
54
1414
1414
1414
1414
1414
1414
1414
54
1414
54
1414
1414
1414
1414
54
1414
1414
1414
1414
1414
1414
1414
54
1414
54
1414
1414
1414
54
1414
54
1414
1414
1414
1414
1414
1414
54
1414
1414
54
1414
1414
1414
1414
1414
1414
54
1414
1414
1414
1414
1414
1414
54
1414
1414
1414
1414
54
1414
1414
1414
54
1414
1414
54
1414
54
1414
1414
1414
54
1414
1414
1414
1414
1414
1414
54
1414
54
1414
1414
1414
54
1414
1414
1414
54
1414
1414
1414
1414
1414
1414
1414
66
66
66
66
1414
66
1414
1414
66
66
1414
74
1414
1414
1414
74
74
74
1414
1414
74
74
1414
74
1414
74
1414
1414
1414
74
74
74
1414
74
1414
74
1414
74
1414
1414
74
74
1414
1414
1414
1414
1414
74
74
74
74
74
1414
74
1414
1414
1414
1414
74
74
74
74
1414
74
1414
74
1414
1414
1414
1414
74
74
74
74
1414
74
1414
1414
74
74
1414
74
1414
1414
1414
1414
74
74
74
74
1414
74
1414
1414
74
74
1414
74
1414
1414
1414
1414
1414
1414
74
74
74
74
74
74
1414
1414
74
74
1414
1414
1414
1414
1414
74
74
74
74
74
1414
74
1414
74
1414
1414
1414
1414
1414
74
74
74
74
74
1414
1414
1414
1414
74
74
74
74
1414
74
1414
74
1414
1414
74
74
1414
1414
74
74
1414
74
1414
1414
1414
1414
1414
74
74
74
74
74
1414
74
1414
1414
1414
1414
1414
74
74
74
74
74
1414
74
1414
1414
1414
1414
1414
1414
74
74
74
74
74
74
1414
1414
74
74
1414
1414
1414
1414
1414
74
74
74
74
74
1414
74
1414
1414
1414
1414
1414
1414
74
74
74
74
74
74
1414
74
1414
1414
1414
1414
1414
1414
74
74
74
74
74
74
1414
1414
74
74
1414
1414
1414
1414
1414
1414
74
74
74
74
74
74
1414
74
1414
1414
1414
1414
1414
1414
74
74
74
74
74
74
1414
74
1414
74
1414
74
1414
74
1414
1414
74
74
1414
74
1414
1414
1414
1414
1414
1414
74
74
74
74
74
74
1414
1414
1414
74
74
74
1414
74
1414
1414
1414
74
74
74
1414
74
1414
1414
1414
1414
1414
74
74
74
74
74
1414
1414
74
74
1414
1414
1414
1414
74
74
74
74
1414
74
1414
74
1414
1414
1414
1414
1414
74
74
74
74
74
1414
74
1414
1414
1414
1414
1414
1414
74
74
74
74
74
74
1414
74
1414
74
1414
74
1414
74
1414
74
1414
74
1414
74
1414
74
1414
1414
1414
74
74
74
1414
74
1414
1414
1414
1414
74
74
74
74
1414
1414
74
74
1414
1414
1414
1414
1414
74
74
74
74
74
1414
1414
74
74
1414
1414
1414
1414
1414
1414
74
74
74
74
74
74
1414
74
1414
74
1414
1414
1414
1414
1414
1414
74
74
74
74
74
74
1414
74
1414
74
1414
1414
1414
1414
1414
1414
74
74
74
74
74
74
1414
74
1414
1414
1414
1414
1414
1414
74
74
74
74
74
74
1414
74
1414
74
1414
1414
1414
1414
1414
66
66
66
66
66
1414
1414
54
1414
54
1414
1414
1414
54
1414
54
54
1414
54
1414
54
1414
1414
1414
1414
54
1414
1414
54
1414
1414
1414
1414
1414
54
1414
54
1414
1414
54
1414
1414
1414
1414
1414
54
1414
1414
1414
1414
54
1414
1414
1414
1414
54
1414
54
1414
1414
1414
54
1414
1414
1414
1414
54
1414
1414
54
1414
1414
54
1414
1414
54
1414
1414
54
1414
1414
54
1414
1414
54
1414
1414
54
1414
1414
54
1414
1414
1414
54
1414
1414
54
1414
1414
54
1414
1414
54
1414
1414
54
1414
54
1414
1414
54
1414
1414
1414
1414
54
1414
1414
1414
1414
1414
1414
1414
54
1414
54
1414
1414
1414
1414
1414
54
1414
1414
1414
54
1414
1414
1414
1414
54
1414
1414
1414
1414
54
1414
1414
1414
1414
1414
54
1414
54
1414
1414
1414
54
1414
1414
1414
1414
54
1414
54
1414
1414
1414
1414
1414
1414
1414
54
1414
54
1414
1414
1414
1414
1414
1414
54
1414
1414
1414
1414
1414
1414
54
1414
1414
1414
1414
1414
1414
54
1414
1414
1414
1414
54
1414
1414
54
1414
1414
1414
1414
1414
1414
1414
54
1414
54
1414
1414
1414
1414
1414
1414
1414
54
1414
54
1414
1414
1414
54
1414
54
1414
1414
1414
1414
1414
1414
54
1414
1414
1414
1414
54
1414
1414
1414
1414
1414
1414
1414
54
1414
54
1414
1414
1414
54
1414
54
1414
1414
1414
1414
1414
1414
1414
54
1414
1414
1414
1414
1414
54
1414
1414
1414
1414
1414
54
1414
54
1414
1414
1414
1414
1414
54
1414
54
1414
1414
1414
1414
1414
1414
1414
54
1414
54
1414
1414
1414
1414
54
1414
1414
1414
1414
1414
54
1414
1414
1414
1414
1414
1414
54
1414
54
1414
1414
1414
1414
1414
1414
1414
54
1414
54
1414
1414
1414
1414
54
1414
1414
1414
1414
1414
1414
54
1414
1414
1414
1414
1414
1414
1414
54
1414
1414
1414
1414
1414
1414
54
1414
1414
1414
1414
1414
1414
54
1414
54
1414
1414
1414
1414
1414
1414
66
66
66
1414
66
1414
1414
1414
1414
1414
1414
66
74
74
74
74
74
1414
74
1414
1414
1414
1414
1414
1414
74
74
74
74
74
74
1414
1414
74
74
1414
74
1414
74
1414
1414
1414
1414
74
74
74
74
1414
1414
74
74
1414
1414
1414
1414
1414
1414
74
74
74
74
74
74
1414
74
1414
1414
1414
1414
1414
1414
74
74
74
74
74
74
1414
74
1414
1414
1414
1414
1414
1414
74
74
74
74
74
74
1414
74
1414
1414
1414
1414
1414
1414
74
74
74
74
74
74
1414
74
1414
1414
1414
1414
1414
74
74
74
74
74
1414
1414
74
74
1414
1414
1414
1414
1414
1414
74
74
74
74
74
74
1414
74
1414
1414
1414
1414
1414
1414
74
74
74
74
74
74
1414
74
1414
1414
74
74
1414
74
1414
74
1414
74
1414
1414
1414
74
74
74
1414
74
1414
74
1414
1414
1414
1414
1414
74
74
74
74
74
1414
74
1414
1414
1414
74
74
74
1414
74
1414
74
1414
74
1414
74
1414
1414
1414
74
74
74
1414
74
1414
74
1414
74
1414
1414
74
74
1414
74
1414
74
1414
74
1414
74
1414
1414
1414
1414
74
74
74
74
1414
74
1414
74
1414
1414
1414
74
66
66
1414
66
1414
66
1414
1414
1414
1414
1414
54
54
54
1414
1414
54
1414
1414
1414
1414
1414
1414
54
1414
1414
54
1414
1414
54
1414
1414
54
1414
1414
54
1414
1414
54
1414
1414
54
1414
1414
54
1414
1414
1414
1414
54
1414
1414
54
1414
1414
54
221
54
552
60
128
92
100
54
100
60
171
203
54
1332
1414
1414
1414
1414
1414
54
1414
1414
54
1414
1414
54
1414
54
1414
1414
1414
54
1414
54
1414
1414
1414
1414
1414
1414
54
1414
1414
1414
54
1414
54
1414
1414
1414
54
1414
54
1414
1414
1414
1414
1414
54
1414
54
1414
1414
1414
1414
1414
1414
1414
54
1414
54
1414
1414
1414
54
1414
54
1414
1414
54
1414
1414
1414
1414
1414
1414
1414
54
1414
54
1414
1414
1414
1414
54
1414
1414
1414
1414
1414
54
1414
54
1414
1414
1414
1414
1414
54
1414
54
1414
1414
1414
1414
1414
54
1414
54
1414
1414
1414
1414
1414
1414
54
1414
1414
1414
1414
1414
1414
54
1414
1414
1414
1414
1414
1414
1414
54
1414
54
1414
1414
1414
1414
1414
54
1414
1414
1414
1414
54
1414
1414
1414
1414
1414
1414
54
1414
1414
1414
1414
54
1414
1414
1414
1414
54
1414
1414
1414
1414
1414
54
1414
1414
54
1414
1414
54
1414
1414
1414
1414
1414
54
1414
1414
54
1414
1414
54
1414
54
1414
1414
54
1414
1414
1414
54
1414
1414
1414
1414
1414
54
1414
1414
1414
1414
1414
1414
54
1414
1414
54
1414
1414
1414
1414
1414
54
1414
1414
1414
1414
54
1414
54
1414
1414
1414
54
1414
54
1414
1414
1414
1414
54
1414
1414
54
1414
1414
54
1414
1414
1414
1414
1414
1414
1414
54
1414
54
1414
1414
1414
1414
1414
54
1414
54
1414
1414
1414
1414
1414
1414
54
1414
1414
1414
1414
1414
1414
1414
54
1414
54
1414
1414
54
1414
1414
54
1414
1414
1414
1414
1414
54
1414
54
1414
1414
1414
1414
1414
54
1414
1414
1414
1414
1414
54
1414
1414
1414
1414
1414
1414
1414
54
1414
54
1414
1414
1414
1414
1414
54
1414
54
1414
1414
1414
1414
1414
1414
54
1414
1414
1414
1414
1414
1414
54
1414
1414
54
1414
1414
1414
1414
1414
54
1414
1414
1414
54
1414
1414
1414
1414
1414
54
1414
1414
1414
1414
1414
1414
54
1414
54
1414
1414
1414
1414
1414
54
1414
54
1414
1414
1414
1414
54
1414
1414
54
1414
1414
1414
1414
1414
1414
54
1414
1414
54
1414
1414
54
1414
1414
1414
1414
54
1414
1414
1414
54
1414
54
1414
1414
1414
1414
1414
1414
54
1414
1414
1414
54
1414
54
1414
1414
54
1414
1414
1414
1414
1414
1414
1414
54
1414
54
1414
1414
1414
54
1414
54
1414
1414
1414
1414
54
1414
1414
54
1414
1414
1414
1414
54
1414
1414
1414
54
1414
1414
1414
54
1414
1414
1414
1414
1414
1414
54
1414
1414
1414
1414
1414
1414
54
1414
1414
54
1414
1414
1414
1414
1414
54
1414
1414
1414
1414
54
1414
1414
54
1414
54
1414
1414
1414
54
1414
1414
54
1414
54
1414
1414
54
1414
1414
1414
54
1414
1414
1414
54
1414
1414
1414
1414
1414
54
1414
54
1414
1414
1414
1414
1414
54
1414
54
1414
1414
1414
1414
1414
1414
54
1414
1414
1414
1414
54
1414
1414
1414
1414
1414
54
1414
54
1414
1414
1414
1414
1414
1414
1414
54
1414
54
1414
1414
1414
1414
1414
1414
54
1414
1414
54
1414
1414
1414
1414
54
1414
1414
1414
1414
1414
1414
1414
54
1414
54
1414
1414
54
1414
1414
1414
1414
1414
1414
1414
54
1414
54
1414
1414
1414
1414
1414
1414
1414
54
1414
54
1414
1414
54
1414
1414
1414
1414
1414
54
1414
1414
1414
1414
54
1414
54
1414
1414
1414
1414
1414
1414
1414
54
1414
1414
54
1414
54
1414
1414
1414
54
1414
54
1414
1414
1414
54
1414
1414
54
1414
54
1414
1414
1414
1414
1414
54
1414
54
1414
1414
1414
54
1414
54
1414
1414
1414
1414
1414
1414
1414
54
1414
54
1414
1414
1414
54
1414
54
1414
1414
1414
54
1414
54
1414
1414
1414
1414
1414
1414
1414
54
1414
54
1414
1414
1414
1414
54
1414
1414
1414
54
1414
54
1414
1414
1414
1414
1414
1414
54
1414
1414
54
1414
1414
1414
1414
54
1414
1414
54
1414
1414
1414
1414
1414
1414
1414
54
1414
54
1414
1414
54
1414
1414
54
1414
1414
1414
1414
54
1414
1414
1414
1414
1414
1414
54
1414
1414
54
1414
1414
1414
54
1414
1414
54
1414
1414
1414
54
1414
1414
1414
1414
54
1414
1414
1414
1414
1414
1414
1414
54
1414
54
1414
1414
54
1414
1414
1414
1414
1414
1414
1414
54
1414
1414
54
1414
54
1414
1414
1414
1414
1414
1414
1414
54
1414
1414
54
1414
54
1414
1414
54
1414
1414
1414
1414
1414
54
1414
54
1414
1414
1414
54
1414
1414
1414
1414
1414
54
1414
1414
1414
54
1414
54
1414
1414
1414
54
1414
54
1414
1414
1414
1414
54
1414
1414
1414
1414
1414
1414
1414
54
1414
54
1414
1414
1414
1414
54
1414
1414
1414
1414
54
1414
1414
1414
54
1414
54
1414
1414
54
1414
1414
1414
54
1414
54
1414
1414
54
1414
1414
1414
54
1414
54
1414
1414
1414
1414
54
1414
1414
1414
1414
54
1414
1414
1414
1414
54
1414
1414
1414
1414
1414
1414
1414
54
1414
54
1414
1414
54
1414
1414
1414
54
1414
54
1414
1414
1414
1414
1414
1414
1414
54
1414
54
1414
1414
54
1414
1414
1414
1414
1414
1414
54
1414
1414
1414
54
1414
54
1414
1414
1414
54
1414
54
1414
1414
1414
1414
1414
1414
54
1414
1414
1414
1414
1414
54
1414
54
1414
1414
1414
1414
1414
1414
1414
54
1414
1414
54
1414
54
1414
1414
1414
1414
1414
54
1414
54
1414
1414
1414
54
1414
54
1414
1414
1414
1414
1414
1414
54
1414
1414
1414
1414
1414
54
1414
54
1414
1414
1414
54
1414
1414
54
1414
1414
54
1414
54
1414
1414
54
1414
1414
1414
1414
1414
1414
54
1414
1414
1414
1414
1414
1414
1414
54
1414
54
1414
1414
1414
54
1414
54
1414
1414
1414
1414
1414
1414
1414
54
1414
54
1414
1414
1414
1414
1414
1414
1414
54
1414
1414
1414
54
1414
1414
1414
1414
1414
1414
1414
54
1414
54
1414
1414
54
1414
1414
1414
1414
1414
1414
1414
54
1414
54
1414
1414
1414
1414
1414
1414
1414
54
1414
54
1414
1414
1414
1414
54
1414
1414
54
1414
1414
1414
1414
54
1414
1414
54
1414
1414
1414
1414
1414
1414
54
1414
1414
1414
1414
1414
54
1414
54
1414
1414
54
1414
1414
1414
1414
54
1414
1414
54
1414
1414
1414
54
1414
1414
54
1414
54
1414
1414
1414
1414
1414
1414
54
1414
1414
54
1414
1414
1414
54
1414
54
1414
1414
1414
1414
1414
1414
54
1414
1414
54
1414
1414
1414
54
1414
54
1414
1414
1414
1414
1414
1414
54
1414
1414
54
1414
1414
54
1414
1414
1414
54
1414
1414
1414
1414
1414
1414
54
1414
54
1414
1414
1414
1414
54
1414
1414
1414
1414
1414
1414
54
1414
1414
54
1414
1414
54
1414
1414
54
1414
1414
1414
54
1414
1414
1414
54
1414
1414
1414
1414
1414
1414
1414
54
1414
54
1414
1414
54
1414
1414
1414
1414
54
1414
1414
54
1414
1414
1414
1414
1414
1414
1414
54
1414
1414
1414
54
1414
1414
54
1414
1414
1414
1414
1414
1414
1414
54
1414
54
1414
1414
1414
1414
1414
54
1414
54
1414
1414
1414
1414
1414
1414
54
1414
1414
1414
1414
1414
1414
1414
54
1414
54
55
1414
1414
54
1414
1414
1414
1414
1414
54
1414
1414
1414
1414
1414
1414
54
1414
1414
54
1414
1414
54
1414
1414
1414
1414
1414
1414
54
1414
54
1414
1414
1414
54
1414
1414
1414
54
1414
1414
1414
1414
1414
1414
1414
54
1414
54
1414
1414
1414
1414
54
1414
1414
1414
307
66
54
55
1332
66
1414
1414
1414
1414
1414
1414
54
1414
1414
54
1414
1414
54
1414
1414
1414
1414
54
1414
1414
1414
1414
54
1414
1414
54
1414
1414
54
1414
1414
1414
1414
1414
54
1414
54
1414
1414
54
1414
1414
1414
1414
1414
1414
54
1414
1414
1414
1414
1414
1414
54
1414
1414
1414
1414
54
1414
1414
1414
54
1414
54
1414
1414
54
1414
1414
1414
54
1414
54
1414
1414
1414
1414
1414
1414
54
1414
1414
1414
1414
1414
54
1414
1414
1414
1414
54
1414
54
1414
1414
1414
1414
1414
1414
54
1414
1414
1414
1414
1414
54
1414
1414
1414
1414
1414
54
1414
1414
1414
1414
1414
1414
54
1414
1414
1414
54
1414
54
1414
1414
1414
1414
1414
1414
54
1414
1414
54
1414
1414
54
1414
1414
54
1414
1414
54
1414
1414
1414
1414
1414
54
1414
54
1414
1414
1414
54
1414
54
1414
1414
54
1414
1414
54
1414
1414
1414
1414
1414
54
1414
54
1414
1414
1414
1414
54
1414
1414
1414
1414
1414
54
1414
54
1414
1414
1414
1414
1414
1414
1414
54
1414
54
1414
1414
1414
1414
1414
1414
1414
54
1414
54
1414
1414
1414
1414
1414
1414
54
1414
1414
1414
1414
1414
1414
54
1414
1414
1414
1414
1414
1414
1414
54
1414
1414
54
1414
54
1414
1414
54
1414
1414
1414
1414
54
1414
1414
54
1414
1414
1414
1414
1414
54
1414
1414
1414
54
1414
1414
1414
1414
1414
1414
1414
54
1414
54
1414
1414
1414
1414
1414
1414
1414
54
1414
54
1414
1414
1414
54
1414
54
1414
1414
1414
1414
54
1414
1414
1414
1414
1414
1414
54
1414
1414
54
1414
1414
1414
54
1414
54
1414
1414
1414
1414
1414
54
1414
54
1414
1414
54
1414
1414
1414
1414
1414
1414
1414
54
1414
1414
1414
54
1414
1414
1414
1414
1414
1414
54
1414
1414
54
1414
1414
1414
1414
1414
1414
1414
54
1414
1414
1414
1414
1414
54
1414
1414
1414
1414
1414
54
1414
54
1414
1414
54
1414
1414
54
1414
1414
1414
1414
54
1414
1414
54
1414
1414
1414
1414
1414
1414
54
1414
1414
1414
1414
1414
1414
1414
54
1414
54
1414
1414
1414
1414
54
1414
1414
1414
1414
1414
1414
1414
54
1414
1414
54
1414
54
1414
1414
1414
1414
1414
54
1414
54
1414
1414
1414
54
1414
1414
1414
54
1414
1414
1414
1414
1414
1414
54
1414
1414
54
1414
1414
1414
1414
1414
1414
1414
54
1414
54
1414
1414
1414
54
1414
1414
1414
1414
1414
1414
54
1414
54
1414
1414
54
1414
1414
1414
1414
1414
54
1414
54
1414
1414
54
1414
1414
54
1414
1414
54
1414
1414
1414
1414
1414
1414
54
1414
1414
1414
54
1414
54
1414
1414
1414
1414
1414
1414
1414
54
1414
54
1414
1414
54
1414
1414
1414
1414
1414
1414
54
1414
1414
1414
1414
54
1414
1414
1414
54
1414
1414
54
1414
1414
1414
1414
1414
54
1414
1414
1414
1414
1414
1414
1414
54
1414
54
1414
1414
1414
1414
1414
1414
54
1414
1414
54
1414
1414
1414
1414
1414
1414
1414
54
1414
54
1414
1414
1414
54
1414
1414
54
1414
54
1414
1414
54
1414
1414
1414
1414
54
1414
1414
1414
1414
54
1414
1414
1414
54
1414
54
1414
1414
1414
1414
1414
54
1414
54
1414
1414
54
1414
1414
1414
1414
1414
54
1414
54
1414
1414
54
1414
1414
54
1414
1414
1414
1414
1414
1414
1414
54
1414
54
1414
1414
54
1414
1414
1414
54
1414
1414
1414
1414
54
1414
54
1414
1414
54
1414
1414
54
1414
1414
1414
1414
1414
1414
1414
54
1414
54
1414
1414
54
1414
1414
54
1414
1414
1414
1414
1414
1414
54
1414
1414
54
1414
1414
54
1414
1414
1414
1414
1414
1414
54
1414
1414
1414
1414
1414
1414
1414
54
1414
54
1414
1414
54
1414
1414
1414
1414
1414
1414
1414
54
1414
54
1414
1414
54
1414
1414
1414
54
1414
54
1414
1414
1414
1414
1414
54
1414
54
1414
1414
54
1414
1414
1414
1414
1414
54
1414
54
1414
1414
54
1414
1414
1414
1414
1414
54
1414
54
1414
1414
1414
1414
54
1414
1414
1414
1414
1414
1414
1414
54
1414
54
1414
1414
1414
54
1414
1414
1414
54
1414
1414
54
1414
1414
1414
54
1414
54
1414
1414
54
1414
1414
54
1414
1414
54
1414
1414
1414
1414
1414
54
1414
54
1414
1414
54
1414
1414
1414
1414
1414
54
1414
1414
1414
1414
1414
54
1414
1414
1414
54
1414
54
1414
1414
1414
1414
1414
1414
54
1414
1414
1414
1414
1414
1414
54
1414
1414
1414
1414
1414
54
1414
1414
1414
54
1414
1414
1414
1414
1414
54
1414
54
1414
1414
54
1414
1414
1414
1414
54
1414
1414
1414
1414
1414
1414
1414
54
1414
54
1414
1414
1414
1414
1414
1414
54
1414
1414
54
1414
1414
54
1414
1414
1414
54
1414
54
1414
1414
1414
1414
54
1414
1414
1414
1414
1414
1414
1414
54
1414
54
1414
1414
1414
54
1414
54
1414
1414
1414
1414
54
1414
1414
54
1414
1414
1414
1414
1414
1414
1414
54
1414
54
1414
1414
1414
1414
1414
54
1414
54
1414
1414
1414
54
1414
54
1414
1414
1414
1414
1414
54
1414
54
1414
1414
54
1414
1414
54
1414
1414
54
1414
1414
1414
1414
1414
54
1414
1414
1414
54
1414
1414
1414
1414
1414
54
1414
54
1414
1414
54
1414
1414
54
1414
1414
1414
1414
1414
1414
54
1414
1414
1414
1414
1414
1414
1414
54
1414
54
1414
1414
1414
1414
1414
54
1414
54
1414
1414
1414
1414
1414
1414
54
1414
1414
1414
1414
1414
1414
54
1414
1414
54
1414
1414
1414
1414
1414
1414
1414
54
1414
1414
54
1414
1414
54
1414
54
1414
1414
1414
1414
1414
1414
54
1414
1414
54
1414
1414
1414
54
1414
54
1414
1414
1414
1414
54
1414
1414
1414
1414
1414
1414
1414
54
1414
54
1414
1414
1414
1414
1414
1414
54
1414
1414
54
1414
1414
1414
1414
1414
1414
1414
54
1414
54
1414
1414
1414
54
1414
54
1414
1414
54
1414
1414
1414
54
1414
54
1414
1414
54
1414
1414
1414
1414
54
1414
1414
1414
54
1414
54
1414
1414
1414
1414
1414
1414
1414
54
1414
54
1414
1414
54
1414
1414
1414
1414
1414
54
1414
54
1414
1414
1414
1414
1414
1414
54
1414
1414
1414
1414
54
1414
1414
1414
54
1414
54
1414
1414
1414
1414
54
1414
1414
1414
1414
1414
1414
54
1414
1414
54
1414
1414
1414
1414
54
1414
1414
1414
54
1414
54
1414
1414
54
1414
1414
1414
1414
1414
1414
54
1414
1414
54
1414
1414
1414
1414
54
1414
1414
1414
1414
1414
1414
1414
54
439
1414
1414
54
1414
54
1414
1414
54
1414
1414
1414
54
1414
54
1414
1414
1414
1414
1414
54
1414
54
1414
1143
54
55
66
60
128
92
100
54
100
60
1332
1414
1414
1414
1414
1414
1414
54
1414
1414
1414
1414
1414
1414
54
1414
1414
1414
1414
1414
1414
54
1414
1414
54
1414
1414
54
1414
1414
1414
1414
54
1414
1414
1414
1414
1414
54
1414
54
1414
1414
1414
1414
1414
54
1414
1414
1414
54
1414
1414
54
1414
1414
1414
54
1414
54
1414
1414
1414
1414
54
1414
1414
54
1414
1414
1414
1414
1414
1414
1414
54
1414
54
1414
1414
54
1414
1414
54
1414
1414
54
1414
1414
1414
54
1414
1414
54
1414
54
1414
1414
1414
1414
1414
1414
1414
54
1414
54
1414
1414
1414
1414
54
1414
1414
1414
1414
1414
1414
1414
54
1414
54
1414
1414
1414
1414
1414
1414
1414
54
1414
54
1414
1414
54
1414
1414
54
1414
1414
1414
54
1414
1414
54
1414
1414
54
1414
54
1414
1414
54
1414
1414
1414
1414
1414
1414
54
1414
1414
54
1414
1414
54
1414
1414
1414
1414
54
1414
1414
1414
1414
1414
1414
54
1414
1414
54
1414
1414
1414
1414
1414
1414
54
1414
1414
1414
1414
54
1414
1414
54
1414
1414
54
1414
1414
1414
1414
1414
1414
1414
54
1414
54
1414
1414
1414
1414
54
1414
1414
1414
54
1414
1414
1414
1414
54
1414
54
1414
1414
1414
54
1414
54
1414
1414
1414
1414
54
1414
1414
54
1414
1414
1414
1414
1414
1414
1414
54
1414
54
1414
1414
1414
1414
1414
1414
54
1414
1414
1414
54
1414
54
1414
1414
1414
1414
1414
54
1414
54
1414
1414
1414
54
1414
1414
54
1414
1414
1414
1414
54
1414
1414
1414
1414
1414
1414
54
1414
54
1414
1414
1414
54
1414
54
1414
1414
1414
1414
1414
1414
54
1414
1414
54
1414
1414
1414
54
1414
1414
1414
1414
54
1414
54
1414
1414
54
1414
1414
1414
1414
54
1414
1414
1414
1414
1414
1414
1414
54
1414
54
1414
1414
54
1414
1414
54
1414
1414
1414
1414
1414
1414
1414
54
1414
54
1414
1414
1414
1414
1414
54
1414
54
1414
1414
1414
1414
54
1414
1414
1414
1414
54
1414
1414
54
1414
1414
1414
1414
1414
1414
54
1414
1414
1414
1414
1414
1414
1414
54
1414
54
1414
1414
1414
1414
1414
1414
54
1414
1414
1414
1414
1414
54
1414
1414
1414
54
1414
1414
54
1414
1414
54
1414
1414
54
1414
1414
54
1414
1414
1414
1414
1414
54
1414
54
1414
1414
1414
1414
1414
1414
54
1414
1414
54
1414
1414
1414
1414
1414
1414
54
1414
1414
54
1414
1414
54
1414
1414
54
1414
1414
1414
1414
1414
1414
54
1414
1414
1414
1414
1414
1414
1414
54
1414
1414
54
1414
1414
1414
1414
1414
54
1414
1414
1414
54
1414
1414
54
1414
1414
54
1414
1414
1414
54
1414
1414
1414
54
1414
1414
1414
1414
1414
54
1414
1414
1414
1414
1414
1414
1414
54
1414
54
1414
1414
1414
1414
1414
1414
1414
54
1414
54
1414
1414
1414
1414
1414
1414
54
1414
1414
1414
1414
1414
1414
1414
54
1414
54
1414
1414
1414
1414
1414
1414
54
1414
1414
1414
1414
1414
1414
1414
54
1414
1414
1414
1414
1414
1414
54
1414
54
1414
1414
1414
1414
1414
1414
54
1414
1414
1414
1414
54
1414
1414
1414
1414
1414
1414
54
1414
1414
1414
1414
54
1414
1414
1414
1414
1414
1414
54
1414
1414
1414
1414
54
1414
1414
1414
1414
54
1414
1414
54
1414
1414
1414
1414
54
1414
1414
1414
54
1414
54
1414
1414
1414
54
1414
1414
1414
54
1414
1414
54
1414
1414
1414
1414
1414
1414
54
1414
1414
54
1414
1414
54
1414
1414
1414
1414
1414
1414
54
1414
1414
1414
1414
1414
1414
1414
54
1414
1414
1414
1414
54
1414
54
1414
1414
54
1414
1414
54
1414
1414
1414
1414
1414
1414
54
1414
1414
1414
1414
1414
1414
1414
54
1414
54
1414
1414
1414
1414
1414
1414
54
1414
1414
1414
1414
1414
1414
1414
54
1414
54
1414
1414
54
1414
1414
54
1414
1414
1414
1414
1414
1414
1414
54
1414
54
1414
1414
54
1414
1414
1414
1414
1414
1414
54
1414
1414
54
1414
1414
1414
1414
54
1414
1414
1414
1414
1414
54
1414
1414
1414
1414
1414
54
1414
1414
54
1414
1414
54
1414
1414
1414
1414
1414
1414
1414
54
1414
54
1414
1414
1414
1414
1414
1414
1414
54
1414
54
1414
1414
54
1414
1414
54
1414
1414
1414
1414
1414
1414
1414
54
1414
54
1414
1414
1414
54
1414
1414
54
1414
54
1414
1414
1414
1414
1414
54
1414
54
1414
1414
1414
1414
1414
1414
1414
54
1414
54
1414
1414
1414
1414
1414
1414
1414
54
1414
54
1414
1414
54
1414
1414
1414
1414
1414
1414
54
1414
1414
1414
54
1414
54
1414
1414
1414
1414
1414
54
1414
1414
54
1414
54
1414
1414
1414
1414
1414
1414
54
1414
1414
1414
1414
1414
1414
1414
54
1414
54
1414
1414
1414
1414
54
1414
1414
1414
1414
1414
1414
54
1414
1414
54
1414
1414
54
1414
1414
1414
54
1414
1414
1414
1414
1414
1414
54
1414
54
1414
1414
1414
1414
1414
1414
1414
54
1414
54
1414
1414
1414
1414
1414
1414
1414
54
1414
54
1414
1414
1414
1414
1414
1414
54
1414
1414
1414
1414
54
1414
1414
1414
1414
1414
54
1414
1414
1414
54
1414
1414
1414
1414
54
1414
1414
1414
1414
1414
1414
54
1414
1414
1414
54
1414
1414
1414
54
1414
1414
1414
54
1414
54
1414
1414
1414
54
1414
1414
54
1414
1414
1414
54
1414
1414
54
1414
1414
1414
1414
1414
1414
1414
54
1414
1414
1414
1414
1414
1414
54
1414
54
1414
1414
54
1414
1414
1414
1414
1414
1414
1414
54
1414
54
1414
1414
1414
1414
54
1414
1414
54
1414
1414
1414
1414
54
1414
1414
54
1414
1414
1414
54
1414
1414
54
1414
54
1414
1414
1414
1414
1414
1414
54
1414
1414
54
1414
1414
1414
1414
1414
1414
54
1414
1414
1414
1414
1414
1414
1414
54
1414
1414
1414
1414
1414
54
1414
1414
1414
1414
54
1414
1414
54
1414
1414
1414
1414
1414
1414
1414
54
1414
54
1414
1414
1414
1414
1414
1414
54
1414
1414
1414
1414
1414
1414
1414
54
1414
54
1414
1414
1414
1414
1414
1414
54
1414
1414
1414
1414
1414
1414
1414
54
1414
54
1414
1414
1414
1414
1414
1414
54
1414
1414
1414
1414
54
1414
1414
1414
1414
1414
1414
54
1414
1414
54
1414
1414
1414
1414
1414
54
1414
54
1414
1414
1414
1414
1414
1414
1414
54
1414
1414
54
1414
1414
1414
1414
1414
54
1414
1414
1414
1414
1414
54
1414
1414
1414
1414
54
1414
54
1414
1414
54
1414
1414
1414
1414
1414
54
1414
1414
54
1414
1414
54
1414
54
1414
1414
54
1414
1414
1414
1414
1414
1414
1414
54
1414
54
1414
1414
1414
1414
54
1414
1414
1414
54
1414
54
1414
1414
1414
1414
1414
1414
1414
54
1414
1414
54
1414
1414
54
1414
54
1414
1414
1414
1414
1414
1414
54
1414
1414
54
1414
1414
1414
54
1414
1414
1414
1414
1414
1414
54
1414
54
1414
1414
54
1414
1414
1414
1414
1414
1414
54
1414
1414
1414
54
1414
1414
1414
1414
54
1414
54
1414
1414
1414
1414
54
1414
1414
1414
1414
1414
1414
54
1414
1414
1414
1414
54
1414
1414
54
1414
1414
1414
1414
54
1414
1414
1414
1414
1414
1414
1414
54
1414
54
1414
1414
1414
1414
1414
1414
1414
54
1414
54
1414
1414
1414
1414
54
1414
1414
1414
1414
1414
1414
1414
54
1414
54
1414
1414
1414
1414
1414
1414
54
1414
1414
54
1414
842
54
1329
1414
1414
1414
1414
1414
54
1414
54
1414
1414
54
1414
1414
1414
1414
1414
1414
1414
54
1414
1414
54
1414
1414
54
1414
54
1414
1414
54
1414
1414
54
1414
1414
1414
1414
1414
54
1414
54
1414
1414
54
1414
1414
54
1414
1414
1414
54
1414
54
1414
1414
1414
1414
1414
1414
54
1414
1414
1414
1414
1414
1414
54
1414
1414
1414
1414
54
1414
1414
54
1414
1414
1414
1414
1414
1414
1414
54
1414
54
1414
1414
1414
54
1414
1414
1414
1414
1414
1414
54
1414
54
1414
1414
54
1414
1414
1414
1414
1414
1414
1414
54
1414
1414
1414
1414
1414
1414
54
1414
54
1414
1414
1414
1414
1414
1414
1414
54
1414
54
1414
1414
54
1414
1414
54
1414
1414
54
1414
1414
1414
1414
54
1414
1414
1414
1414
1414
1414
1414
54
1414
54
1414
1414
54
1414
1414
54
1414
1414
1414
54
1414
1414
1414
1414
54
1414
54
1414
1414
1414
1414
1414
1414
54
1414
1414
54
1414
1414
54
1414
1414
1414
1414
1414
1414
1414
54
1414
54
1414
1414
1414
1414
1414
1414
1414
54
1414
54
1414
1414
54
1414
1414
1414
1414
54
1414
1414
54
1414
1414
1414
1414
54
1414
1414
1414
1414
1414
1414
54
1414
1414
1414
1414
54
1414
1414
1414
1414
1414
54
1414
1414
54
1414
1414
54
1414
1414
54
1414
54
1414
1414
1414
1414
1414
1414
54
1414
1414
1414
1414
54
1414
1414
1414
1414
1414
1414
54
1414
1414
1414
1414
54
1414
1414
1414
1414
1414
54
1414
54
1414
1414
1414
54
1414
54
1414
1414
1414
1414
54
1414
1414
54
1414
1414
1414
1414
54
1414
1414
54
1414
1414
1414
1414
486
54
66
54
66
54
264
60
1414
1414
1191
54
345
107
104
96
900
785
348
110
96
54
92
60
92
60
393
485
100
54
100
60
60
1332
1414
1414
1414
1414
1414
1414
54
1414
1414
1414
1414
54
1414
1414
54
1414
1414
54
1414
1414
1414
54
1414
54
1414
1414
54
1414
1414
54
1414
1414
1414
54
1414
54
1414
1414
54
1414
1414
54
1414
1414
1414
54
1414
54
1414
1414
1414
1414
1414
1414
1414
54
1414
54
1414
1414
1414
54
1414
54
1414
1414
1414
1414
1414
1414
54
1414
1414
1414
54
1414
54
1414
1414
1414
1414
1414
54
1414
54
1414
1414
1414
1414
1414
1414
54
1414
1414
1414
54
1414
54
1414
1414
1414
1414
1414
1414
1414
54
1414
54
1414
1414
1414
54
1414
54
1414
1414
1414
54
1414
54
1414
1414
1414
1414
54
1414
1414
54
1414
1414
54
1414
1414
54
1414
1414
1414
54
1414
54
1414
1414
1414
1414
1414
1414
54
1414
1414
1414
1414
1414
1414
54
1414
1414
54
1414
1414
1414
1414
1414
1414
54
1414
1414
1414
1414
1414
1414
54
1414
1414
1414
54
1414
54
1414
1414
1414
1414
54
1414
1414
1414
1414
1414
54
1414
54
1414
1414
1414
1414
1414
1414
54
1414
1414
54
1414
1414
1414
54
1414
1414
1414
1414
54
1414
54
1414
1414
1414
1414
54
1414
1414
54
1414
1414
54
1414
1414
54
1414
1414
1414
1414
1414
54
1414
1414
1414
54
1414
1414
1414
1414
1414
1414
54
1414
1414
1414
1414
1414
54
1414
1414
1414
1414
1414
1414
54
1414
1414
54
1414
1414
1414
1414
1414
1414
54
1414
54
1414
1414
1414
1414
1414
1414
54
1414
1414
54
1414
1414
1414
54
1414
1414
1414
54
1414
1414
1414
1414
1414
1414
1414
54
1414
54
1414
1414
1414
1414
1414
1414
54
1414
1414
54
1414
1414
54
1414
1414
1414
1414
1414
1414
1414
54
1414
54
1414
1414
1414
1414
1414
54
1414
54
1414
1414
54
1414
1414
1414
54
1414
54
1414
1414
54
1414
1414
1414
1414
1414
1414
1414
54
1414
54
1414
1414
1414
1414
1414
1414
54
1414
1414
1414
54
1414
1414
1414
1414
54
1414
54
1414
1414
1414
54
1414
1414
54
1414
54
1414
1414
1414
1414
1414
1414
54
1414
1414
1414
1414
1414
1414
1414
54
1414
54
1414
1414
1414
1414
54
1414
1414
1414
1414
1414
54
1414
54
1414
1414
1414
1414
1414
1414
54
1414
1414
1414
1414
1414
1414
1414
1414
1414
1414
54
1414
1414
1414
1414
1414
1414
54
1414
1414
54
1414
1414
1414
1414
54
1414
1414
1414
1414
1414
1414
1414
54
1414
54
1414
1414
54
1414
1414
1414
1414
1414
1414
1414
54
1414
1414
54
1414
54
1414
1414
1414
1414
54
1414
1414
54
1414
1414
54
1414
1414
54
1414
1414
1414
1414
1414
54
1414
54
1414
1414
1414
1414
1414
1414
54
1414
1414
54
1414
1414
54
1414
1414
1414
1414
1414
1414
1414
54
1414
54
1414
1414
1414
1414
54
1414
1414
1414
1414
1414
1414
1414
54
1414
54
1414
1414
1414
1414
1414
1414
1414
54
1414
54
1414
1414
1414
1414
1414
1414
54
1414
1414
1414
54
1414
1414
54
1414
1414
54
1414
1414
1414
1414
54
1414
1414
1414
1414
1414
54
1414
1414
1414
1414
1414
54
1414
54
1414
1414
54
1414
1414
54
1414
1414
1414
1414
54
1414
1414
1414
1414
1414
1414
54
1414
1414
1414
1414
1414
1414
1414
54
1414
1414
54
1414
54
1414
1414
1414
1414
1414
1414
1414
54
1414
54
1414
1414
54
1414
1414
1414
1414
1414
54
1414
54
1414
1414
54
1414
1414
1414
1414
1414
54
1414
54
1414
1414
1414
1414
1414
1414
1414
54
1414
54
1414
1414
54
1414
1414
1414
1414
1414
1414
1414
54
1414
54
1414
1414
1414
1414
1414
1414
54
1414
1414
1414
1414
54
1414
1414
1414
1414
1414
54
1414
1414
1414
54
1414
1414
1414
1414
1414
1414
1414
54
1414
54
1414
1414
54
1414
1414
1414
1414
1414
1414
1414
54
1414
54
1414
1414
54
1414
1414
1414
1414
1414
1414
1414
54
1414
1414
54
1414
1414
54
1414
1414
54
1414
54
1414
1414
1414
54
1414
54
1414
1414
1414
1414
1414
1414
54
1414
1414
1414
1414
54
1414
1414
1414
1414
1414
1414
1414
54
1414
54
1414
1414
1414
54
1414
54
1414
1414
54
1414
1414
54
1414
1414
54
1414
1414
1414
1414
1414
1414
1414
54
1414
54
1414
1414
1414
1414
1414
1414
1414
54
1414
1414
54
1414
1414
1414
54
1414
1414
1414
1414
1414
54
1414
54
1414
1414
1414
1414
1414
1414
54
1414
1414
54
1414
1414
1414
1414
1414
1414
1414
54
1414
54
1414
1414
1414
1414
1414
1414
1414
54
1414
54
1414
1414
54
1414
1414
1414
1414
1414
1414
1414
54
1414
54
1414
1414
1414
1414
54
1414
1414
1414
1414
1414
1414
1414
54
1414
54
1414
1414
1414
1414
54
1414
1414
1414
1414
1414
1414
54
1414
1414
1414
1414
1414
1414
54
1414
1414
1414
1414
1414
1414
54
1414
1414
1414
1414
1414
1414
54
1414
1414
1414
1414
1414
54
1414
54
1414
1414
1414
1414
1414
1414
54
1414
1414
1414
1414
1414
54
1414
54
1414
1414
1414
1414
1414
1414
1414
54
1414
1414
1414
1414
1414
1414
54
1414
1414
1414
1414
1414
1414
54
1414
54
1414
1414
1414
1414
1414
54
1414
54
1414
1414
1414
1414
1414
1414
1414
54
1414
54
1414
1414
54
1414
1414
1414
1414
54
1414
1414
1414
54
1414
1414
54
1414
1414
1414
1414
54
1414
1414
1414
54
1414
1414
1414
1414
54
1414
1414
1414
1414
1414
1414
1414
54
1414
54
1414
1414
1414
1414
1414
54
1414
54
1414
1414
1414
1414
1414
54
1414
1414
1414
1414
1414
54
1414
1414
1414
1414
54
1414
1414
1414
54
1414
1414
1414
1414
54
1414
54
1414
1414
1414
1414
1414
1414
54
1414
1414
54
1414
1414
1414
54
1414
1414
1414
1414
1414
1414
54
1414
1414
1414
54
1414
1414
1414
1414
1414
54
1414
54
1414
1414
1414
54
1414
54
1414
1414
1414
1414
1414
1414
1414
54
1414
54
1414
1414
54
1414
1414
54
1414
1414
1414
1414
1414
1414
1414
54
1414
54
1414
1414
54
1414
1414
1414
1414
1414
1414
1414
54
1414
54
1414
1414
54
1414
1414
54
1414
1414
1414
54
1414
54
1414
1414
1414
1414
1414
1414
54
1414
1414
1414
1414
1414
1414
54
1414
1414
54
1414
1414
1414
1414
1414
1414
1414
54
1414
54
1414
1414
54
1414
1414
1414
1414
1414
1414
54
1414
1414
1414
1414
1414
1414
1414
54
1414
1414
1414
1414
54
1414
54
1414
1414
54
1414
1414
1414
54
1414
54
1414
1414
1414
1414
1414
54
1414
54
1414
1414
1414
54
1414
1414
1414
1414
54
1414
54
1414
1414
1414
1414
1414
1414
1414
54
1414
54
1414
1414
1414
1414
1414
1414
1414
54
1414
54
1414
1414
1414
54
1414
54
1414
1414
1414
54
1414
54
1414
1414
1414
54
1414
54
1414
1414
54
1414
1414
54
1414
1414
54
1414
1414
1414
1414
54
1414
1414
1414
1414
1414
1414
54
1414
1414
54
1414
1414
1414
54
1414
1414
1414
1414
54
1414
54
1414
1414
54
1414
1414
1414
1414
1414
1414
54
1414
1414
1414
54
1414
54
1414
1414
1414
1414
1414
1414
54
1414
1414
54
1414
1414
1414
54
1414
54
1414
1414
1414
1414
1414
54
1414
54
1414
1414
1414
54
1414
1414
1414
54
1414
1414
1414
1414
54
1414
1414
1414
1414
1414
1414
1414
54
1414
54
1414
1414
54
1414
1414
54
1414
1414
1414
54
1414
1414
1414
1414
54
1414
54
1414
1414
1414
1414
54
1414
259
54
1332
1414
1414
1414
1414
1414
54
1414
54
1414
1414
1414
54
1414
54
1414
1414
54
1414
1414
54
1414
1414
1414
1414
1414
1414
1414
54
1414
54
1414
1414
1414
1414
1414
1414
54
1414
1414
54
1414
1414
1414
1414
1414
54
1414
54
1414
1414
1414
1414
1414
1414
54
1414
1414
1414
1414
1414
1414
1414
54
1414
54
1414
1414
1414
1414
1414
1414
1414
54
1414
54
1414
1414
1414
1414
1414
1414
54
1414
1414
54
1414
1414
1414
1414
1414
54
1414
54
1414
1414
1414
1414
1414
1414
1414
54
1414
1414
1414
1414
1414
54
1414
1414
1414
1414
1414
1414
54
1414
1414
1414
1414
1414
1414
1414
54
1414
54
1414
1414
1414
54
1414
54
1414
1414
1414
54
1414
54
1414
1414
1414
54
1414
54
1414
1414
1414
1414
1414
1414
54
1414
1414
1414
1414
1414
1414
1414
54
1414
54
1414
1414
1414
1414
1414
1414
54
1414
1414
1414
1414
1414
1414
1414
54
1414
54
1414
1414
1414
1414
1414
1414
54
1414
1414
1414
1414
1414
1414
1414
54
1414
54
1414
1414
1414
1414
1414
1414
54
1414
1414
1414
1414
1414
1414
1414
54
1414
54
1414
1414
1414
1414
1414
1414
54
1414
1414
1414
1414
1414
1414
1414
54
1414
54
1414
1414
1414
1414
1414
1414
1414
54
1414
54
1414
1414
1414
1414
1414
1414
54
1414
1414
1414
1414
1414
1414
54
1414
1414
54
1414
1414
1414
1414
1414
1414
54
1414
1414
54
1414
1414
1414
1414
1414
1414
54
1414
1414
54
1414
1414
54
1414
1414
54
1414
1414
54
1414
1414
54
1414
1414
54
1414
1414
54
1414
1414
1414
1414
1414
1414
54
1414
1414
1414
54
1414
54
1414
1414
1414
1414
54
1414
1414
1414
54
1414
1414
1414
1414
1414
54
1414
1414
54
1414
1414
1414
1414
1414
1414
1414
54
1414
54
1414
1414
1414
1414
1414
54
1414
54
1414
1414
1414
1414
1414
54
1414
54
1414
1414
1414
1414
1414
54
1414
1414
54
1414
1414
1414
1414
54
1414
54
1414
1414
1414
1414
1414
54
1414
54
1414
1414
1414
54
1414
54
1414
1414
1414
54
1414
54
1414
1414
54
1414
1414
1414
54
1414
54
1414
1414
1414
1414
1414
1414
1414
54
1414
1414
54
1414
54
1414
1414
1414
1414
54
1414
1414
54
1414
1414
54
1414
1414
1414
1414
1414
1414
1414
54
1414
1414
1414
54
1414
1414
1414
1414
1414
1414
54
1414
1414
1414
1414
1414
54
1414
54
1414
1414
1414
1414
1414
54
1414
1414
1414
54
1414
1414
1414
1414
1414
1414
54
1414
1414
1414
1414
1414
1414
1414
54
1414
54
1414
1414
1414
1414
1414
1414
54
1414
1414
1414
1414
1414
1414
54
1414
1414
1414
1414
1414
1414
54
1414
1414
1414
54
1414
1414
1414
1414
1414
1414
54
1414
54
1414
1414
1414
1414
1414
1414
54
1414
1414
1414
1414
1414
1414
1414
54
1414
1414
54
1414
54
1414
1414
1414
1414
1414
54
1414
1414
54
1414
1414
1414
1414
1414
1414
54
1414
54
1414
1414
1414
1414
1414
1414
54
1414
1414
54
1414
1414
1414
1414
1414
1414
54
1414
1414
1414
1414
1414
1414
1414
54
1414
54
1414
1414
1414
1414
1414
54
1414
54
1414
1414
1414
1414
1414
1414
1414
54
1414
54
1414
1414
1414
1414
1414
1414
1414
54
1414
1414
1414
1414
1414
1414
54
1414
54
1414
1414
1414
1414
1414
1414
1414
54
1414
54
1414
1414
1414
1414
1414
1414
54
1414
1414
1414
1414
1414
54
1414
1414
1414
1414
54
1414
54
1414
1414
1414
1414
54
1414
1414
1414
1414
1414
1414
54
1414
1414
1414
1414
1414
54
1414
54
1414
1414
1414
54
1414
1414
54
1414
54
1414
1414
1414
1414
1414
1414
1414
54
1414
54
1414
1414
1414
1414
1414
1414
1414
54
1414
54
1414
1414
54
1414
1414
54
1414
1414
1414
1414
1414
1414
1414
54
1414
54
1414
1414
1414
1414
54
1414
1414
1414
54
1414
1414
1414
1414
1414
1414
54
1414
54
1414
1414
1414
1414
54
1414
1414
1414
1414
1414
1414
54
1414
1414
1414
1414
54
1414
1414
54
1414
1414
1414
1414
1414
1414
1414
54
1414
54
1414
1414
1414
1414
1414
1414
1414
54
1414
1414
54
1414
54
1414
1414
54
1414
1414
1414
1414
54
1414
1414
1414
1414
1414
1414
54
1414
1414
54
1414
1414
54
1414
1414
54
1414
1414
1414
1414
1414
1414
54
1414
1414
54
1414
1414
1414
1414
1414
1414
54
1414
1414
1414
1414
1414
54
1414
54
1414
1414
1414
1414
1414
54
1414
1414
1414
1414
1414
54
1414
1414
54
1414
1414
1414
1414
1414
1414
54
1414
1414
1414
1414
1414
1414
1414
54
1414
1414
1414
1414
1414
1414
54
1414
54
1414
1414
1414
1414
1414
1414
54
1414
1414
1414
1414
1414
1414
54
1414
1414
1414
1414
1414
1414
54
1414
1414
1414
1414
1414
1414
1414
54
1414
1414
54
1414
54
1414
1414
1414
54
1414
1414
1414
1414
1414
1414
54
1414
54
1414
1414
1414
1414
1414
1414
54
1414
1414
1414
1414
1414
1414
1414
54
1414
1414
54
1414
1414
1414
1414
1414
1414
54
1414
54
1414
1414
1414
1414
1414
1414
54
1414
1414
1414
1414
1414
1414
1414
54
1414
54
1414
1414
1414
1414
1414
1414
54
1414
1414
1414
1414
1414
1414
1414
54
1414
54
1414
1414
1414
1414
1414
1414
1414
54
1414
54
1414
1414
1414
1414
54
1414
1414
1414
1414
1414
1414
54
1414
1414
54
1414
1414
1414
1414
54
1414
1414
1414
1414
1414
54
1414
54
1414
1414
1414
54
1414
54
1414
1414
1414
54
1414
1414
54
1414
54
1414
1414
1414
1414
1414
1414
1414
54
1414
54
1414
1414
1414
1414
54
1414
1414
54
1414
1414
54
1414
1414
1414
54
1414
1414
1414
54
1414
1414
1414
1414
1414
1414
1414
54
1414
54
1414
1414
54
1414
1414
1414
1414
1414
54
1414
54
1414
1414
1414
54
1414
54
1414
1414
1414
54
1414
54
1414
1414
1414
1414
54
1414
1414
1414
54
1414
54
1414
1414
1414
1414
1414
1414
54
1414
1414
1414
1414
1414
1414
54
1414
1414
1414
1414
1414
1414
1414
54
1414
54
1414
1414
1414
1414
1414
1414
54
1414
1414
1414
1414
1414
1414
54
1414
1414
1414
1414
1414
1414
1414
54
1414
54
1414
1414
1414
1414
1414
1414
54
1414
1414
1414
1414
1414
1414
1414
54
1414
1414
1414
1414
1414
1414
54
1414
54
1414
1414
1414
1414
1414
1414
1414
54
1414
54
1414
1414
1414
1414
1414
1414
54
1414
1414
1414
1414
1414
1414
1414
54
1414
54
1414
1414
1414
1414
1414
1182
54
85
54
55
66
55
1332
1414
1414
1414
1414
1414
1414
54
1414
1414
54
1414
1414
1414
54
1414
54
1414
1414
1414
1414
1414
1414
1414
54
1414
1414
1414
54
1414
1414
1414
54
1414
1414
54
1414
54
1414
1414
54
1414
1414
1414
1414
1414
1414
54
1414
1414
1414
54
1414
1414
54
1414
54
1414
1414
1414
1414
1414
1414
54
1414
1414
1414
1414
1414
1414
54
1414
1414
54
1414
1414
1414
1414
1414
1414
1414
54
1414
54
1414
1414
1414
1414
1414
1414
1414
54
1414
54
1414
1414
54
1414
1414
54
1414
1414
54
1414
1414
1414
1414
1414
1414
54
1414
1414
1414
1414
54
1414
1414
1414
1414
1414
54
1414
54
1414
1414
1414
1414
54
1414
1414
54
1414
1414
1414
1414
1414
1414
1414
54
1414
54
1414
1414
54
1414
1414
1414
54
1414
54
1414
1414
1414
1414
1414
1414
1414
54
1414
54
1414
1414
1414
1414
54
1414
1414
1414
1414
1414
54
1414
54
1414
1414
54
1414
1414
54
1414
1414
1414
1414
1414
1414
54
1414
1414
1414
1414
1414
1414
1414
54
1414
66
54
1414
1414
1414
1414
1414
54
1414
1414
54
1414
1414
1414
1414
1414
54
1414
1414
54
1414
1414
1414
1414
1414
1414
54
1414
1414
54
1414
1414
1414
1414
1414
1414
54
1414
1414
1414
1414
1414
1414
1414
54
1414
1414
1414
1414
1414
1414
54
1414
54
1414
1414
1414
1414
1414
54
1414
54
1414
1414
54
1414
1414
54
1414
1414
1414
1414
1414
54
1414
54
1414
1414
1414
1414
54
1414
1414
1414
54
1414
54
1414
1414
1414
1414
54
1414
1414
54
1414
1414
1414
1414
1414
54
1414
54
1414
1414
1414
1414
1414
1414
54
1414
1414
1414
54
1414
1414
54
1414
1414
1414
54
1414
1414
1414
1414
1414
1414
54
1414
1414
54
1414
1414
54
1414
1414
54
1414
1414
54
1414
1414
54
1414
1414
54
1414
1414
54
1414
1414
1414
54
1414
54
1414
1414
1414
54
1414
1414
54
1414
1414
54
1414
1414
54
1414
1414
54
1414
1414
54
1414
54
1414
1414
1414
54
1414
1414
54
1414
1414
54
1414
1414
1414
54
1414
1414
54
1414
1414
54
1414
1414
1414
1414
1414
1414
54
1414
1414
54
1414
1414
54
1414
1414
54
1414
1414
1414
1414
54
1414
1414
54
1414
1414
1414
1414
54
1414
1414
1414
1414
1414
1414
54
1414
1414
1414
54
1414
1414
54
1414
1414
54
1414
1414
54
1414
1414
54
1414
54
1414
1414
54
1414
1414
54
1414
1414
54
1414
1414
1414
1414
54
1414
1414
54
1414
1414
54
1414
1414
54
1414
1414
54
1414
1414
54
1414
1414
54
1414
1414
1414
54
1414
1414
54
1414
54
1414
1414
1414
54
1414
1414
1414
54
1414
1414
54
1414
1414
54
1414
1414
54
1414
1414
54
1414
1414
54
1414
1414
54
1414
1414
54
1414
1414
54
1414
1414
54
1414
1414
54
1414
1414
54
1414
1414
54
1414
1414
1414
1414
54
1414
1414
1414
1414
54
1414
1414
1414
54
1414
1414
54
1414
1414
54
1414
1414
1414
1414
1414
1414
54
1414
54
1414
1414
1414
1414
1414
54
1414
1414
54
1414
1414
54
1414
1414
54
1414
54
1414
1414
54
1414
1414
54
1414
1414
54
1414
1222
54
1414
1414
54
1414
1414
1414
1414
54
1414
1414
54
1414
1414
54
1414
1414
54
1414
1414
54
1414
246
1414
1398
54
1414
1414
54
1414
1334
54
1414
118
54
1414
1414
54
1414
1414
54
1414
1414
54
1414
1414
1414
1414
54
1414
1414
1414
1414
1414
54
1414
54
86
1414
54
1414
1414
1414
1414
54
1414
1414
1414
1414
1414
1414
54
1414
1414
1414
54
1414
54
1414
1414
54
1414
1414
1414
1414
54
1414
1414
54
1414
1414
1414
54
1414
54
1414
1414
1414
54
1414
1414
1414
1414
1414
1414
54
1414
54
1414
1414
1414
54
1414
1414
1414
1414
54
1414
54
1414
1414
1414
54
1414
54
1414
1414
1414
1414
1414
1414
1414
54
1414
54
1414
1414
1414
1414
1414
54
1414
54
1414
1414
54
1414
1414
1414
1414
54
1414
1414
1414
1414
1414
1414
1414
54
1414
54
1414
1414
1414
1414
54
1414
1414
1414
1414
1414
1414
54
1414
1414
54
1414
1414
54
1414
1414
1414
1414
1414
1414
54
1414
1414
1414
1414
1414
1414
1414
54
1414
54
1414
1414
1414
1414
1414
54
1414
54
1414
1414
1414
54
1318
54
150
1414
1414
1414
54
1414
1414
1414
1414
1414
1414
1414
54
1414
54
1414
1414
54
1414
1414
54
1414
1414
54
1414
1414
54
1414
1334
1414
54
1414
134
54
1414
1414
54
1414
54
1414
1414
1414
1414
54
1414
1414
1414
1414
1414
1414
1414
54
1414
54
1414
1414
54
1414
1414
1414
1414
1414
1414
1414
54
1414
54
1414
1414
1414
54
1414
54
1414
1414
1414
1414
1414
54
1414
1414
1414
1414
1414
54
1414
1414
1414
1414
1414
54
1414
54
1414
1414
54
1414
1414
1414
1414
54
1414
1414
1414
1414
1414
1414
54
1414
1414
54
1414
1414
1414
1414
1414
1414
1414
54
1414
54
1414
1414
1414
1414
1414
1414
54
1414
1414
54
1414
1414
1414
1414
1414
1414
1414
54
1414
54
1414
1414
1414
1414
1414
1414
1414
54
1414
54
1414
1414
1414
1414
1414
1414
1414
54
1414
1414
54
1414
1414
1414
1414
1414
1414
54
1414
54
1414
1414
1414
1414
1414
1414
54
1414
1414
1414
1414
1414
1414
1414
54
1414
1414
54
1414
54
1414
1414
1414
1414
1414
1414
54
1414
1414
54
1414
1414
1414
1414
1414
1414
1414
54
1414
54
1414
1414
1414
1414
54
1414
1414
1414
1414
1414
1414
54
1414
1414
1414
1414
1414
1414
54
1414
1414
1414
1414
1414
54
1414
54
1414
1414
1414
1414
1414
54
1414
54
1414
1414
1414
1414
1414
1414
54
1414
1414
1414
1414
54
1414
1414
1414
54
1414
54
1414
1414
1414
1414
1414
1414
54
1414
1414
1414
54
1414
1414
1414
54
1414
1414
1414
54
1414
54
1414
1414
1414
54
1414
1414
54
1414
1414
54
1414
1414
1414
1414
1414
54
1414
1414
54
1414
1414
1414
1414
54
1414
1414
1414
1414
54
1414
1414
54
1414
1414
1414
1414
1414
1414
54
1414
1414
1414
1414
1414
54
1414
54
1414
1414
1414
1414
1414
1414
54
1414
1414
1414
54
1414
54
1414
1414
1414
1414
1414
54
1414
54
1414
1414
54
1414
1414
54
1414
1414
1414
54
1414
54
1414
1414
1414
1414
1414
1414
1414
54
1414
54
1414
1414
54
1414
1414
54
1414
1414
54
1414
1414
1414
54
1414
54
1414
1414
1414
54
1414
54
1414
1414
54
1414
1414
54
1414
1414
1414
1414
1414
1414
1414
54
1414
54
1414
1414
1414
1414
1414
1414
54
1414
1414
1414
1414
54
1414
1414
1414
54
1414
54
1414
1414
1414
1414
54
1414
1414
1414
54
1414
54
1414
1414
54
1414
1414
54
1414
1414
54
1414
1414
54
1414
1414
1414
1414
1414
1414
54
1414
1414
54
1414
1414
54
1414
1414
54
1414
1414
54
1414
1414
54
1414
1414
1414
54
1414
54
1414
1414
54
1414
1414
1414
1414
1414
1414
54
1414
1414
54
1414
1414
1414
1414
1414
1414
54
1414
1414
54
1414
1414
54
1414
1414
54
1414
1414
54
1414
1414
1414
1414
1414
1414
1414
54
1414
54
1414
1414
1414
1414
1414
54
1414
1414
54
1414
54
1414
1414
1414
1414
54
1414
1414
54
1414
1414
1194
54
1332
1414
1414
1414
1414
1414
1414
54
1414
1414
54
1414
1414
54
1414
1414
54
1414
1414
1414
1414
54
1414
1414
54
1414
1414
1414
1414
1414
1414
54
1414
1414
1414
54
1414
1414
1414
54
1414
1414
1414
1414
1414
1414
1414
54
1414
54
1414
1414
54
1414
1414
1414
1414
1414
1414
1414
54
1414
54
1414
1414
1414
1414
54
1414
1414
1414
1414
1414
1414
1414
54
1414
54
1414
1414
1414
54
1414
54
1414
1414
54
1414
1414
54
1414
1414
54
1414
1414
1414
1414
1414
1414
54
1414
1414
1414
1414
1414
1414
54
1414
1414
54
1414
1414
54
1414
1414
54
1414
1414
1414
1414
1414
1414
1414
54
1414
1414
54
1414
1414
1414
1414
54
1414
54
1414
1414
1414
1414
54
1414
1414
1414
1414
1414
1414
54
1414
1414
1414
1414
1414
1414
1414
54
1414
1414
1414
1414
54
1414
54
1414
1414
1414
1414
1414
54
1414
54
1414
1414
1414
1414
54
1414
1414
54
1414
1414
1414
1414
1414
1414
54
1414
1414
1414
1414
54
1414
1414
54
1414
1414
1414
54
1414
54
1414
1414
1414
1414
1414
54
1414
1414
54
1414
1414
54
1414
54
1414
1414
1414
1414
1414
54
1414
54
1414
1414
54
1414
1414
1414
1414
1414
1414
1414
54
1414
54
1414
1414
54
1414
1414
1414
54
1414
54
1414
1414
54
1414
1414
1414
1414
1414
54
1414
54
1414
1414
1414
1414
1414
1414
1414
54
1414
54
1414
1414
1414
1414
1414
1414
54
1414
1414
1414
1414
54
1414
1414
54
1414
1414
1414
1414
1414
1414
1414
54
1414
54
1414
1414
1414
1414
1414
1414
54
1414
1414
54
1414
1414
1414
1414
54
1414
1414
54
1414
1414
1414
1414
1414
1414
54
1414
1414
1414
54
1414
1414
54
1414
54
1414
1414
1414
1414
1414
1414
54
1414
1414
1414
1414
1414
54
1414
1414
1414
54
1414
1414
1414
1414
54
1414
1414
1414
1414
1414
1414
1414
54
1414
54
1414
1414
1414
54
1414
54
1414
1414
1414
1414
1414
54
1414
54
1414
1414
1414
1414
1414
1414
54
1414
1414
1414
1414
1414
1414
1414
54
1414
54
1414
1414
1414
1414
1414
1414
1414
54
1414
54
1414
1414
1414
1414
54
1414
1414
54
1414
1414
1414
1414
1414
54
1414
54
1414
1414
1414
1414
1414
54
1414
1414
1414
54
1414
1414
54
1414
1414
54
1414
1414
54
1414
1414
1414
54
1414
54
1414
1414
54
1414
1414
1414
1414
1414
1414
54
1414
1414
54
1414
1414
1414
1414
1414
1414
1414
54
1414
1414
54
1414
54
1414
1414
1414
1414
54
1414
1414
1414
1414
1414
1414
1414
54
1414
54
1414
1414
1414
1414
1414
1414
54
1414
1414
1414
1414
54
1414
1414
54
1414
1414
1414
1414
54
1414
1414
54
1414
1414
54
1414
1414
1414
1414
1414
1414
54
1414
1414
1414
54
1414
54
1414
1414
54
1414
1414
1414
54
1414
54
1414
1414
54
1414
1414
54
1414
1414
1414
1414
1414
1414
1414
1414
1414
1414
1414
1414
1414
54
1414
1414
54
1414
1414
1414
1414
1414
1414
54
1414
54
1414
1414
54
1414
1414
1414
54
1414
1414
1414
54
1414
1414
1414
54
1414
1414
1414
54
1414
1414
54
1414
1414
1414
1414
1414
1414
54
1414
1414
54
1414
1414
1414
1414
1414
1414
1414
54
1414
54
1414
1414
54
1414
1414
1414
1414
1414
1414
54
1414
1414
54
1414
1414
1414
1414
1414
1414
54
1414
1414
1414
1414
1414
1414
1414
54
1414
1414
54
1414
1414
1414
1414
1414
1414
54
1414
54
1414
1414
54
1414
1414
54
1414
1414
54
1414
1414
54
1414
1414
1414
1414
1414
1414
54
1414
1414
54
1414
1414
1414
1414
1414
1414
1414
54
1414
54
1414
1414
1414
1414
1414
54
1414
54
1414
1414
54
1414
1414
54
1414
1414
1414
1414
54
1414
1414
1414
1414
54
1414
1414
1414
54
1414
1414
54
1414
1414
1414
1414
54
1414
1414
54
1414
54
1414
1414
54
1414
1414
1414
1414
54
1414
1414
1414
1414
1414
54
1414
1414
1414
1414
54
1414
1414
54
1414
1414
1414
1414
1414
54
1414
1414
1414
1414
1414
54
1414
54
1414
1414
54
1414
1414
1414
1414
1414
54
1414
54
1414
1414
54
1414
1414
1414
1414
1414
1414
54
1414
1414
54
1414
1414
54
1414
1414
1414
1414
1414
1414
1414
54
1414
54
1414
1414
1414
54
1414
54
1414
1414
1414
1414
1414
1414
54
1414
1414
1414
54
1414
1414
1414
1414
54
1414
1414
1414
1414
1414
54
1414
1414
54
1414
1414
1414
1414
1414
54
1414
1414
54
1414
54
1414
1414
1414
1414
1414
1414
1414
54
1414
54
1414
1414
1414
1414
54
1414
1414
1414
1414
1414
1414
1414
54
1414
54
1414
1414
1414
1414
1414
1414
54
1414
1414
54
1414
1414
1414
1414
1414
54
1414
54
1414
1414
1414
1414
1414
1414
54
1414
1414
1414
54
1414
54
1414
1414
1414
1414
1414
54
1414
54
1414
1414
1414
1414
54
1414
1414
1414
54
1414
1414
1414
1414
1414
54
1414
1414
1414
1414
54
1414
1414
54
1414
1414
54
1414
1414
1414
54
1414
54
1414
1414
1414
54
1414
1414
1414
54
1414
1414
54
1414
1414
1414
1414
1414
1414
54
1414
1414
54
1414
1414
1414
1414
1414
1414
1414
54
1414
54
1414
1414
54
1414
1414
1414
54
1414
1414
54
1414
54
1414
1414
54
1414
1414
54
1414
1414
1414
1414
1414
1414
1414
54
1414
54
1414
1414
1414
1414
54
1414
1414
1414
54
1414
1414
1414
1414
1414
1414
54
1414
1414
1414
54
1414
1414
1414
1414
1414
1414
1414
54
1414
54
1414
1414
54
1414
1414
54
1414
1414
54
1414
1414
1414
1414
1414
54
1414
1414
1414
1414
54
1414
1414
1414
1414
1414
54
1414
1414
1414
54
1414
54
1414
1414
1414
1414
1414
1414
54
1414
1414
54
1414
1414
1414
54
1414
1414
1414
1414
1414
1414
54
1414
54
1414
1414
54
1414
1414
1414
54
1414
1414
54
1414
54
1414
1414
54
1414
1414
1414
1414
54
1414
1414
54
1414
1414
1414
1414
1414
1414
1414
54
1414
54
1414
1414
1414
1414
1414
1414
54
1414
1414
54
1414
1414
1414
1414
1414
1414
54
1414
1414
54
1414
1414
1414
1414
1414
54
1414
54
1414
1414
1414
1414
1414
1414
54
1414
1414
1414
1414
1414
54
1414
54
1414
1414
1414
1414
1414
1414
1414
54
1414
54
1414
1414
1414
1414
1414
1414
1414
54
1414
54
1414
1414
1414
1414
1414
1414
54
1414
1414
1414
1414
1414
1414
54
1414
1414
54
1329
1414
1414
1414
54
1414
54
1414
1414
1414
1414
1414
1414
1414
54
1414
54
1414
1414
54
1414
1414
1414
1414
54
1414
1414
1414
54
1414
54
1414
1414
1414
54
1414
54
1414
1414
1414
1414
1414
1414
54
1414
1414
1414
54
1414
54
1414
1414
54
1414
1414
1414
1414
1414
1414
1414
54
1414
54
1414
1414
54
1414
1414
54
1414
1414
1414
1414
54
1414
1414
478
1414
1414
1414
54
54
1414
1414
54
1414
1414
1414
1414
1414
54
1414
1414
1414
1414
54
1414
1414
1414
1414
1414
1414
54
1414
1414
54
1414
1414
1414
1414
1414
54
1414
54
1414
1414
1414
1414
1414
1414
54
1414
1414
1414
1414
1414
1414
54
1414
1414
1414
1414
1414
54
1414
54
1414
1414
1414
1414
1414
1414
54
1414
1414
1414
1414
1414
54
1414
54
1414
1414
1414
1414
1414
1414
54
1414
1414
1414
1414
1414
1414
54
1414
1414
54
1414
1414
1414
54
1414
54
1414
1414
1414
1414
1414
1414
1414
54
1414
54
1414
1414
1414
54
1414
1414
54
1414
54
1414
1414
54
1414
1414
1414
1414
1414
1414
1414
54
1414
54
1414
1414
54
1414
1414
1414
1414
1414
1414
54
1414
1414
1414
54
1414
54
1414
1414
1414
1414
54
1414
1414
1414
1414
1414
54
1414
54
1414
1414
1414
1414
1414
1414
54
1414
1414
1414
1414
1414
54
1414
54
1414
1414
1414
1414
1414
1414
54
1414
1414
1414
1414
54
1414
1414
54
1414
1414
1414
54
1414
54
1414
1414
1414
1414
1414
54
1414
54
1414
1414
54
1414
1414
1414
1414
1414
54
1414
1414
1414
1414
1414
54
1414
1414
1414
1414
54
1414
1414
1414
54
1414
54
1414
1414
54
1414
1414
1414
1414
1414
54
1414
54
1414
1414
54
1414
1414
1414
1414
1414
1414
1414
54
1414
54
1414
1414
1414
1414
1414
1414
54
1414
1414
1414
1414
54
1414
1414
54
1414
1414
54
1414
1414
1414
54
1414
54
1414
1414
54
1414
1414
1414
1414
1414
1414
1414
54
1414
54
1414
1414
1414
54
1414
54
1414
1414
1414
1414
1414
1414
54
1414
1414
1034
54
1332
1414
1414
1414
1414
1414
1414
54
1414
1414
54
1414
1414
1414
1414
1414
1414
1414
54
1414
54
1414
1414
54
1414
1414
1414
1414
1414
54
1414
54
1414
1414
54
1414
1414
1414
1414
1414
1414
54
1414
1414
54
1414
1414
1414
54
1414
54
1414
1414
1414
1414
1414
54
1414
54
1414
1414
1414
1414
1414
1414
54
1414
1414
1414
54
1414
1414
1414
1414
1414
54
1414
1414
54
1414
1414
1414
54
1414
54
1414
1414
1414
1414
1414
54
1414
54
1414
1414
54
1414
1414
1414
54
1414
1414
1414
54
1414
1414
1414
1414
1414
1414
54
1414
1414
1414
1414
1414
54
1414
54
1414
1414
1414
1414
1414
1414
1414
54
1414
54
1414
1414
54
1414
1414
1414
1414
1414
1414
1414
54
1414
1414
54
1414
1414
54
1414
1414
54
1414
1414
54
1414
1414
54
1414
1414
54
1414
54
1414
1414
1414
1414
1414
54
1414
54
1414
1414
54
1414
1414
54
1414
1414
1414
1414
1414
1414
1414
54
1414
54
1414
1414
1414
1414
1414
1414
1414
54
1414
1414
1414
54
1414
1414
54
1414
1414
54
1414
1414
1414
1414
1414
1414
1414
54
1414
1414
54
1414
1414
1414
1414
54
1414
54
1414
1414
1414
54
1414
54
1414
1414
1414
1414
54
1414
1414
1414
1414
1414
1414
54
1414
1414
54
1414
1414
1414
1414
1414
1414
54
1414
1414
1414
1414
1414
1414
1414
54
1414
54
1414
1414
1414
1414
54
1414
1414
54
1414
1414
1414
54
1414
54
1414
1414
1414
1414
1414
54
1414
1414
54
1414
54
1414
1414
1414
1414
1414
54
1414
1414
54
1414
1414
1414
1414
1414
1414
54
1414
1414
54
1414
54
1414
1414
54
1414
1414
1414
1414
1414
1414
54
1414
1414
1414
1414
1414
1414
1414
54
1414
54
1414
1414
54
1414
1414
1414
54
1414
1414
1414
1414
1414
1414
54
1414
54
1414
1414
1414
54
1414
1414
54
1414
54
1414
1414
1414
54
1414
1414
54
1414
54
1414
1414
1414
1414
54
1414
1414
1414
1414
54
1414
1414
1414
54
1414
1414
1414
1414
54
1414
54
1414
1414
1414
1414
54
1414
1414
54
1414
1414
1414
1414
1414
1414
1414
54
1414
1414
54
1414
1414
1414
1414
1414
1414
1414
54
1414
1414
1414
54
1414
54
1414
1414
54
1414
1414
54
1414
1414
1414
1414
54
1414
1414
54
1414
1414
1414
1414
1414
1414
54
1414
1414
54
1414
1414
1414
1414
1414
1414
1414
54
1414
54
1414
1414
54
1414
1414
1414
1414
1414
1414
54
1414
1414
1414
54
1414
1414
1414
54
1414
1414
1414
1414
1414
1414
54
1414
1414
1414
1414
1414
1414
54
1414
1414
1414
1414
1414
1414
54
1414
1414
1414
1414
1414
1414
54
1414
1414
1414
1414
1414
1414
54
1414
1414
54
1414
1414
54
1414
1414
1414
1414
1414
1414
54
1414
1414
1414
1414
1414
1414
1414
54
1414
54
1414
1414
1414
1414
1414
54
1414
54
1414
1414
54
1414
1414
1414
1414
54
1414
1414
1414
54
1414
54
1414
1414
1414
1414
1414
54
1414
1414
54
1414
1414
1414
1414
1414
54
1414
1414
1414
1414
54
1414
1414
1414
1414
1414
1414
1414
54
1414
1414
54
1414
1414
1414
1414
1414
54
1414
1414
54
1414
1414
1414
1414
1414
1414
54
1414
1414
1414
1414
1414
1414
1414
54
1414
54
1414
1414
1414
1414
54
1414
1414
1414
1414
54
1414
1414
1414
1414
1414
1414
54
1414
1414
1414
1414
1414
54
1414
1414
54
1414
1414
1414
1414
1414
1414
54
1414
54
1414
1414
1414
1414
54
1414
1414
1414
1414
1414
1414
1414
54
1414
54
1414
1414
1414
1414
1414
1414
1414
54
1414
54
1414
1414
54
1414
1414
54
1414
1414
1414
1414
1414
54
1414
54
1414
1414
1414
1414
1414
1414
54
1414
1414
54
1414
1414
1414
1414
54
1414
1414
54
1414
1414
1414
1414
54
1414
1414
1414
54
1414
1414
54
1414
1414
1414
1414
1414
54
1414
1414
1414
1414
1414
54
1414
54
1414
1414
1414
1414
1414
54
1414
54
1414
1414
1414
1414
54
1414
1414
1414
1414
1414
1414
54
1414
1414
1414
1414
1414
54
1414
54
1414
1414
1414
1414
1414
1414
54
1414
1414
1414
1414
1414
1414
1414
54
1414
54
1414
1414
1414
54
1414
1414
1414
54
1414
1414
1414
1414
1414
1414
1414
54
1414
54
1414
1414
1414
54
1414
54
1414
1414
1414
1414
1414
54
1414
54
1414
1414
1414
1414
54
1414
1414
54
1414
1414
1414
1414
54
1414
1414
1414
1414
1414
54
1414
54
1414
1414
54
1414
1414
1414
1414
54
1414
1414
1414
54
1414
1414
1414
54
1414
1414
1414
1414
1414
1414
54
1414
1414
54
1414
1414
1414
54
1414
54
1414
1414
54
1414
1414
1414
1414
1414
1414
54
1414
1414
1414
1414
54
1414
1414
1414
1414
1414
1414
1414
54
1414
54
1414
1414
1414
1414
54
1414
1414
54
1414
1414
1414
1414
1414
1414
54
1414
1414
1414
1414
1414
1414
1414
54
1414
54
1414
1414
1414
1414
1414
1414
1414
54
1414
1414
54
1414
54
1414
1414
1414
54
1414
54
1414
1414
54
1414
1414
1414
1414
1414
54
1414
54
1414
1414
1414
54
1414
1414
54
1414
54
1414
1414
1414
1414
1414
1414
1414
54
1414
54
1414
1414
1414
1414
1414
1414
54
1414
1414
54
1414
1414
1414
1414
1414
1414
54
1414
1414
1414
1414
1414
54
1414
54
1414
1414
1414
1414
1414
1414
54
1414
1414
1414
54
1414
1414
1414
1414
1414
54
1414
1414
1414
1414
1414
1414
1414
54
1414
54
1414
1414
1414
1414
1414
1414
54
1414
1414
54
1414
1414
1414
1414
1414
1414
54
1414
1414
1414
1414
54
1414
1414
54
1414
1414
1414
1414
1414
1414
54
1414
1414
1414
1414
54
1414
1414
1414
1414
1414
1414
1414
54
1414
54
1414
1414
1414
54
1414
1414
1414
1414
54
1414
1414
1414
1414
1414
1414
54
1414
54
1414
1414
1414
1414
54
1414
1414
54
1414
1414
1414
1414
1414
1414
54
1414
1414
54
1414
440
1414
1414
54
1414
54
1414
1414
1414
1414
54
1414
1414
54
1414
1414
1414
1414
54
1414
1414
1414
1414
1414
1414
1414
54
1414
1414
54
1414
54
1414
1414
54
1414
1414
1414
54
1414
1414
1414
1414
1414
54
1414
1414
54
1414
1414
1414
1414
1414
1414
54
1414
1414
1414
1414
1414
1414
1414
54
1414
54
1414
1414
1414
1414
1414
1414
54
1414
1414
1414
1414
1414
1414
1414
54
1414
54
1414
1414
1414
1414
54
1414
1414
1414
1414
1414
1414
54
1414
1414
54
1414
1414
54
1414
1414
1414
54
1414
1414
1414
1414
1414
54
1414
1414
1414
1414
1414
1414
54
1414
1414
1414
1414
1414
1414
54
1414
1414
1414
1414
1414
1414
54
1414
1414
1414
1414
1414
1414
54
1414
1414
1414
54
1414
1414
1414
1414
1414
1414
54
1414
54
1414
1414
1414
1414
1414
1414
54
1414
1414
54
1414
1414
1414
1414
1414
54
1414
54
1414
1414
1414
1414
54
1414
1414
1414
54
1414
54
1414
1414
54
1414
1414
1414
1414
1414
1414
54
1414
1414
1414
1414
1414
1414
1414
54
1414
54
1414
1414
1414
1414
54
1414
1414
1414
1414
1414
54
1414
1414
54
1414
54
1414
1414
1414
1414
1414
1414
54
1414
1414
54
1414
1414
1414
1414
1414
1414
54
1414
1414
54
1414
1414
54
1414
1414
1414
1414
1414
1414
54
1414
1414
1414
1414
1414
1414
54
872
60
54
60
128
92
100
54
100
54
60
1332
1414
1414
1414
1414
1414
1414
1414
54
1414
1414
1414
54
1414
1414
1414
1414
54
1414
1414
1414
1414
1414
54
1414
1414
54
1414
1414
54
1414
54
1414
1414
1414
1414
1414
1414
1414
54
1414
54
1414
1414
54
1414
1414
1414
1414
54
1414
1414
54
1414
1414
1414
1414
1414
1414
1414
54
1414
1414
54
1414
54
1414
1414
1414
1414
1414
1414
1414
54
1414
54
1414
1414
1414
1414
1414
1414
1414
54
1414
54
1414
1414
54
1414
1414
1414
1414
54
1414
1414
1414
54
1414
1414
54
1414
54
1414
1414
54
1414
1414
54
1414
1414
1414
1414
1414
1414
1414
54
1414
54
1414
1414
1414
1414
1414
54
1414
54
1414
1414
1414
1414
1414
1414
54
1414
1414
54
1414
1414
1414
1414
1414
1414
1414
54
1414
54
1414
1414
1414
1414
1414
1414
54
1414
1414
1414
1414
1414
1414
54
1414
1414
54
1414
1414
1414
1414
1414
1414
54
1414
1414
1414
1414
54
1414
1414
1414
54
1414
54
1414
1414
54
1414
1414
1414
1414
1414
1414
1414
54
1414
54
1414
1414
1414
1414
1414
1414
1414
54
1414
54
1414
1414
54
1414
1414
1414
1414
1414
1414
1414
54
1414
54
1414
1414
1414
54
1414
54
1414
1414
1414
1414
1414
1414
54
1414
1414
1414
1414
1414
54
1414
1414
54
1414
54
1414
1414
1414
1414
54
1414
1414
1414
1414
1414
1414
54
1414
1414
54
1414
1414
1414
54
1414
54
1414
1414
54
1414
1414
54
1414
1414
1414
1414
54
1414
1414
54
1414
1414
1414
1414
1414
1414
54
1414
1414
54
1414
1414
54
1414
1414
1414
54
1414
1414
54
1414
54
1414
1414
1414
1414
1414
1414
1414
54
1414
54
1414
1414
1414
54
1414
54
1414
1414
1414
1414
1414
54
1414
54
1414
1414
1414
1414
54
1414
1414
1414
1414
54
1414
1414
1414
54
1414
54
1414
1414
1414
1414
54
1414
1414
1414
54
1414
54
1414
1414
1414
1414
1414
54
1414
54
1414
1414
54
1414
1414
1414
1414
54
1414
1414
54
1414
1414
1414
1414
1414
1414
54
1414
1414
1414
54
1414
54
1414
1414
1414
1414
1414
1414
1414
54
1414
54
1414
1414
54
1414
1414
54
1414
1414
1414
1414
1414
1414
54
1414
1414
1414
1414
1414
54
1414
1414
54
1414
1414
54
1414
54
1414
1414
54
1414
1414
54
1414
1414
1414
1414
1414
1414
54
1414
1414
1414
1414
54
1414
1414
1414
54
1414
54
1414
1414
1414
1414
1414
54
1414
54
1414
1414
54
1414
1414
54
1414
1414
54
1414
1414
54
1414
1414
1414
54
1414
54
1414
1414
1414
1414
1414
54
1414
54
1414
1414
1414
1414
1414
1414
1414
54
1414
54
1414
1414
54
1414
1414
1414
1414
1414
1414
54
1414
1414
54
1414
1414
1414
1414
1414
1414
54
1414
1414
1414
54
1414
54
1414
1414
54
1414
1414
1414
1414
54
1414
1414
1414
1414
1414
1414
1414
54
1414
54
1414
1414
1414
1414
1414
54
1414
1414
54
1414
1414
1414
1414
54
1414
54
1414
1414
1414
1414
54
1414
1414
1414
1414
1414
1414
1414
54
1414
54
1414
1414
1414
1414
1414
54
1414
54
1414
1414
1414
1414
1414
1414
1414
54
1414
54
1414
1414
1414
1414
54
1414
1414
54
1414
1414
1414
1414
1414
54
1414
54
1414
1414
1414
1414
1414
1414
54
1414
1414
1414
1414
1414
1414
1414
54
1414
1414
54
1414
1414
1414
1414
54
1414
54
1414
1414
54
1414
1414
1414
54
1414
54
1414
1414
1414
1414
1414
1414
54
1414
1414
54
1414
1414
54
1414
1414
1414
1414
1414
1414
1414
54
1414
1414
54
1414
54
1414
1414
1414
54
1414
54
1414
1414
1414
1414
1414
54
1414
54
1414
1414
54
1414
1414
1414
1414
1414
1414
54
1414
1414
54
1414
1414
1414
1414
1414
1414
1414
54
1414
1414
1414
1414
1414
1414
54
1414
1414
54
1414
1414
54
1414
54
1414
1414
1414
1414
1414
54
1414
54
1414
1414
1414
1414
1414
1414
54
1414
1414
54
1414
1414
1414
1414
54
1414
1414
1414
1414
1414
54
1414
1414
1414
1414
54
1414
54
1414
1414
1414
1414
1414
1414
54
1414
1414
54
1414
1414
54
1414
1414
1414
1414
1414
1414
54
1414
1414
54
1414
1414
54
1414
1414
1414
1414
1414
54
1414
54
1414
1414
1414
1414
1414
54
1414
1414
54
1414
54
1414
1414
1414
54
1414
54
1414
1414
1414
1414
1414
54
1414
54
1414
1414
1414
54
1414
54
1414
1414
1414
54
1414
54
1414
1414
1414
1414
1414
1414
54
1414
1414
54
1414
1414
1414
54
1414
54
1414
1414
1414
1414
1414
1414
1414
54
1414
54
1414
1414
1414
1414
1414
54
1414
1414
1414
1414
1414
1414
54
1414
54
1414
1414
1414
1414
54
1414
1414
1414
1414
1414
54
1414
1414
1414
1414
54
1414
1414
54
1414
1414
1414
1414
1414
54
1414
1414
54
1414
1414
1414
1414
54
1414
1414
54
1414
1414
54
1414
1414
1414
1414
1414
1414
1414
54
1414
54
1414
1414
54
1414
1414
1414
54
1414
54
1414
1414
1414
1414
54
1414
1414
1414
1414
1414
1414
54
1414
1414
54
1414
1414
1414
1414
1414
1414
1414
54
1414
1414
54
1414
54
1414
1414
54
1414
1414
1414
1414
1414
1414
54
1414
1414
54
1414
1414
1414
1414
1414
1414
54
1414
1414
54
1414
1414
1414
1414
1414
1414
1414
54
1414
54
1414
1414
54
1414
1414
1414
54
1414
54
1414
1414
1414
54
1414
54
1414
1414
54
1414
1414
54
1414
1414
1414
54
1414
54
1414
1414
1414
1414
1414
1414
54
1414
1414
54
1414
1414
54
1414
1414
1414
1414
1414
1414
54
1414
1414
54
1414
1414
1414
54
1414
54
1414
1414
1414
1414
54
1414
1414
54
1414
1414
1414
54
1414
54
1414
1414
1414
1414
1414
1414
54
1414
1414
1414
1414
1414
1414
1414
54
1414
1414
54
1414
54
1414
1414
1414
1414
1414
54
1414
54
1414
1414
1414
1414
1414
1414
54
1414
1414
54
1414
1414
54
1414
1414
1414
1414
1414
1414
54
1414
1414
1414
1414
1414
54
1414
54
1414
1414
54
1414
1414
54
1414
1414
1414
1414
1414
1414
1414
54
1414
54
1414
1414
1414
54
1414
54
1414
1414
54
1414
1414
54
1414
1414
1414
1414
1414
1414
54
1414
1414
1414
1414
1414
1414
1414
54
1414
1414
54
1414
54
1414
1414
1414
1414
1414
54
1414
54
1414
1414
1414
1414
54
1414
1414
54
1414
1414
1414
54
1414
54
1414
1414
54
1414
1414
1414
1414
1414
54
1414
54
1414
1414
1414
1414
54
1414
1414
1414
54
1414
54
1414
1414
54
1414
1414
1414
54
1414
1414
54
1414
1414
1414
1414
1414
1414
54
1414
54
1414
1414
54
1414
1414
1414
1414
54
1414
1414
1414
1414
1414
1414
1414
54
1414
54
1414
1414
1414
1414
1414
1414
54
1414
1414
1414
1414
54
1414
1414
54
1414
1414
1414
1414
1414
54
1414
54
89
1332
1414
1414
1414
54
1414
54
1414
1414
1414
1414
1414
1414
1414
54
1414
1414
54
1414
1414
1414
54
1414
1414
1414
1414
1414
54
1414
54
1414
1414
54
1414
1414
1414
54
1414
54
1414
1414
1414
54
1414
54
1414
1414
1414
1414
1414
54
1414
1414
1414
1414
1414
1414
54
1414
1414
1414
1414
1414
54
1414
1414
1414
1414
1414
54
1414
54
1414
1414
54
1414
1414
1414
1414
1414
1414
1414
54
1414
1414
54
1414
54
1414
1414
1414
54
1414
1414
54
1414
54
1414
1414
1414
1414
1414
1414
1414
54
1414
54
1414
1414
1414
1414
1414
54
1414
54
1414
1414
1414
54
1414
54
1414
1414
1414
1414
54
1414
1414
54
1414
1414
1414
1414
1414
1414
54
1414
1414
54
1414
1414
1414
1414
1414
54
1414
54
1414
1414
1414
1414
1414
54
1414
54
1414
1414
1414
1414
1414
54
1414
1414
54
1414
1414
1414
1414
1414
1414
54
1414
54
1414
1414
1414
1414
1414
54
1414
54
1414
1414
54
1414
1414
1414
1414
54
1414
1414
54
1414
1414
54
1414
1414
1414
1414
54
1414
1414
1414
1414
1414
54
1414
54
1414
1414
1414
1414
1414
1414
54
1414
1414
1414
54
1414
54
1414
1414
1414
1414
1414
1414
54
1414
1414
1414
1414
1414
54
1414
54
1414
1414
1414
54
1414
54
1414
1414
1414
1414
1414
1414
54
1414
1414
1414
1414
1414
1414
1414
54
1414
54
1414
1414
1414
54
1414
1414
1414
54
1414
1414
1414
1414
54
1414
1414
54
1414
1414
1414
1414
1414
1414
1414
54
1414
54
1414
1414
1414
1414
1414
54
1414
54
1414
1414
1414
1414
1414
54
1414
54
1414
1414
54
1414
1414
1414
54
1414
54
1414
1414
1414
1414
1414
1414
1414
54
1414
54
1414
1414
1414
54
1414
1414
1414
1414
54
1414
54
1414
1414
1414
1414
1414
1414
54
1414
1414
1414
1414
1414
1414
54
1414
1414
1414
1414
1414
1414
54
1414
1414
1414
1414
1414
54
1414
1414
54
1414
54
1414
1414
1414
54
1414
54
1414
1414
1414
1414
54
1414
1414
1414
1414
1414
1414
1414
54
1414
54
1414
1414
1414
1414
1414
54
1414
1414
54
1414
54
1414
1414
1414
1414
54
1414
1414
1414
54
1414
1414
54
1414
54
1414
1414
1414
1414
54
1414
1414
1414
54
1414
54
1414
1414
1414
1414
54
1414
1414
54
1414
1414
1414
1414
1414
54
1414
54
1414
1414
1414
1414
1414
54
1414
54
1414
1414
1414
1414
54
1414
1414
54
1414
1414
1414
1414
54
1414
1414
1414
54
1414
1414
1414
54
1414
1414
1414
1414
1414
1414
1414
54
1414
54
1414
1414
54
1414
1414
1414
54
1414
54
1414
1414
1414
1414
1414
54
1414
1414
54
1414
1414
1414
1414
1414
54
1414
1414
54
1414
1414
54
1414
1414
1414
1414
1414
1414
54
1414
1414
54
1414
1414
54
1414
1414
1414
1414
54
1414
1414
1414
1414
1414
1414
54
1414
1414
54
1414
1414
1414
1414
54
1414
1414
54
1414
1414
1414
1414
1414
1414
1414
54
1414
54
1414
1414
1414
54
1414
1414
1414
1414
1414
54
1414
1414
1414
1414
54
1414
1414
1414
1414
1414
1414
54
1414
1414
54
1414
1414
54
1414
1414
1414
1414
54
1414
1414
1414
1414
1414
1414
54
1414
1414
54
1414
1414
1414
54
1414
1414
54
1414
1414
1414
1414
1414
1414
54
1414
54
1414
1414
1414
1414
1414
54
1414
54
1414
1414
1414
1414
1414
54
1414
54
1414
1414
54
1414
1414
54
1414
1414
1414
1414
1414
1414
54
1414
1414
1414
1414
1414
54
1414
1414
54
1414
1414
54
1414
54
1414
1414
1414
1414
1414
1414
54
1414
1414
54
1414
1414
1414
1414
1414
1414
1414
54
1414
54
1414
1414
1414
1414
1414
1414
54
1414
1414
54
1414
1414
1414
1414
54
1414
1414
1414
1414
1414
54
1414
54
1414
1414
1414
1414
1414
1414
1414
54
1414
54
1414
1414
54
1414
1414
1414
1414
1414
54
1414
54
1414
1414
1414
1414
1414
1414
1414
54
1414
54
1414
1414
1414
1414
1414
54
1414
1414
1414
1414
1414
1414
54
1414
54
1414
1414
1414
1414
1414
1414
1414
54
1414
54
1414
1414
1414
1414
1414
54
1414
1414
54
1414
54
1414
1414
1414
1414
1414
1414
54
1414
1414
1414
1414
1414
54
1414
54
1414
1414
1414
1414
1414
1414
54
1414
1414
1414
54
1414
54
1414
1414
1414
1414
1414
1414
1414
54
1414
54
1414
1414
1414
1414
1414
54
1414
1414
1414
1414
1414
54
1414
1414
1414
54
1414
54
1414
1414
1414
1414
54
1414
1414
54
1414
1414
1414
1414
1414
1414
54
1414
1414
1414
1414
54
1414
1414
54
1414
1414
1414
1414
1414
54
1414
54
1414
1414
1414
1414
1414
1414
1414
54
1414
54
1414
1414
54
1414
1414
1414
1414
54
1414
1414
54
1414
1414
1414
1414
1414
1414
1414
54
1414
1414
1414
1414
54
1414
54
1414
1414
1414
1414
1414
1414
54
1414
1414
54
1414
1414
54
1414
1414
54
1414
1414
1414
54
1414
54
1414
1414
54
1414
1414
1414
1414
54
1414
1414
1414
1414
54
1414
1414
1414
54
1414
54
1414
1414
54
1414
1414
1414
1414
1414
54
1414
54
1414
1414
54
1414
1414
54
1414
1414
1414
54
1414
54
1414
1414
1414
1414
1414
1414
1414
54
1414
54
1414
1414
1414
54
1414
54
1414
1414
1414
1414
1414
1414
54
1414
1414
1414
1414
1414
1414
54
1414
1414
1414
1414
1414
1414
54
1414
1414
1414
54
1414
54
1414
1414
54
1414
1414
54
1414
1414
54
1414
1414
1414
1414
54
1414
1414
1414
54
1414
54
1414
1414
1414
1414
1414
54
1414
54
1414
1414
1414
1414
54
1414
1414
1414
1414
1414
1414
54
1414
1414
1414
1414
1414
1414
1414
54
1414
1414
1414
54
1414
1414
54
1414
1414
54
1414
1414
54
1414
1414
1414
54
1414
54
1414
1414
1414
1414
1414
1414
54
1414
1414
54
1414
1414
1414
1414
1414
54
1414
54
1414
1414
1414
1414
1414
54
1414
54
1414
1414
1414
54
1414
54
1414
1414
1414
1414
54
1414
1414
1414
54
1414
54
1414
1414
1414
1414
54
1414
1414
54
1414
1414
1414
1414
1414
1414
1414
54
1414
54
1414
1414
1414
54
1414
54
1414
1414
1414
1414
1414
54
1414
1414
54
1414
54
1414
1414
1414
54
1414
54
1414
1414
1414
1414
1414
1414
54
1414
1414
1414
1414
1414
54
1414
1414
1414
1414
1414
54
1414
1414
54
1414
1414
1414
54
1414
1414
1414
1414
1414
1414
54
1414
54
1414
1414
1414
1414
1414
1414
54
1414
1414
1414
1414
1414
1414
1414
54
1414
54
1414
1414
1414
54
1414
54
1414
1414
1414
1414
1414
1414
1414
54
1414
54
1414
1414
1414
1414
1414
54
1414
54
1414
1414
1414
1414
54
1414
1414
1414
1414
54
1414
1414
1414
1414
1414
1414
54
1414
1414
54
1414
1414
54
1414
1414
54
1414
1414
54
1414
1414
1414
54
1414
1414
1414
54
275
54
107
155
54
1332
1414
1414
1414
1414
1414
1414
54
1414
1414
1414
1414
54
1414
1414
54
1414
1414
1414
1414
1414
54
1414
54
1414
1414
1414
1414
54
1414
1414
54
1414
1414
54
1414
1414
1414
54
1414
54
1414
1414
54
1414
1414
1414
1414
1414
1414
1414
54
1414
1414
54
1414
54
1414
1414
1414
1414
1414
54
1414
1414
1414
1414
54
1414
1414
1414
54
54
1414
1414
54
1414
1414
1414
1414
1414
1414
1414
54
1414
1414
1414
54
1414
1414
54
1414
1414
54
1414
1414
54
1414
1414
54
1414
1414
1414
1414
1414
1414
1414
54
1414
1414
54
1414
1414
54
1414
54
1414
1414
1414
1414
1414
1414
54
1414
1414
1414
54
1414
1414
54
1414
54
1414
1414
1414
1414
54
1414
1414
1414
1414
1414
54
1414
54
1414
1414
1414
1414
1414
1414
54
1414
1414
1414
1414
1414
1414
54
1414
1414
54
1414
1414
54
1414
1414
1414
54
1414
1414
54
1414
54
1414
1414
1414
1414
54
1414
1414
1414
1414
54
1414
1414
1414
1414
1414
1414
1414
54
1414
54
1414
1414
54
1414
1414
1414
54
1414
54
1414
1414
54
1414
1414
1414
1414
54
1414
1414
1414
1414
1414
1414
54
1414
1414
1414
54
1414
54
1414
1414
54
1414
1414
1414
1414
54
1414
1414
54
1414
1414
54
1414
1414
1414
1414
1414
1414
54
1414
1414
1414
1414
1414
54
1414
1414
1414
1414
54
1414
54
1414
1414
1414
1414
1414
1414
54
1414
1414
54
1414
1414
1414
54
1414
1414
1414
1414
54
1414
54
1414
1414
1414
1414
54
1414
1414
1414
1414
66
66
66
74
1414
74
1414
74
1414
1414
74
74
1414
82
1414
82
1414
1414
1414
82
90
90
1414
90
1414
1414
1414
90
90
90
1414
90
1414
1414
1414
1414
1414
90
90
90
90
90
1414
1414
1414
1414
90
90
90
90
1414
1414
1414
1414
90
90
90
90
1414
1414
1414
1414
90
90
90
90
1414
90
1414
1414
1414
1414
1414
1414
90
90
90
90
90
90
1414
90
1414
90
1414
1414
1414
1414
90
90
90
90
1414
90
1414
90
1414
1414
90
90
1414
90
1414
1414
1414
90
90
90
1414
90
1414
90
1414
90
1414
1414
1414
1414
1414
1414
90
90
90
90
90
90
1414
90
1414
90
1414
1414
90
90
1414
90
1414
1414
1414
1414
1414
1414
90
90
90
90
90
90
1414
90
1414
90
1414
90
1414
90
1414
90
1414
90
1414
90
1414
1414
90
90
1414
1414
90
90
1414
90
1414
90
1414
1414
1414
1414
1414
1414
90
90
90
90
90
90
1414
90
1414
90
1414
1414
1414
1414
1414
1414
90
90
90
90
90
90
1414
90
1414
1414
1414
1414
90
90
90
90
1414
90
1414
1414
90
90
1414
1414
1414
1414
1414
1414
90
90
90
90
90
90
1414
90
1414
1414
1414
1414
1414
90
90
90
90
90
1414
90
1414
90
1414
1414
1414
1414
90
90
90
90
1414
90
1414
1414
90
90
1414
1414
1414
90
90
90
1414
1414
90
90
1414
90
1414
90
1414
90
1414
1414
1414
1414
1414
1414
90
90
90
90
90
90
1414
90
1414
90
1414
1414
1414
90
90
90
1414
1414
1414
1414
1414
90
90
90
90
90
1414
1414
90
90
1414
1414
90
90
1414
90
1414
90
1414
1414
90
90
1414
90
1414
90
1414
1414
1414
1414
90
90
90
90
1414
90
1414
1414
90
90
1414
90
1414
1414
90
90
1414
90
1414
1414
1414
1414
90
90
90
90
60
1414
82
1414
1414
74
66
1414
1414
1414
1414
66
66
66
66
1414
54
1414
1414
1414
1414
1414
1414
1414
54
1414
54
1414
1414
1414
1414
1414
54
1414
54
1414
1414
1414
1414
1414
54
1414
54
1414
1414
1414
1414
1414
1414
54
1414
1414
54
1414
1414
1414
1414
1414
1414
54
1414
1414
54
1414
1414
1414
1414
1414
1414
54
1414
1414
1414
1414
1414
1414
1414
54
1414
54
1414
1414
54
1414
1414
1414
1414
1414
54
1414
54
1414
1414
54
1414
1414
54
1414
1414
1414
1414
1414
1414
54
1414
1414
54
1414
1414
54
1414
1414
1414
1414
54
1414
1414
54
1414
1414
1414
1414
1414
54
1414
1414
54
1414
54
1414
1414
54
1414
1414
54
1414
1414
54
1414
1382
1414
1238
1414
1414
1414
54
1414
54
1414
1414
1414
54
1414
1414
54
1414
1414
1414
1414
1414
54
1414
262
54
1414
1414
1414
1414
1414
1414
54
1414
1414
1414
54
1414
1414
54
1414
1414
1414
1414
1414
54
1414
1414
1414
1414
1414
54
1414
54
1414
1414
1414
1414
1414
1414
54
1414
1414
1414
1414
54
1414
1414
1414
1414
1414
1414
1414
54
1414
54
1414
1414
1414
1414
54
1414
1414
1414
1414
1414
1414
1414
54
1414
54
1414
1414
54
1414
1414
1414
1414
1414
1414
1414
54
1414
1414
1414
1414
54
1414
54
1414
1414
54
1414
1414
1414
1414
54
1414
1414
54
1414
1414
1414
1414
1414
54
1414
54
1414
1414
54
1414
1414
1414
1414
1414
1414
1414
54
1414
54
1414
1414
54
1414
1414
1414
1414
54
1414
1414
54
1414
1414
1414
1414
54
1414
1414
1414
1414
1414
1414
1414
54
1414
54
1414
1414
54
1414
1414
1414
1414
1414
54
1414
54
1414
1414
54
1414
1414
1414
1414
54
1414
1414
1414
1414
1414
54
1414
1414
54
1414
54
1414
1414
54
1414
1414
1414
1414
1414
54
1414
54
1414
1414
54
1414
1414
1414
1414
1414
1414
1414
54
1414
1414
54
1414
1414
1414
54
1414
1414
1414
54
1414
54
1414
1414
54
1414
1414
1414
1414
1414
1414
54
1414
1414
54
1414
1414
1414
1414
1414
1414
54
1414
1414
1414
1414
54
1414
1414
1414
1414
1414
1414
54
1414
1414
1414
1414
1414
1414
54
1414
1414
1414
1414
1414
1414
1414
54
1414
1414
1414
1414
1414
1414
54
1414
1414
1414
54
1414
1414
54
1414
1414
1414
54
1414
1414
1414
54
1414
1414
1414
1414
1414
1414
1414
54
1414
54
1414
1414
54
1414
1414
1414
1414
1414
1414
54
1414
1414
1414
1414
1414
1414
1414
54
1414
54
1414
1414
54
1414
1414
1414
1414
54
1414
1414
54
1414
1414
1414
1414
1414
1414
54
1414
1414
1414
1414
1414
1414
1414
54
1414
54
1414
1414
1414
1414
1414
1414
54
1414
1414
54
1414
1414
1414
1414
1414
1414
54
1414
1414
1414
1414
1414
1414
1414
54
1414
1414
54
1414
1414
1414
1414
1414
1414
54
1414
54
1414
1414
1414
1414
1414
1414
54
1414
1414
1414
1414
1414
1414
1414
54
1414
54
1414
1414
1414
1414
1414
1414
54
1414
1414
1414
1414
54
1414
1414
1414
1414
1414
1414
54
1414
1414
1414
1414
1414
1414
54
1414
1414
1414
1414
1414
1414
54
1414
1414
1414
1414
1414
54
1414
1414
1414
1414
1414
1414
54
1414
1414
1414
1414
1414
54
1414
1414
1414
1414
1414
1414
54
1414
1414
1414
1414
1414
1414
54
1414
1414
1414
1414
1414
54
1414
54
1414
1414
54
1414
1414
54
1414
1414
1414
54
1414
1414
1414
54
1414
1414
54
1414
1414
1414
1414
1414
1414
1414
54
1414
54
1414
1414
1414
1414
1414
54
1414
54
1414
1414
54
1414
1414
1414
1414
1414
1414
1414
54
1414
54
1414
1414
54
1414
1414
1414
1414
1414
54
1414
54
1414
1414
1414
1414
1414
54
1414
1414
1414
54
1414
1414
1414
1414
1414
1414
54
1414
1414
1414
1414
1414
1414
54
1414
1414
54
1414
1414
1414
54
1414
54
1414
1414
1414
1414
1414
1414
54
1414
1414
1414
1414
1414
54
1414
54
1414
1414
1414
1414
1414
1414
1414
1414
1414
54
1414
1414
1414
1414
1414
54
1329
1414
1414
1414
1414
1414
1414
54
1414
1414
1414
54
1414
1414
54
1414
1414
1414
1414
1414
54
1414
1414
1414
1414
1414
1414
1414
54
1414
54
1414
1414
1414
1414
1414
1414
1414
54
1414
1414
54
1414
54
1414
1414
1414
54
1414
54
1414
1414
54
1414
1414
1414
54
1414
1414
54
1414
54
1414
1414
1414
54
1414
54
1414
1414
1414
54
1414
54
1414
1414
1414
1414
1414
1414
1414
54
1414
54
1414
1414
54
1414
1414
1100
1414
54
1414
54
1414
1414
1414
54
1414
54
1414
1414
54
1414
1414
1414
1414
1414
1414
1414
54
1414
54
1414
1414
54
1414
1414
1414
54
1414
54
1414
1414
54
1414
1414
1414
1414
1414
1414
54
1414
1414
54
1414
1414
54
1414
1414
1414
1414
1414
1414
1414
54
1414
1414
1414
1414
1414
54
1414
1414
1414
1414
1414
1414
54
1414
1414
54
1414
1414
1414
1414
54
1414
1414
54
1414
1414
1414
1414
54
1414
1414
1414
1414
1414
1414
1414
54
1414
54
1414
1414
1414
54
1414
1414
54
1414
1414
1414
54
1414
1414
1414
1414
1414
54
1414
54
1414
1414
54
1414
1414
1414
1414
1414
54
1414
54
1414
1414
54
1414
1414
1414
1414
1414
54
1414
54
1414
1414
54
1414
1414
1414
1414
1414
1414
54
1414
1414
54
1414
1414
1414
1414
54
1414
1414
1414
1414
1414
1414
1414
54
1414
1414
54
1414
1414
54
1414
1414
1414
1414
54
1414
1414
1414
1414
54
1414
54
1414
1414
1414
1414
1414
1414
54
1414
1414
1414
54
1414
1414
1414
1414
54
1414
54
1414
1414
1414
1414
1414
1414
1414
54
1414
54
1414
1414
1414
1414
1414
1414
1414
54
1414
54
1414
1414
1414
1414
1414
1414
54
1414
1414
54
1414
1414
1414
1414
1414
1414
54
1414
1414
1414
1414
1414
1414
54
1414
1414
1414
1414
1414
1414
54
1414
1414
1414
1414
1414
1414
54
1414
1414
1414
54
1414
54
1414
1414
1414
1414
54
1414
1414
1414
1414
1414
1414
54
1414
1414
1414
1414
1414
54
1414
54
1414
1414
54
1414
1414
1414
54
1414
54
1414
1414
54
1414
1414
1414
54
1414
54
1414
1414
54
1414
1414
538
54
1332
1414
1414
1414
1414
1414
54
1414
54
1414
1414
1414
1414
1414
54
1414
54
1414
1414
1414
1414
1414
1414
54
1414
1414
1414
1414
1414
54
1414
54
1414
1414
1414
1414
1414
1414
54
1414
1414
54
1414
1414
1414
1414
1414
1414
54
1414
1414
1414
1414
1414
54
1414
54
1414
1414
1414
1414
1414
1414
1414
54
1414
54
1414
1414
1414
54
1414
54
1414
1414
1414
1414
1414
54
1414
54
1414
1414
1414
1414
1414
1414
1414
54
1414
54
1414
1414
54
1414
1414
1414
1414
1414
54
1414
54
1414
1414
54
1414
1414
1414
1414
1414
1414
1414
54
1414
54
1414
1414
1414
1414
1414
1414
54
1414
1414
54
1414
1414
1414
54
1414
54
1414
1414
1414
1414
1414
1414
54
1414
1414
54
1414
1414
1414
1414
1414
1414
1414
54
1414
54
1414
1414
54
1414
1414
1414
1414
1414
1414
1414
54
1414
54
1414
1414
54
1414
1414
1414
1414
54
1414
1414
1414
1414
1414
1414
54
1414
1414
1414
1414
1414
54
1414
54
1414
1414
1414
1414
1414
54
1414
54
1414
1414
1414
54
1414
54
1414
1414
1414
1414
1414
1414
54
1414
1414
1414
54
1414
1414
54
1414
54
1414
1414
54
1414
1414
1414
1414
1414
1414
1414
54
1414
54
1414
1414
1414
54
1414
1414
54
1414
54
1414
1414
54
1414
1414
1414
1414
1414
1414
54
1414
1414
54
1414
1414
1414
1414
1414
1414
54
1414
1414
1414
54
1414
54
1414
1414
1414
54
1414
1414
1414
54
1414
1414
1414
1414
1414
1414
1414
54
1414
54
1414
1414
1414
54
1414
54
1414
1414
54
1414
1414
1414
54
1414
1414
54
1414
1414
54
1414
54
1414
1414
1414
1414
1414
1414
1414
54
1414
54
1414
1414
1414
1414
54
1414
1414
1414
1414
1414
1414
1414
54
1414
54
1414
1414
54
1414
1414
1414
1414
1414
54
1414
54
1414
1414
1414
54
1414
54
1414
1414
1414
1414
1414
54
1414
54
1414
1414
1414
1414
54
1414
1414
1414
1414
54
1414
1414
1414
1414
1414
1414
54
1414
1414
54
1414
1414
1414
1414
1414
1414
54
1414
1414
54
1414
1414
1414
1414
1414
1414
54
1414
1414
1414
54
1414
1414
1414
1414
54
1414
54
1414
1414
1414
1414
1414
1414
54
1414
1414
1414
1414
1414
54
1414
1414
1414
1414
1414
1414
54
1414
54
1414
1414
1414
1414
1414
1414
54
1414
1414
1414
1414
1414
1414
54
1414
1414
1414
1414
54
1414
1414
1414
1414
54
1414
1414
1414
54
1414
1414
54
1414
1414
54
1414
1414
1414
1414
1414
54
1414
1414
1414
54
1414
54
1414
1414
54
1414
1414
1414
1414
54
1414
1414
1414
1414
1414
1414
1414
54
1414
54
1414
1414
54
1414
1414
1414
54
1414
1414
1414
1414
54
1414
54
1414
1414
1414
1414
1414
1414
54
1414
1414
1414
1414
1414
1414
1414
54
1414
54
1414
1414
1414
1414
1414
1414
54
1414
1414
1414
1414
1414
54
1414
54
1414
1414
1414
1414
1414
54
1414
54
1414
1414
1414
54
1414
1414
1414
54
1414
1414
1414
1414
54
1414
1414
1414
1414
1414
1414
1414
54
1414
1414
1414
1414
1414
1414
54
1414
54
1414
1414
1414
1414
1414
1414
1414
54
1414
1414
1414
54
1414
1414
1414
1414
1414
1414
54
1414
1414
1414
1414
1414
54
1414
1414
1414
1414
1414
54
1414
1414
1414
1414
1414
54
1414
1414
54
1414
1414
1414
1414
1414
54
1414
1414
1414
1414
1414
1414
1414
54
1414
1414
1414
1414
1414
54
1414
1414
1414
1414
1414
1414
54
1414
1414
1414
1414
1414
1414
1414
54
1414
54
1414
1414
1414
1414
1414
54
1414
54
1414
1414
1414
1414
1414
54
1414
54
1414
1414
1414
1414
1414
54
1414
1414
54
1414
1414
1414
1414
1414
54
1414
1414
1414
54
1414
1414
1414
1414
54
1414
54
1414
1414
1414
54
1414
1414
54
1414
54
1414
1414
1414
1414
54
1414
1414
1414
1414
1414
1414
54
1414
1414
1414
1414
1414
54
1414
54
1414
1414
54
1414
1414
1414
1414
1414
1414
54
1414
1414
54
1414
1414
1414
1414
1414
1414
1414
54
1414
54
1414
1414
54
1414
1414
1414
1414
1414
1414
54
1414
1414
1414
1414
1414
54
1414
1414
1414
1414
1414
1414
54
1414
54
1414
1414
54
1414
1414
54
1414
1414
54
1414
1414
1414
1414
1414
54
1414
1414
1414
1414
1414
1414
54
1414
54
1414
1414
54
1414
1414
54
1414
1414
54
1414
1414
1414
1414
54
1414
1414
54
1414
1414
1414
54
1414
54
1414
1414
1414
1414
54
1414
1414
1414
1414
1414
1414
1414
54
1414
54
1414
1414
54
1414
1414
1414
1414
1414
1414
54
1414
1414
54
1414
1414
1414
1414
1414
1414
54
1414
1414
54
1414
1414
1414
1414
54
1414
1414
54
1414
1414
54
1414
1414
1414
1414
54
1414
1414
54
1414
1414
1414
54
1414
1414
1414
54
1414
1414
1414
1414
1414
1414
54
1414
1414
1414
1414
1414
1414
1414
54
1414
54
1414
1414
1414
1414
1414
54
1414
54
1414
1414
1414
1414
1414
1414
54
1414
1414
54
1414
1414
1414
1414
1414
1414
54
1414
1414
54
1414
1414
1414
1414
1414
1414
1414
54
1414
54
1414
1414
54
1414
1414
1414
54
1414
1414
54
1414
1414
1414
1414
54
1414
54
1414
1414
54
1414
1414
1414
1414
1414
1414
54
1414
1414
1414
1414
1414
1414
54
1414
1414
1414
1414
54
1414
1414
1414
1414
54
1414
1414
54
1414
1414
54
1414
1414
1414
54
1414
54
1414
1414
1414
1222
1414
1414
54
1414
134
54
1414
1414
1414
1398
1414
54
1414
1414
1414
1414
1414
54
1414
1414
54
1414
1414
1414
54
1414
1414
54
182
54
1414
1414
1414
54
1414
1414
54
1414
54
1414
1414
1414
1414
1414
54
1414
54
1414
1414
54
1414
1414
1414
1414
1414
54
1414
1414
1414
1414
1414
1414
54
1414
54
1414
1414
1414
1414
1414
54
1414
1414
54
1414
54
1414
1414
1414
1414
54
1414
1414
54
1414
1414
1414
1414
1414
54
1414
1414
1414
1414
1414
1414
54
1414
54
1414
1414
1414
1414
54
1414
1414
54
1414
1414
1414
1414
1414
1414
54
1414
1414
1414
1414
1414
1414
1414
54
1414
54
1414
1414
1414
54
1414
1414
1414
54
1414
1414
54
1414
1414
54
1414
1414
54
1414
1414
1414
1414
1414
54
1414
54
1414
1414
1414
1414
1414
54
1414
1414
1414
54
1414
1414
1414
1414
1414
1414
1414
54
1414
54
1414
1414
1414
1414
1414
1414
1414
54
1414
54
1414
1414
54
1414
1414
1414
1414
54
1414
1414
1414
1414
1414
1414
1414
54
1414
54
1414
1414
1414
1414
1414
54
1414
54
1414
1414
1414
1414
1414
54
1414
1414
1414
54
1414
1414
1414
1414
1414
1414
54
1414
1414
1414
1414
1414
54
1414
1414
1414
1414
54
1414
1414
54
1414
1414
1414
1414
1414
54
1414
1414
1414
1414
1414
1414
54
1414
1414
1414
1414
1414
54
1414
54
1414
1414
54
1414
1414
54
1414
1414
1414
54
1414
1414
1414
1414
1414
1414
54
1414
54
1414
1414
1414
1414
1414
1414
54
1414
1414
54
1414
1414
1414
1414
1414
1414
54
1414
1414
1414
1414
1414
1414
1414
54
1414
1414
54
1414
54
1414
1414
1414
1414
54
1414
1414
54
1414
1414
1414
1414
1414
1414
1414
54
1414
54
1414
1414
1414
1414
1414
1414
1414
54
1414
54
1414
1414
1414
1414
54
1414
1414
54
1414
1414
54
1414
1414
1414
1414
1414
1414
54
1414
1414
1414
1414
246
54
139
60
155
155
54
155
66
310
100
60
100
202
277
54
66
66
54
270
60
1414
1414
1414
70
651
54
180
332
812
1414
1414
1414
1414
423
54
54
60
54
1332
1414
1414
1414
1414
1414
1414
54
1414
1414
54
1414
1414
54
1414
1414
54
1414
1414
54
1414
1414
54
1414
1414
54
1414
1414
54
1414
1414
54
1414
1414
54
1414
1414
1414
1414
1414
1414
54
1414
1414
1414
1414
1414
54
1414
54
1414
1414
1414
1414
1414
1414
1414
54
1414
54
1414
1414
1414
1414
54
1414
1414
54
1414
1414
1414
1414
1414
54
1414
1414
54
1414
1414
1414
1414
1414
54
1414
1414
54
1414
1414
1414
1414
1414
1414
1414
54
1414
54
1414
1414
1414
1414
1414
1414
54
1414
1414
1414
1414
1414
1414
1414
54
1414
54
1414
1414
54
1414
1414
1414
1414
1414
1414
1414
54
1414
54
1414
1414
1414
1414
1414
1414
1414
54
1414
54
1414
1414
1414
1414
1414
1414
1414
54
1414
54
1414
1414
54
1414
1414
1414
1414
1414
1414
54
1414
1414
1414
1414
1414
1414
1414
54
1414
54
1414
1414
1414
1414
1414
1414
54
1414
1414
54
1414
1414
54
1414
1414
1414
1414
1414
54
1414
1414
54
1414
1414
54
1414
1414
1414
1414
1414
54
1414
1414
54
1414
1414
1414
1414
1414
1414
54
1414
1414
54
1414
1414
1414
1414
1414
1414
1414
54
1414
54
1414
1414
1414
1414
1414
1414
54
1414
1414
54
1414
1414
1414
1414
1414
1414
54
1414
1414
1414
1414
1414
1414
54
1414
1414
1414
54
1414
1414
1414
54
1414
1414
1414
1414
1414
1414
1414
54
1414
54
1414
1414
1414
1414
54
1414
1414
1414
1414
1414
1414
1414
54
1414
54
1414
1414
1414
1414
1414
1414
54
1414
1414
54
1414
1414
1414
54
1414
54
1414
1414
54
1414
1414
54
1414
1414
1414
54
1414
54
1414
1414
54
1414
1414
54
1414
1414
1414
1414
54
1414
1414
1414
1414
1414
1414
1414
54
1414
1414
54
1414
1414
54
1414
54
1414
1414
1414
1414
1414
1414
54
1414
1414
54
1414
1414
54
1414
1414
54
1414
1414
1414
1414
54
1414
1414
1414
1414
54
1414
1414
54
1414
1414
1414
1414
1414
1414
1414
54
1414
1414
1414
1414
54
1414
54
1414
1414
54
1414
1414
1414
54
1414
54
1414
1414
1414
1414
54
1414
1414
1414
1414
54
1414
1414
54
1414
1414
1414
1414
1414
54
1414
1414
54
1414
1414
54
1414
54
1414
1414
54
1414
1414
1414
54
1414
54
1414
1414
1414
1414
1414
1414
54
1414
1414
54
1414
1414
1414
54
1414
54
1414
1414
1414
1414
1414
1414
54
1414
1414
54
1414
1414
1414
1414
1414
1414
1414
54
1414
1414
1414
54
1414
1414
54
1414
1414
1414
1414
1414
1414
1414
54
1414
54
1414
1414
1414
1414
1414
1414
54
1414
1414
54
1414
1414
54
1414
1414
1414
1414
1414
54
1414
54
1414
1414
1414
1414
1414
1414
54
1414
1414
1414
1414
54
1414
1414
1414
1414
1414
1414
1414
54
1414
1414
1414
1414
1414
1414
54
1414
54
1414
1414
1414
1414
1414
1414
54
1414
1414
1414
1414
1414
1414
54
1414
1414
1414
1414
1414
54
1414
54
1414
1414
1414
1414
1414
1414
54
1414
1414
1414
1414
1414
1414
1414
54
1414
54
1414
1414
1414
1414
1414
1414
54
1414
1414
1414
1414
1414
1414
54
1414
1414
1414
1414
54
1414
1414
1414
1414
1414
1414
1414
54
1414
54
1414
1414
1414
1414
1414
1414
1414
54
1414
1414
1414
54
1414
1414
1414
1414
1414
1414
54
1414
1414
54
1414
1414
1414
1414
1414
54
1414
1414
54
1414
54
1414
1414
1414
1414
1414
54
1414
1414
1414
1414
54
1414
54
1414
1414
1414
1414
1414
1414
54
1414
1414
1414
54
1414
1414
1414
54
1414
1414
54
1414
1414
1414
1414
1414
1414
54
1414
1414
1414
1414
1414
54
1414
54
1414
1414
1414
1414
54
1414
1414
54
1414
1414
54
1414
1414
54
1414
1414
1414
1414
54
1414
1414
1414
1414
1414
54
1414
54
1414
1414
1414
54
1414
1414
1414
54
1414
1414
54
1414
1414
54
1414
1414
1414
1414
1414
54
1414
54
1414
1414
1414
1414
1414
1414
1414
54
1414
54
1414
1414
1414
1414
1414
54
1414
54
1414
1414
1414
54
1414
54
1414
1414
1414
1414
54
1414
1414
1414
1414
1414
1414
54
1414
1414
1414
54
1414
1414
54
1414
54
1414
1414
54
1414
1414
1414
54
1414
54
1414
1414
1414
1414
1414
1414
54
1414
1414
1414
1414
54
1414
1414
54
1414
1414
1414
1414
54
1414
1414
1414
1414
1414
54
1414
1414
1414
54
1414
1414
1414
54
1414
1414
1414
1414
1414
54
1414
1414
1414
1414
1414
1414
1414
54
1414
54
1414
1414
1414
1414
1414
1414
1414
54
1414
54
1414
1414
1414
54
1414
54
1414
1414
1414
1414
1414
1414
54
1414
1414
54
1414
1414
54
1414
1414
1414
54
1414
1414
1414
54
1414
1414
54
1414
1414
1414
1414
54
1414
1414
54
1414
1414
1414
1414
54
1414
1414
1414
54
1414
1414
1414
54
1414
1414
1414
54
1414
54
1414
1414
54
1414
1414
1414
1414
1414
1414
1414
54
1414
54
1414
1414
54
1414
1414
1414
54
1414
54
1414
1414
1414
1414
1414
1414
1414
54
1414
54
1414
1414
54
1414
1414
1414
1414
1414
1414
1414
54
1414
54
1414
1414
1414
54
1414
54
1414
1414
54
1414
1414
1414
1414
1414
1414
1414
54
1414
54
1414
1414
1414
54
1414
1414
54
1414
54
1414
1414
1414
1414
1414
1414
54
1414
1414
1414
1414
1414
54
1414
54
1414
1414
1414
1414
1414
1414
1414
54
1414
54
1414
1414
1414
1414
54
1414
1414
1414
1414
1414
1414
54
1414
1414
1414
54
1414
1414
54
1414
1414
54
1414
1414
54
1414
54
1414
1414
1414
54
1414
54
1414
1414
1414
1414
1414
1414
1414
54
1414
54
1414
1414
1414
1414
1414
1414
1414
54
1414
54
1414
1414
1414
1414
1414
1414
54
1414
1414
54
1414
1414
54
1414
1414
1414
54
1414
1414
1414
54
1414
1414
1414
1414
1414
1414
54
1414
1414
1414
1414
1414
1414
1414
54
1414
54
1414
1414
54
1414
1414
54
1414
1414
1414
54
1414
54
1414
1414
1414
1414
54
1414
1414
1414
54
1414
54
1414
1414
54
1414
1414
1414
1414
54
1414
1414
1414
1414
1414
1414
54
1414
1414
1414
1414
54
1414
1414
54
1414
1414
1414
1414
1414
1414
1414
54
1414
1414
1414
54
1414
1414
1414
1414
1414
54
1414
54
1414
1414
1414
1414
1414
54
1414
1414
1414
1414
1414
1414
54
1414
54
1414
1414
54
1414
1414
1414
1414
1414
54
1414
54
1414
1414
1414
54
1414
1414
54
1414
54
1414
1414
54
1414
1414
54
1414
1414
54
1414
1414
1414
1414
1414
1414
1414
54
1414
54
1414
1414
1414
54
1414
1414
1414
1414
1414
54
1414
1414
54
1414
1414
54
1414
1414
54
1414
1414
1414
1414
1414
1414
1414
54
1414
54
1414
1414
54
1414
1414
1414
1414
1414
1414
54
1414
1414
1414
1414
1414
54
1414
1414
1414
1414
54
1414
54
1414
1414
1414
1414
1414
54
1414
54
1414
1414
1414
54
1414
1414
54
1414
1414
1414
1414
1414
1414
54
1414
54
1414
1414
54
1414
1414
54
1414
1414
1414
1414
1414
1414
1414
54
1414
54
1414
1414
1414
1414
1414
1414
1414
54
1414
1414
1414
54
1414
1414
1414
1414
54
1414
1414
54
1414
1414
1414
1414
1414
54
1414
54
1414
1414
1414
1414
1414
1414
1414
54
1414
54
1414
1414
1414
54
1414
54
1414
1414
54
1414
1414
1414
54
1414
54
1414
1414
1414
1414
1414
1414
1414
54
1414
54
1414
1414
1414
1414
192
54
55
66
55
66
523
100
60
60
100
128
92
100
54
100
60
1332
1414
1414
1414
1414
1414
1414
54
1414
1414
1414
1414
1414
54
1414
54
1414
1414
1414
1414
1414
1414
1414
54
1414
54
1414
1414
1414
1414
1414
1414
1414
54
1414
54
1414
1414
54
1414
1414
54
1414
1414
54
1414
1414
54
1414
1414
1414
1414
1414
1414
1414
54
1414
54
1414
1414
1414
1414
54
1414
1414
1414
1414
1414
1414
1414
54
1414
54
1414
1414
1414
1414
1414
54
1414
1414
54
1414
1414
1414
1414
1414
1414
54
1414
54
1414
1414
1414
1414
1414
1414
54
1414
1414
54
1414
1414
1414
1414
1414
54
1414
54
1414
1414
1414
54
1414
54
1414
1414
54
1414
1414
54
1414
1414
54
1414
1414
1414
1414
54
1414
1414
54
1414
1414
1414
1414
1414
1414
54
1414
1414
1414
1414
1414
1414
54
1414
1414
54
1414
1414
1414
1414
1414
1414
54
1414
1414
54
1414
1414
1414
54
1414
54
1414
1414
54
1414
1414
1414
54
1414
1414
1414
1414
1414
54
1414
1414
1414
1414
1414
1414
1414
54
1414
54
1414
1414
1414
54
1414
1414
1414
54
1414
1414
54
1414
1414
1414
1414
1414
1414
54
1414
1414
1414
1414
1414
1414
54
1414
1414
1414
1414
1414
1414
1414
54
1414
54
1414
1414
1414
1414
1414
1414
54
1414
1414
1414
1414
54
1414
1414
1414
1414
1414
1414
54
1414
1414
1414
1414
1414
54
1414
54
1414
1414
1414
1414
54
1414
1414
54
1414
1414
54
1414
1414
1414
54
1414
1414
54
1414
1414
1414
54
1414
1414
1414
1414
1414
1414
1414
54
1414
54
1414
1414
1414
1414
1414
1414
54
1414
1414
1414
1414
1414
1414
1414
54
1414
54
1414
1414
1414
1414
1414
1414
54
1414
1414
1414
1414
1414
1414
1414
54
1414
54
1414
1414
1414
1414
1414
54
1414
54
1414
1414
54
1414
1414
1414
1414
1414
54
1414
54
1414
1414
1414
54
1414
1414
1414
1414
1414
54
1414
1414
1414
1414
1414
1414
1414
54
1414
1414
1414
1414
1414
54
1414
1414
54
1414
1414
1414
1414
1414
1414
54
1414
1414
1414
54
1414
1414
1414
1414
1414
54
1414
1414
54
1414
1414
1414
1414
1414
1414
54
1414
1414
1414
1414
1414
1414
54
1414
1414
1414
1414
1414
54
1414
54
1414
1414
1414
1414
1414
1414
54
1414
1414
54
1414
1414
1414
1414
54
1414
1414
54
1414
1414
54
1414
1414
1414
1414
1414
1414
54
1414
1414
1414
1414
1414
1414
54
1414
1414
1414
1414
1414
1414
1414
54
1414
54
1414
1414
1414
1414
54
1414
1414
54
1414
1414
1414
1414
54
1414
1414
1414
1414
1414
1414
54
1414
1414
1414
1414
1414
1414
54
1414
1414
1414
1414
54
1414
1414
54
1414
1414
54
1414
1414
54
1414
1414
1414
54
1414
54
1414
1414
1414
1414
1414
54
1414
1414
54
1414
54
1414
1414
54
1414
1414
1414
1414
1414
1414
1414
54
1414
54
1414
1414
54
1414
1414
1414
54
1414
1414
54
1414
1414
54
1414
54
1414
1414
1414
1414
1414
54
1414
54
1414
1414
1414
54
1414
54
1414
1414
1414
1414
54
1414
1414
1414
1414
1414
1414
54
1414
1414
1414
1414
1414
54
1414
1414
1414
1414
1414
1414
54
1414
54
1414
1414
1414
1414
1414
1414
1414
54
1414
54
1414
1414
1414
1414
1414
1414
54
1414
1414
1414
1414
1414
1414
1414
54
1414
54
1414
1414
1414
1414
1414
54
1414
54
1414
1414
1414
54
1414
54
1414
1414
1414
54
1414
54
1414
1414
1414
54
1414
54
1414
1414
54
1414
1414
1414
1414
54
1414
1414
54
1414
1414
1414
1414
1414
1414
54
1414
1414
1414
1414
54
1414
1414
54
1414
1414
54
1414
1414
54
1414
1414
1414
1414
1414
1414
1414
54
1414
54
1414
1414
54
1414
1414
54
1414
1414
1414
1414
1414
1414
1414
54
1414
1414
54
1414
54
1414
1414
1414
1414
1414
1414
1414
54
1414
54
1414
1414
1414
54
1414
54
1414
1414
1414
1414
1414
1414
1414
54
1414
54
1414
1414
1414
54
1414
54
1414
1414
54
1414
1414
1414
1414
1414
1414
1414
54
1414
1414
1414
54
1414
1414
54
1414
1414
54
1414
1414
54
1414
1414
54
1414
1414
1414
1414
1414
1414
1414
54
1414
54
1414
1414
1414
1414
54
1414
1414
1414
54
1414
54
1414
1414
1414
1414
1414
54
1414
54
1414
1414
54
1414
1414
1414
1414
1414
1414
54
1414
1414
1414
1414
1414
54
1414
54
1414
1414
1414
1414
1414
1414
1414
54
1414
54
1414
1414
1414
54
1414
54
1414
1414
1414
1414
54
1414
1414
1414
1414
1414
1414
54
1414
1414
1414
1414
54
1414
1414
54
1414
1414
54
1414
1414
1414
1414
54
1414
1414
1414
1414
1414
54
1414
54
1414
1414
1414
1414
1414
1414
1414
54
1414
54
1414
1414
1414
54
1414
1414
54
1414
54
1414
1414
1414
1414
1414
1414
54
1414
1414
1414
1414
1414
54
1414
54
1414
1414
1414
1414
1414
1414
54
1414
1414
1414
1414
1414
1414
54
1414
1414
1414
1414
1414
1414
54
1414
1414
1414
54
1414
54
1414
1414
1414
1414
1414
1414
1414
54
1414
54
1414
1414
1414
1414
1414
1414
54
1414
1414
1414
1414
1414
1414
54
1414
1414
1414
1414
1414
1414
1414
54
1414
54
1414
1414
1414
1414
54
1414
1414
1414
1414
1414
1414
54
1414
1414
1414
1414
1414
1414
1414
54
1414
54
1414
1414
54
1414
1414
1414
54
1414
1414
54
1414
54
1414
1414
54
1414
1414
1414
54
1414
54
1414
1414
1414
54
1414
54
1414
1414
54
1414
1414
54
1414
1414
1414
1414
1414
1414
1414
54
1414
54
1414
1414
1414
1414
1414
1414
1414
54
1414
54
1414
1414
1414
1414
1414
1414
1414
54
1414
54
1414
1414
54
1414
1414
1414
1414
1414
1414
1414
54
1414
54
1414
1414
1414
54
1414
1414
1414
1414
54
1414
1414
54
1414
54
1414
1414
54
1414
1414
1414
1414
54
1414
1414
1414
54
1414
54
1414
1414
1414
54
1414
54
1414
1414
54
1414
1414
1414
1414
54
1414
1414
1414
1414
1414
1414
1414
54
1414
54
1414
1414
1414
1414
1414
1414
1414
54
1414
54
1414
1414
1414
54
1414
1414
1414
1414
54
1414
54
1414
1414
1414
1414
1414
1414
1414
54
1414
54
1414
1414
54
1414
1414
1414
1414
1414
54
1414
54
1414
1414
1414
1414
1414
1414
54
1414
1414
54
1414
1414
1414
1414
1414
1414
54
1414
1414
1414
1414
1414
54
1414
54
1414
1414
1414
1414
1414
1414
54
1414
1414
54
1414
1414
1414
1414
1414
1414
1414
54
1414
54
1414
1414
1414
1414
1414
54
1414
1414
1414
1414
1414
1414
54
1414
54
1414
1414
1414
1414
1414
1414
1414
54
1414
54
1414
1414
1414
1414
1414
1414
1414
54
1414
54
1414
1414
1414
54
1414
1414
54
1414
54
1414
1414
1414
1414
1414
1414
1414
54
1414
54
1414
1414
1414
1414
54
1414
1414
1414
1414
1414
54
1414
1414
54
1414
1414
1414
1414
54
1414
54
1414
1414
1414
1414
1414
1414
1414
54
1414
1414
1414
1414
1414
1414
54
1414
54
1414
1414
1414
1414
1414
1414
54
1414
1414
1414
1414
1414
1414
1414
54
1414
54
1414
1414
1414
1414
1414
1414
54
1414
1414
54
1414
1414
1414
1414
1414
1414
1414
54
1414
54
1414
1414
1414
1414
1414
54
1414
54
1414
1414
1414
54
1414
1414
1414
1414
1414
54
1414
1414
54
1414
1414
1414
1414
1414
1414
1414
54
1414
54
1414
1414
1414
1414
1414
1414
54
1414
1414
1414
1414
1414
1414
1414
54
1414
1414
1414
1414
1414
1414
54
1414
54
1414
1414
1414
1414
1414
1414
54
1414
1414
1414
1414
1414
1414
1414
54
1414
54
1414
1414
54
1414
1414
1414
1414
54
1414
1414
54
1414
1414
54
1414
1414
1414
54
1414
1414
54
1414
1414
54
1414
54
1414
1414
1414
54
1414
54
1414
1414
54
1414
1414
54
1414
1414
54
1414
1414
1414
54
1414
54
1414
1414
1414
1414
54
1414
1414
1414
1414
1414
1414
54
1414
1414
1414
1414
1414
54
1414
54
1414
1414
1414
1414
54
1414
1414
1414
1414
1414
1414
54
1414
1414
1414
1414
1414
1414
54
1414
1414
1414
1414
1414
54
1414
1414
1414
1414
1414
1414
54
1414
54
1414
1414
1414
1414
54
1414
1414
1414
54
1414
1414
54
1414
1414
1414
1414
1414
54
1414
1414
1414
1414
54
1414
1414
54
1414
1414
1414
1414
1414
54
1414
54
1414
1414
1414
1414
1414
54
1414
54
1414
1414
54
1414
1414
54
1414
1414
54
1414
1414
1414
1414
1414
1414
1414
54
1414
54
1414
1414
54
1414
1414
1414
1414
54
1414
1414
54
1414
1414
1414
54
1414
1414
1414
1414
1414
54
1414
1414
1414
54
1414
54
1414
1414
54
1414
1414
54
1414
1414
1414
54
1414
54
1414
1414
1414
1414
1414
1414
54
1414
1414
1414
54
1414
1414
1414
54
1414
1414
54
1414
1414
54
1414
1414
54
1414
1414
1414
1414
1414
1414
1414
54
1414
54
1414
1414
1414
1414
54
1414
1414
1414
1414
1414
1414
1414
54
1414
54
1414
1414
1414
54
1414
54
1414
1414
1414
1414
1414
1414
54
1414
1414
54
1414
1414
54
1414
1414
1414
1414
1414
1414
1414
54
1414
54
1414
1414
1414
54
1414
1414
1414
1414
1414
54
1414
1414
54
1414
1414
1414
1414
54
1414
1414
54
1414
1414
54
1414
1414
1414
1414
54
1414
1414
1414
1414
54
1414
1414
1414
54
1414
54
1414
1414
54
1414
1414
1414
1414
1414
1414
1414
54
1414
54
1414
1414
1414
1414
54
1414
1414
1414
1414
1414
1414
1414
54
1414
54
1414
1414
1414
54
1414
54
1414
1414
1414
54
1414
1414
54
1414
54
1414
1414
1414
54
1414
1414
1414
1414
1414
54
1414
1414
1414
1414
1414
1414
1414
54
1414
54
1414
1414
1414
1414
1414
54
1414
1414
1414
54
1414
1414
1414
1414
1414
1414
1414
54
1414
54
1414
1414
1414
1414
1414
1414
54
1414
1414
1414
1414
1414
1414
54
1414
1414
54
1414
1414
1414
1414
1414
1414
54
1414
1414
1414
1414
54
1414
1414
54
1414
1414
1414
1414
54
1414
1414
1414
1414
54
1414
1414
1414
1414
54
1414
1414
1414
1414
1414
1414
1414
54
1414
54
1414
1414
54
1414
1414
1414
1414
1414
1414
1414
54
1414
1414
54
1414
1414
1414
1414
1414
54
1414
1414
1414
1414
1414
54
1414
54
1414
1414
1414
1414
1414
1414
1414
54
1414
54
1414
1414
1414
1414
1414
1414
54
1414
1414
1414
1414
1414
1414
54
1414
1414
1414
1414
1414
54
1414
54
1414
1414
1414
1414
1414
1414
54
1414
1414
54
1334
1414
1414
1414
134
1414
54
1414
1414
1414
1414
54
1414
1414
54
1414
1414
54
1414
1414
1414
1414
54
1414
1414
54
1414
1414
54
1414
1414
54
1414
1414
1414
1414
1414
1414
1414
54
1414
54
1414
1414
1414
1414
1414
1414
54
1414
1414
54
1414
1414
1414
54
1414
54
1414
1414
1414
1414
1414
1414
54
1414
1414
54
1414
1414
1414
1414
1414
1414
1414
54
1414
54
1414
1414
54
1414
1414
54
1414
1414
1414
54
1414
54
1414
1414
434
54
55
66
1329
1414
1414
1414
1414
1414
1414
54
1414
1414
54
1414
1414
1414
1414
1414
1414
54
1414
1414
1414
1414
1414
1414
1414
54
1414
54
1414
1414
1414
54
1414
54
1414
1414
1414
1414
1414
1414
1414
54
1414
54
1414
1414
1414
1414
1414
54
1414
54
1414
1414
1414
54
1414
54
1414
1414
54
1414
1414
54
1414
1414
1414
54
1414
1414
1414
1414
54
1414
54
1414
1414
54
1414
1414
1414
1414
1414
1414
1414
54
1414
54
1414
1414
1414
1414
1414
1414
54
1414
1414
1414
1414
1414
1414
54
1414
1414
1414
54
1414
54
1414
1414
1414
1414
54
1414
1414
54
1414
1414
1414
1414
54
1414
1414
1414
54
1414
54
1414
1414
1414
1414
54
1414
1414
1414
1414
1414
1414
1414
54
1414
54
1414
1414
1414
1414
1414
54
1414
54
1414
1414
1414
1414
1414
1414
1414
54
1414
54
1414
1414
1414
1414
1414
1414
54
1414
1414
1414
54
1414
1414
54
1414
1414
1414
54
1414
1414
1414
1414
1414
1414
54
1414
1414
54
1414
1414
1414
54
1414
1414
54
1414
54
1414
1414
1414
1414
1414
1414
1414
54
1414
54
1414
1414
1414
1414
54
1414
1414
54
1414
1414
54
1414
1414
54
1414
1414
1414
54
1414
54
1414
1414
54
1414
1414
54
1414
1414
1414
1414
54
1414
1414
1414
1414
1414
1414
1414
54
1414
54
1414
1414
54
1414
1414
1414
1414
1414
1414
1414
54
1414
1414
54
1414
1414
1414
1414
54
1414
54
1414
1414
54
1414
1414
54
1414
1414
54
1414
1414
54
1414
1414
54
1414
1414
54
1414
1414
1414
54
1414
54
1414
1414
1414
54
1414
54
1414
1414
1414
54
1414
54
1414
1414
54
1414
1414
1414
54
1414
54
569
54
55
66
55
66
1332
1414
1414
1414
1414
1414
54
1414
1414
54
1414
1414
54
1414
1414
54
1414
1414
54
1414
54
1414
1414
54
1414
1414
1414
1414
1414
1414
54
1414
1414
54
1414
1414
1414
54
1414
54
1414
1414
1414
1414
1414
1414
54
1414
1414
1414
1414
1414
1414
1414
54
1414
54
1414
1414
1414
1414
1414
54
1414
54
1414
1414
1414
1414
1414
1414
54
1414
1414
1414
1414
54
1414
1414
54
1414
1414
1414
1414
1414
1414
54
1414
1414
54
1414
1414
54
1414
1414
1414
1414
54
1414
1414
1414
1414
1414
1414
54
1414
1414
1414
1414
54
1414
1414
1414
1414
1414
54
1414
1414
54
1414
54
1414
1414
1414
1414
1414
1414
1414
54
1414
1414
54
1414
1414
54
1414
1414
1414
1414
54
1414
1414
1414
1414
1414
54
1414
1414
1414
1414
54
1414
1414
1414
54
1414
1414
1414
1414
1414
54
1414
1414
54
1414
1414
54
1414
1414
54
1414
1414
1414
1414
1414
1414
1414
54
1414
54
1414
1414
54
1414
1414
54
1414
1414
1414
1414
1414
1414
54
1414
1414
54
1414
1414
1414
1414
54
1414
1414
54
1414
1414
1414
1414
1414
1414
54
1414
1414
1414
54
1414
54
1414
1414
54
1414
1414
54
1414
1414
54
1414
1414
1414
1414
54
1414
1414
54
1414
1414
54
1414
1414
1414
1414
1414
1414
54
1414
1414
1414
54
1414
54
1414
1414
54
1414
1414
54
1414
1414
54
1414
1414
1414
54
1414
54
1414
1414
1414
1414
1414
54
1414
54
1414
1414
1414
54
1414
1414
54
1414
54
1414
1414
1414
1414
1414
1414
1414
54
1414
54
1414
1414
1414
1414
1414
1414
54
1414
1414
54
1414
1414
1414
1414
1414
54
1414
54
1414
1414
1414
1414
1414
54
1414
1414
54
1414
54
1414
1414
1414
1414
1414
54
1414
1414
54
1414
1414
1414
1414
1414
54
1414
1414
1414
1414
1414
1414
54
1414
1414
54
1414
1414
1414
54
1414
54
1414
1414
1414
1414
1414
1414
54
1414
1414
54
1414
1414
1414
54
1414
54
1414
1414
1414
1414
54
1414
1414
1414
1414
1414
1414
1414
54
1414
54
1414
1414
54
1414
1414
54
1414
1414
54
1414
1414
54
1414
1414
1414
54
1414
54
1414
1414
1414
54
1414
1414
54
1414
54
1414
1414
1414
1414
1414
1414
54
1414
1414
54
1414
1414
54
1414
1414
1414
54
1414
1414
1414
54
1414
1414
1414
1414
1414
1414
1414
54
1414
54
1414
1414
1414
1414
1414
54
1414
54
1414
1414
1414
54
1414
54
1414
1414
54
1414
1414
1414
1414
1414
54
1414
1414
54
1414
54
1414
1414
1414
1414
1414
54
1414
54
1414
1414
1414
1414
1414
1414
54
1414
1414
54
1414
1414
1414
1414
1414
1414
54
1414
1414
1414
1414
1414
1414
54
1414
1414
54
1414
1414
1414
1414
1414
54
1414
1414
54
1414
54
1414
1414
1414
1414
54
1414
1414
1414
1414
1414
1414
1414
54
1414
1414
54
1414
54
1414
1414
1414
1414
1414
1414
1414
54
1414
54
1414
1414
1414
1414
1414
1414
1414
1414
1414
1414
1414
1414
1414
54
1414
1414
54
1414
1414
1414
1414
1414
1414
54
1414
1414
1414
54
1414
1414
1414
1414
1414
54
1414
54
1414
1414
1414
1414
1414
1414
1414
54
1414
54
1414
1414
54
1414
1414
54
1414
1414
54
1414
1414
1414
1414
54
1414
1414
54
1414
1414
1414
1414
1414
1414
54
1414
1414
1414
1414
1414
54
1414
54
1414
1414
1414
1414
1414
54
1414
54
1414
1414
1414
1414
1414
1414
54
1414
1414
1414
1414
1414
54
1414
1414
54
1414
54
1414
1414
54
1414
1414
54
1414
1414
54
1174
1414
54
1414
1414
54
1414
1414
54
1414
1414
1414
54
1414
1414
54
1414
1414
1414
54
1414
1414
294
1414
1414
1414
54
1414
1414
1414
54
1414
1414
1414
54
1414
1414
1414
1414
54
1414
1414
54
1414
1414
1414
1414
1414
1414
54
1414
1414
54
1414
1414
54
1414
1414
54
1414
1414
1414
1414
1414
54
1414
54
1414
1414
1414
1414
1414
1414
54
1414
1414
54
1414
1414
54
1414
1414
54
1414
1414
54
1414
1414
1414
54
1414
54
1414
1414
1414
54
1414
54
1414
1414
1414
1414
54
1414
1414
1414
1414
1414
1414
1414
54
1414
1414
1414
54
1414
1414
1414
1414
1414
1414
54
1414
1414
1414
1414
54
1414
1414
54
1414
1414
1414
1414
1414
1414
54
1414
1414
54
1414
1414
54
1414
1414
54
1414
1414
54
1414
1414
1414
54
1414
1414
1414
54
1414
1414
1414
1414
1414
1414
1414
54
1414
54
1414
1414
1414
54
1414
54
1414
1414
1414
1414
1414
54
1414
54
1414
1414
54
1414
1414
54
1414
1414
1414
1414
1414
1414
54
1414
1414
54
1414
1414
1414
54
1414
1414
1414
54
1414
1414
1414
1414
54
1414
1414
1414
1414
1414
1414
1414
54
1414
1414
54
1414
54
1414
1414
1414
1414
54
1414
1414
1414
54
1414
54
1414
1414
54
1414
1414
54
1414
1414
1414
1414
1414
1414
1414
54
1414
54
1414
1414
54
1414
1414
1414
1414
1414
1414
54
1414
1414
54
1414
1414
54
1414
1414
1414
54
1414
54
1414
1414
54
1414
1414
54
1414
1414
54
1414
1414
1414
54
1414
54
1414
1414
1414
54
1414
54
1414
1414
54
1414
1414
54
1414
1414
1414
54
1414
54
1414
1414
54
1414
1414
1414
1414
54
1414
1414
54
1414
1414
54
1414
1414
1414
1414
54
1414
1414
1414
1414
1414
1414
1414
54
1414
1414
54
1414
54
1414
1414
54
1414
1414
1414
1414
1414
1414
54
1414
1414
54
1414
1414
1414
1414
1414
1414
1414
54
1414
54
1414
1414
1414
54
1414
54
1414
1414
1414
1414
1414
1414
1414
54
1414
1414
54
1414
54
1414
1414
1414
54
1414
54
1414
1414
1414
1414
1414
1414
1414
54
1414
54
1414
1414
54
1414
1414
1414
1414
1414
54
1414
54
1414
1414
54
1414
1414
1414
1414
1414
1414
54
1414
1414
54
1414
1414
54
1414
1414
1414
54
1414
54
1414
1414
1414
54
1414
54
1414
1414
1414
54
1414
54
1414
1414
1414
54
1414
54
1414
1414
54
1414
1414
1414
1414
1414
1414
1414
54
1414
1414
54
1414
54
1414
1414
54
1414
1414
1414
54
1414
54
1414
1414
54
1414
1414
54
1414
1414
1414
1414
1414
1414
1414
54
1414
1414
1414
54
1414
1414
1414
54
1414
54
1414
1414
1414
1414
1414
1414
54
1414
1414
1414
1414
1414
1414
54
1206
1414
1414
54
1414
54
1414
1414
1414
262
1414
1414
1414
54
1414
1414
1414
1414
1414
1414
1414
1414
1414
54
1414
1414
1414
1414
1414
1414
1414
54
1414
1414
54
1414
1414
54
1414
1414
1414
1414
1414
54
1414
1414
1414
54
1414
1414
54
1414
54
1414
1414
54
1414
1414
54
1414
1414
54
1414
1414
1414
1414
1414
1414
54
1414
1414
54
1414
1414
54
1414
1414
1414
1414
1414
54
1414
1414
54
1414
1414
54
1414
54
1414
1414
54
1414
1414
1414
1414
1414
1414
54
1414
1414
54
1414
1414
54
1414
1414
1414
54
1414
54
1414
1414
54
1414
1414
54
1414
1414
54
1414
1414
54
1414
1414
1414
1414
54
1414
1414
1414
1414
1414
1414
54
1414
1414
54
1414
1414
1414
1414
1414
54
1414
1414
1414
54
1414
1414
1414
54
1414
54
1414
1414
1414
1414
54
1414
1414
1414
1414
1414
1414
54
1414
1414
54
1414
1414
1414
1414
54
1414
1414
54
1414
1414
54
1414
1414
1414
54
1414
54
1414
1414
1414
1414
1414
1414
1414
54
1414
54
1414
1414
54
1414
1414
54
1414
1414
1414
1414
1414
54
1414
54
1414
1414
1414
1414
54
1414
1414
1414
1414
54
1414
1414
1414
54
1414
54
1414
1414
1414
1414
1414
1414
54
1414
1414
1414
54
1414
54
1414
1414
1414
1414
1414
1414
1414
54
1414
54
1414
1414
1414
1414
1414
1414
54
1414
1414
54
1414
1414
1414
1414
1414
1414
1414
54
1414
54
1414
1414
54
1414
1414
54
1414
1414
1414
1414
1414
1414
1414
54
1414
54
1414
1414
54
1414
1414
54
1414
1414
1414
1414
54
1414
1414
54
1414
1414
1414
1414
1414
1414
1414
54
1414
54
1414
1414
1414
54
1414
1414
54
1414
54
1414
1414
1414
1414
54
1414
1414
1414
1414
1414
1414
1414
54
1414
54
1414
1414
1414
1414
1414
1414
54
1414
1414
54
1414
1414
54
1414
1414
1414
1414
1414
1414
1414
54
1414
54
1414
1414
1414
1414
1414
1414
1414
54
1414
54
1414
1414
54
1414
1414
1414
54
1414
1414
54
1414
54
1414
1414
54
1414
1414
1414
1414
54
1414
1414
1414
1414
1414
1414
54
1414
1414
1414
1414
1414
54
1414
54
1414
1414
321
54
440
100
60
60
100
128
92
100
54
100
60
55
66
388
1414
407
60
1332
1414
1414
1414
1414
1414
54
1414
1414
1414
54
1414
1414
1414
54
1414
54
1414
1414
1414
1414
54
1414
1414
1414
1414
1414
54
1414
54
1414
1414
54
1414
1414
54
1414
1414
1414
1414
54
1414
1414
1414
1414
1414
1414
1414
54
1414
54
1414
1414
1414
54
1414
54
1414
1414
54
1414
1414
1414
54
1414
54
1414
1414
1414
54
1414
54
1414
1414
1414
1414
54
1414
1414
54
1414
1414
1414
1414
54
1414
1414
1414
54
1414
1414
1414
1414
1414
1414
54
1414
54
1414
1414
1414
1414
1414
54
1414
1414
54
1414
1414
54
1414
54
1414
1414
1414
1414
1414
1414
1414
54
1414
54
1414
1414
1414
1414
1414
54
1414
54
1414
1414
1414
1414
1414
1414
54
1414
1414
1414
1414
1414
1414
1414
54
1414
54
1414
1414
1414
1414
1414
1414
1414
54
1414
54
1414
1414
1414
1414
1414
54
1414
54
1414
1414
54
1414
1414
1414
1414
1414
54
1414
54
1414
1414
1414
1414
1414
54
1414
54
1414
1414
1414
1414
1414
54
1414
54
1414
1414
1414
1414
1414
1414
54
1414
1414
54
1414
1414
1414
54
1414
1414
1414
1414
1414
54
1414
1414
1414
54
1414
54
1414
1414
1414
1414
1414
1414
54
1414
1414
1414
1414
1414
1414
54
1414
1414
1414
1414
1414
1414
54
1414
1414
54
1414
1414
1414
1414
1414
54
1414
54
1414
1414
1414
1414
1414
54
1414
54
1414
1414
1414
1414
1414
1414
54
1414
1414
54
1414
1414
54
1414
1414
1366
1414
1414
54
1222
54
1414
1414
1414
294
1414
1414
1414
54
1414
1414
1414
1414
1414
54
1414
1414
1414
1414
54
1414
1414
1414
1414
1414
1414
54
1414
1414
1414
54
1414
1414
54
1414
54
1414
1414
54
1286
1414
1414
1414
54
1414
1414
1414
1414
54
1414
1414
1414
1414
54
1414
1414
1414
1414
54
1414
1414
1414
1414
182
1414
54
1414
1414
1414
1414
1414
1414
1414
54
1414
54
1414
1414
54
1414
1414
54
1414
1414
54
1366
1414
54
1414
1414
1414
1414
1414
1414
102
54
1414
54
1414
1414
1414
1414
1414
54
1414
54
1414
1414
54
1414
1414
1414
1414
1414
1414
54
1414
1414
1414
54
1414
1414
54
1414
54
1414
1414
1414
54
1414
54
1414
1414
54
1414
1414
1414
1414
1414
1414
54
1414
1414
1414
54
1414
54
1414
1414
1414
1414
1414
1414
54
1414
1414
54
1414
1414
54
1414
1414
1414
1414
1414
54
1414
54
1414
1414
1414
1414
1414
1414
54
1414
1414
1414
1414
1414
1414
54
1414
1414
54
1414
1414
1414
1414
54
1414
1414
1414
54
1414
54
1414
1414
1414
1414
1414
1414
54
1414
1414
1414
1414
1414
54
1414
1414
54
1414
54
1414
1414
1414
1414
1414
1414
1414
54
1414
54
1414
1414
1414
1414
1414
54
1414
54
1414
1414
1414
1414
1414
54
1414
54
1414
1414
1414
1414
1414
1414
54
1414
1414
1414
54
1414
54
1414
1414
1414
1414
1414
1414
54
1414
1414
54
1414
1414
1414
1414
54
1414
1414
1414
1414
1414
1414
54
1414
1414
54
1414
1414
54
1414
1414
1414
1414
54
1414
1414
54
1414
1414
54
1414
1414
1414
1414
54
1414
1414
1414
54
1414
54
1414
1414
1414
1414
1414
1414
1414
54
1414
54
1414
1414
54
1414
1414
1414
54
1414
1414
1414
1414
1414
54
1414
1414
1414
1414
54
1414
1414
1414
1414
1414
54
1414
54
1414
1414
1414
1414
54
1414
1414
1414
1414
1414
54
1414
54
1414
1414
54
1414
1414
1414
1414
1414
1414
54
1414
1414
1414
54
1414
54
1414
1414
1414
1414
1414
54
1414
54
1414
1414
1414
1414
1414
1414
1414
54
1414
54
1414
1414
1414
1414
1414
1414
54
1414
1414
1414
54
1414
1414
54
1414
1414
1414
1414
54
1414
54
1414
1414
54
1414
1414
54
1414
1414
1414
54
1414
54
1414
1414
1414
1414
1414
1414
54
1414
1414
1414
54
1414
54
1414
1414
1414
1414
54
1414
1414
1414
1414
54
1414
1414
1414
1414
1414
1414
54
1414
1414
54
1414
1414
54
1414
1414
1414
1414
1414
54
1414
1414
1414
54
1414
1414
1414
1414
1414
1414
1414
54
1414
54
1414
1414
1414
1414
1414
1414
54
1414
1414
1414
1414
1414
54
1414
54
1414
1414
1414
1414
1414
1414
54
1414
1414
1414
1414
1414
1414
1414
54
1414
54
1414
1414
1414
1414
1414
1414
54
1414
1414
1414
1414
1414
1414
54
1414
1414
54
1414
1414
54
1414
1414
1414
1414
54
54
1414
1414
1414
54
66
1414
54
1414
1414
54
1414
1414
1414
1414
54
1414
1414
1414
1414
1414
1414
54
1414
1414
1414
1414
1414
54
1414
1414
1414
1414
1414
54
1414
1414
54
1414
1414
54
1414
1414
1414
54
1414
54
1414
1414
1414
1414
54
1414
1414
1414
54
1414
54
1414
1414
1414
1414
1414
54
1414
1414
1414
1414
54
1414
54
1414
1414
1414
1414
1414
54
1414
54
1414
1414
1414
1414
1414
1414
1414
54
1414
1414
1414
1414
1414
1414
54
1414
54
1414
1414
1414
1414
1414
1414
1414
54
1414
1414
1414
1414
1414
1414
54
1414
54
1414
1414
1414
1414
54
1414
1414
1414
1414
1414
54
1414
1414
1414
1414
1414
1414
54
1414
54
1414
1414
1414
1414
1414
54
1414
54
1414
1414
1414
1414
1414
1414
1414
54
1414
54
66
1414
1414
1414
1414
1414
54
54
1414
54
571
1414
1414
54
1414
1414
1414
1414
1414
54
1414
1414
1414
1414
1414
54
1414
1414
1414
54
1414
1414
54
1414
1414
1414
1414
54
1414
1414
1414
1414
1414
54
1414
1414
1414
54
1414
54
1414
1414
1414
1414
1414
54
1414
54
1414
1414
1414
1414
54
1414
1414
54
1414
1414
1414
1414
1414
1414
54
1414
1414
1414
54
1414
54
1414
1414
1414
1414
1414
54
1414
54
1414
1414
1414
54
1414
1414
1414
1414
1414
54
1414
1414
1414
1414
54
1414
1414
1414
1414
1414
1414
54
1414
1414
1414
1414
54
1414
1414
54
1414
1414
1414
1414
1414
1414
54
60
1414
1414
1414
1414
1414
1414
54
1414
1414
1414
1414
54
1414
1414
1414
1414
54
1414
1414
1414
1414
1414
1414
54
1414
1414
54
1414
1414
54
1414
1414
1414
1414
1414
1414
54
1414
1414
54
1414
1414
54
1414
1414
1414
54
1414
1414
54
1414
1414
54
1414
54
1414
1414
1414
1414
1414
1414
1414
54
1414
54
1414
1414
1414
54
1414
1414
1414
1414
54
1414
54
1414
1414
1414
1414
1414
1414
54
1414
1414
1414
1414
1414
54
1414
54
1414
1414
54
1414
1414
1414
54
1414
54
1414
1414
54
1414
1414
1414
54
1414
1414
1414
1414
54
1414
54
1414
1414
54
1414
1414
1414
54
1414
1414
54
1414
54
1414
1414
1414
54
1414
1414
1414
1414
54
1414
54
1414
1414
1414
1414
1414
54
1414
54
1414
1414
54
1414
55
1414
1414
1414
1414
54
1414
54
1414
1414
1414
1414
1414
1414
54
1414
1414
54
1414
210
105
1414
54
1414
107
104
96
1111
1414
1414
1414
1414
1414
1414
54
1414
1414
54
1414
54
1414
1414
54
1414
1414
54
1414
1414
1414
54
1414
54
1414
1414
1414
1414
1414
1414
54
1414
1414
1414
1414
1414
54
1414
54
1414
1414
1414
54
1414
1414
1414
1414
1414
1414
54
1414
54
1414
1414
1414
54
1414
54
1414
1414
1414
1414
1414
1414
54
1414
1414
54
1414
1414
54
1414
1414
1414
54
1414
54
1414
1414
1414
1414
1414
1414
54
1414
1414
1414
54
1414
1414
54
1414
54
1414
1414
1414
54
1414
1414
1414
1414
1414
1414
54
1414
54
1414
1414
54
1414
1414
1414
1414
54
1414
695
66
60
60
60
60
60
54
152
92
92
60
459
54
100
143
100
1414
1414
128
60
60
60
60
60
100
445
54
100
60
55
66
55
66
60
54
140
100
60
60
100
127
54
1414
235
54
100
60
55
66
54
1332
60
1414
1414
1414
1414
1414
1414
54
1414
1414
1414
54
1414
54
1414
1414
1414
54
1414
54
1414
1414
54
1414
1414
1414
1414
1414
1414
54
1414
1414
54
1414
1414
1414
1414
54
1414
1414
1414
54
1414
54
1414
1414
54
1414
1414
1414
54
1414
54
1414
1414
54
1414
1414
1414
1414
1414
54
1414
54
1414
1414
1414
1414
1414
1414
54
1414
1414
1414
1414
54
1414
1414
1414
54
1414
54
1414
1414
1414
54
1414
54
1414
1414
54
1414
1414
1414
54
1414
54
1414
1414
1414
1414
54
1414
1414
1414
54
1414
54
1414
1414
54
1414
1414
1414
1414
1414
1414
1414
54
1414
54
1414
1414
54
1414
1414
54
1414
1414
1414
1414
1414
54
1414
54
1414
1414
1414
54
1414
54
1414
1414
1414
54
1414
54
1414
1414
54
1414
1414
54
1414
1414
1414
1414
1414
1414
1414
54
1414
1414
1414
54
1414
1414
54
1414
1414
1414
54
1414
54
1414
1414
1414
1414
1414
1414
54
1414
1414
1414
1414
54
1414
1414
1414
1414
1414
1414
1414
54
1414
54
1414
1414
1414
1414
1414
54
1414
54
1414
1414
54
1414
1414
1414
1414
54
1414
1414
54
1414
1414
1414
1414
54
1414
1414
1414
1414
1414
54
1414
1414
1414
1414
1414
54
1414
1414
54
1414
1414
1414
1414
1414
1414
1414
54
1414
54
1414
1414
1414
1414
1414
54
1414
54
1414
1414
1414
54
1414
54
1414
1414
1414
54
1414
54
1414
1414
54
1414
1414
1414
1414
1414
1414
54
1414
1414
1414
1414
1414
54
1414
54
1414
1414
1414
1414
1414
54
1414
54
1414
1414
1414
1414
54
1414
1414
1414
1414
1414
1414
54
1414
1414
1414
1414
1414
1414
54
1414
1414
54
1414
1414
1414
1414
1414
1414
54
1414
1414
1414
1414
1414
1414
1414
54
1414
54
1414
1414
1414
1414
1414
54
1414
54
1414
1414
1414
1414
1414
54
1414
54
1414
1414
1414
1414
1414
54
1414
54
1414
1414
1414
1414
1414
54
1414
1414
1414
54
1414
1414
54
1414
1414
1414
1414
1414
54
1414
54
1414
1414
1414
1414
1414
1414
1414
54
1414
54
1414
1414
1414
1414
54
1414
1414
1414
1414
1414
1414
54
1414
1414
54
1414
1414
1414
1414
1414
54
1414
54
1414
1414
54
1414
1414
1414
1414
1414
54
1414
54
1414
1414
1414
1414
1382
1414
1414
54
1414
1414
1414
1238
1414
54
1414
1414
262
1414
1414
1414
1414
54
1414
54
1414
1414
1414
1414
1414
54
1414
54
1414
1414
1414
1414
1414
54
1414
54
1414
1414
1414
1414
1414
54
1414
1414
54
1414
54
1414
1414
1414
1414
1414
1414
54
1414
1414
1414
1414
1414
1398
54
1414
1414
1414
1414
54
1414
1414
1414
1414
1414
70
54
1414
1414
54
1414
1414
54
1414
1414
54
1414
1414
54
1414
1414
54
1414
1414
1414
54
1414
54
1414
1414
54
1414
1414
54
1414
1414
54
1414
1414
1414
1414
54
1414
1414
1414
1414
1414
1414
54
1414
1414
54
1414
1414
1414
1414
1414
1414
1414
54
1414
54
1414
1414
1414
1414
54
1414
1414
1414
1414
1414
1414
54
1414
1414
1414
1414
54
1414
1414
1414
1414
1414
1414
1414
54
1414
54
1414
1414
1414
54
1414
54
1414
1414
1414
1414
1414
1414
54
1414
1414
1414
54
1414
1414
1414
1414
54
1414
1414
1414
54
1414
1414
54
1414
1414
1414
1414
1414
1414
54
1414
1414
1414
1414
1414
54
1414
1414
54
1414
1414
1414
54
1414
1414
1414
1414
1414
1414
54
1414
1414
1414
1414
1414
54
1414
54
1414
1414
1414
54
1414
54
1414
1414
1414
54
1414
54
1414
1414
1414
1414
1414
1414
54
1414
1414
1414
1414
54
1414
1414
1414
1414
1414
1414
54
1414
1414
1414
1414
1414
1414
54
1414
1414
1414
1414
1414
1414
54
1414
1414
1414
1414
1414
1414
54
1414
1414
54
1414
1414
54
1414
1414
54
1414
1414
1414
1414
1414
54
1414
54
1414
1414
54
1414
1414
54
1414
1414
1414
1414
1414
54
1414
54
1414
1414
54
1414
1414
1414
54
1414
54
1414
1414
54
1414
1414
1414
1414
1414
1414
54
1414
1414
54
1414
1414
1414
1414
1414
1414
54
1414
1414
1414
1414
1414
1414
54
1414
1414
1414
1414
1414
1414
54
1414
1414
1414
1414
54
1414
1414
1414
1414
1414
1414
54
1414
1414
1414
1414
1414
1414
54
1414
1414
54
1414
1414
1414
1414
54
1414
1414
54
1414
1414
1414
1414
54
1414
1414
1414
1414
1414
1414
54
1414
1414
54
1414
1414
1414
1414
1414
54
1414
54
1414
1414
1414
1414
54
1414
1414
1414
1414
1414
1414
54
1414
1414
1414
54
1414
54
1414
1414
1414
1414
1414
54
1414
54
1414
1414
1414
1414
54
1414
1414
1414
1414
1414
1414
54
1414
1414
1414
54
1414
54
1414
1414
1414
1414
1414
1414
54
1414
1414
1414
54
1414
54
1414
1414
1414
1414
1414
1414
54
1414
1414
1414
1414
1414
1414
54
1414
1414
1414
1414
1414
54
1414
1414
54
1414
54
1414
1414
1414
1414
1414
54
1414
54
1414
1414
1414
1414
1414
1414
1414
54
1414
1414
1222
1414
1414
54
1414
1414
1414
1414
1414
1414
54
1414
1414
1414
1414
1414
246
1414
1414
54
1414
1414
1414
1414
1414
1414
54
1414
1414
1414
1414
1414
1414
54
1414
1414
1414
54
1414
54
1414
1414
1414
1414
1414
1414
1414
54
1414
1414
54
1414
1414
1414
1414
54
1414
54
1414
1414
54
1414
1414
1414
1414
1414
1414
54
1414
1414
54
1414
1414
1414
1414
1414
1414
54
1414
1414
1414
1414
1414
1414
1414
54
1414
1414
54
1414
54
1414
1414
1414
1414
1414
1414
54
1414
1414
1414
1414
1414
54
1414
54
1414
1414
1414
1414
1414
1414
54
1414
1414
1414
54
1414
1414
54
1414
54
1414
1414
1414
1414
54
1414
1414
1414
1414
54
1414
1414
1414
1414
1414
1414
54
1414
1414
54
1414
1414
1414
1414
1414
1414
1414
54
1414
1414
54
1414
54
1414
1414
54
1414
1414
1414
1414
1414
1414
1414
54
1414
1414
54
1414
54
1414
1414
1414
54
1414
54
1414
1414
54
1414
1414
1414
1414
1414
1414
54
1414
1414
54
1414
1414
54
1414
1414
1414
1414
1414
1414
1414
54
1414
54
1414
1414
54
1414
1414
1414
1414
1414
1414
54
1414
1414
54
1414
1414
54
1414
1414
1414
54
1414
54
1414
1414
1414
1414
1414
1414
1414
54
1414
54
1414
1414
54
1414
1414
1414
1414
54
1414
1414
1414
1414
1414
1414
54
1414
1414
1414
1414
54
1414
1414
54
1414
1414
1414
1414
1414
1414
54
1414
1414
1414
1414
1414
1414
1414
54
1414
1414
1414
54
1414
1414
54
1414
1414
1414
54
1414
54
1414
1414
1414
1414
54
1414
1414
1414
1414
1414
54
1414
54
1414
1414
1414
1414
1414
1414
54
1414
1414
1414
1414
1414
54
1414
54
1414
1414
1414
1414
1414
1414
54
1414
1414
1414
1414
1414
1414
54
1414
1414
1414
1414
1414
1414
54
1414
1414
1414
1414
54
1414
1414
54
1414
1414
54
1414
1414
1414
54
1414
54
699
54
55
66
55
66
285
100
60
100
200
277
54
1332
1414
1414
1414
1414
54
1414
1414
54
1414
1414
1414
1414
54
1414
1414
1414
1414
1414
1414
54
1414
1414
1414
54
1414
54
1414
1414
1414
1414
1414
1414
54
1414
1414
54
1414
1414
1414
1414
1414
1414
54
1414
1414
54
1414
1414
54
1414
1414
1414
54
1414
1414
54
1414
54
1414
1414
1414
1414
1414
1414
54
1414
1414
1414
1414
54
1414
1414
54
1414
1414
54
1414
1414
1414
1414
54
1414
1414
1414
1414
1414
1414
1414
54
1414
1414
1414
1414
54
1414
1414
1414
1414
1414
54
1414
1414
1414
1414
54
1414
1414
1414
1414
1414
1414
54
1414
1414
1414
54
1414
54
1414
1414
1414
1414
1414
1414
54
1414
1414
1414
1414
1414
54
1414
1414
54
1414
54
1414
1414
1414
1414
1414
1414
1414
54
1414
1414
1414
1414
54
1414
1414
1414
54
1414
1414
54
1414
1414
54
1414
1414
1414
54
1414
1414
54
1414
1414
1414
1414
1414
1414
54
1414
54
1414
1414
1414
1414
1414
1414
54
1414
1414
1414
1414
1414
1414
54
1414
1414
1414
1414
1414
1414
1414
54
1414
1414
1414
1414
1414
1414
54
1414
54
1414
1414
54
1414
1414
1414
54
1414
1414
54
1414
1414
54
1414
54
1414
1414
1414
1414
1414
1414
54
1414
1414
54
1414
1414
54
1414
1414
1414
1414
1414
1414
54
1414
1414
1414
1414
1414
1414
54
1414
1414
1414
1414
1414
1414
1414
54
1414
1414
1414
1414
1414
54
1414
1414
1414
1414
1414
1414
54
1414
1414
1414
1414
1414
1414
54
1414
1414
1414
1414
1414
54
1414
54
1414
1414
1270
1414
54
1414
1414
1414
1414
1414
1414
54
1414
1414
134
1414
1414
118
54
1414
1414
1414
54
1414
54
1286
1414
54
1414
1414
1398
1414
1414
1414
1414
54
134
54
1414
1414
1414
1414
54
1414
1414
1414
54
1414
54
1414
1414
118
1414
1414
1414
1414
54
1414
1414
1414
1174
1414
134
54
1414
54
214
1414
1414
1414
1414
54
1414
54
1414
1238
1414
1414
1414
1414
54
1414
1414
230
54
1414
1414
54
1414
54
1414
1414
1414
54
1414
54
1414
1414
1414
1414
1414
1414
1414
54
1414
54
1414
1414
1414
54
1414
1414
1414
54
1414
1414
1414
1414
1414
1414
54
1414
1414
1414
1414
1414
1414
54
1414
1414
54
1414
1414
54
1414
1414
1414
54
1414
1414
54
1414
1414
1414
1414
54
1414
54
1414
1414
1414
1414
1414
54
1414
54
1414
1414
1414
54
1414
54
1414
1414
54
1414
1414
1414
1414
1414
1414
1414
54
1414
54
1414
1414
1414
1414
1414
1414
54
1414
1414
1414
1414
54
1414
1414
1414
1414
1414
54
1414
54
1414
1414
1414
1414
1414
54
1414
1414
54
1414
54
1414
1414
1414
1414
1414
1414
54
1414
1414
54
1414
1414
1414
1414
54
1414
1414
1414
54
1414
1414
54
1414
54
1414
1414
1414
1414
1414
1414
54
1414
1414
1414
1414
1414
54
1414
54
1414
1414
1414
1414
54
1414
1414
54
1414
1414
1414
1414
1414
1414
54
1414
1414
1414
1414
1414
1414
54
1414
1414
54
1414
1414
54
1414
1414
1414
1414
54
1414
1414
1414
1414
1414
1414
54
1414
1414
1414
54
1414
54
1414
1414
1414
1414
1414
54
1414
54
1414
1414
1414
54
1414
54
1414
1414
54
1414
1414
1414
54
1414
54
1414
1414
1414
1414
1414
1414
54
1414
1414
1414
1414
54
1414
1414
1414
1414
1414
54
1414
54
1414
1414
1414
1414
1414
54
1414
54
1414
1414
1414
1414
1414
1414
1414
54
1414
54
1414
1414
1414
1414
1414
54
1414
54
1414
1414
1414
1414
1414
54
1414
1414
1414
1414
1414
54
1414
1414
1414
1414
1414
1318
54
1414
1414
1414
1414
1414
150
1414
54
1414
1414
54
1414
1414
1414
1414
1414
54
1414
1414
1414
1414
1414
1414
54
1414
1414
1414
54
1414
54
1414
1414
1414
1414
1414
1414
54
1414
1414
1414
1414
1414
1414
1414
54
1414
1414
1414
1414
1414
54
1414
1414
54
1414
1414
54
1190
1414
1414
1414
54
1414
1414
278
1414
1414
1414
54
1414
1414
54
1414
1414
54
1414
1414
54
1414
1414
1414
1414
54
1414
1414
1414
1414
1414
1414
54
1414
1414
1414
54
1414
54
1414
1414
1414
1414
1414
1414
54
1414
1414
54
1414
1414
1414
1414
1414
1414
1414
54
1414
54
1414
1414
1414
1414
1414
54
1414
54
1414
1414
1414
54
1414
54
1414
1414
1414
1414
1398
54
1414
54
1222
1414
1414
1414
1414
1414
1414
54
1414
54
1414
1414
1414
1414
1414
1414
54
262
1414
1414
54
1414
1414
1414
1414
54
1414
54
1414
1414
54
1414
1414
1414
1414
54
1414
1414
1414
54
1414
54
1414
1414
1414
54
1414
54
1414
1414
54
1414
1414
1414
54
1414
54
1414
1414
1414
1414
1414
1414
54
1414
1414
1414
1414
1414
1414
1414
54
1414
1414
1414
1414
1414
54
1414
1414
1414
54
1414
54
1414
1414
1414
1414
1414
1414
54
1414
1414
1414
1414
1414
1414
54
1414
1414
1414
1414
1414
54
1414
54
1414
1414
1414
1414
1414
1414
54
1414
1414
1414
1414
1414
1414
54
1414
1414
54
1414
1414
54
1414
1414
54
1414
1414
54
1414
1414
1414
1414
1414
1414
54
1414
1414
1414
1414
1414
1414
1414
54
1414
1414
1414
1414
54
1414
54
1414
1414
1414
54
1414
54
1414
1414
54
1414
1414
1414
1414
54
1414
1414
1414
1414
1414
1414
54
1414
1414
54
1414
1414
1414
1414
1414
54
1414
54
1414
1414
1414
1414
54
1414
1414
1414
54
1414
1414
1414
54
1414
1414
1414
1414
1414
54
1414
54
1414
1414
54
1414
1414
1414
1414
1414
1414
54
1414
1414
54
1414
1414
1414
1414
1414
1414
1414
54
1414
1414
54
1414
54
1414
1414
1414
1414
54
1414
1414
54
1414
1414
1414
1414
1414
1414
54
1414
1414
1414
1414
1414
1254
54
1414
134
134
1414
1414
54
1414
54
1414
1414
1414
1414
1414
54
1414
54
1414
1414
1414
54
1414
1414
1414
1414
54
1414
54
1414
1414
1414
1414
54
1414
1414
1414
1414
54
1414
1414
1414
1414
1414
54
1414
54
1414
1414
54
1414
1414
1414
1414
1414
1414
1414
54
1414
54
1414
1414
54
1414
1414
1414
1414
1414
54
1414
1414
1414
1414
1414
54
1414
1414
1414
1414
54
1414
1414
54
1414
1414
1414
1414
1414
54
1414
1414
54
1414
54
1414
1414
1414
1414
1414
54
1414
54
1414
1414
1414
1414
1414
1414
1414
54
1414
54
1414
1414
1414
1414
1414
1414
54
1414
1318
1414
54
1414
1414
54
150
54
1414
1414
1414
1414
1414
1414
54
1414
1414
1414
1414
1414
1414
54
1414
1366
1414
1414
1414
1414
1414
54
1414
54
1414
1414
54
1414
102
1414
1414
1414
1414
54
1414
1414
1414
54
1414
54
1414
1414
54
1414
1414
1414
1414
1414
54
1414
1414
54
1414
54
1414
1414
54
1414
1414
1414
1414
1414
54
1414
54
1414
1414
54
1414
1414
1414
1414
1414
54
1414
54
1414
1414
54
1414
1414
1414
1414
54
1414
1414
1414
1414
1414
54
1414
54
1414
1414
1414
1414
1414
1414
54
1414
1414
54
1414
1414
54
1414
1414
1414
1414
1414
54
1414
54
1414
1414
1414
1414
1414
1414
54
1414
1414
54
1414
1414
54
1414
1414
1414
1414
1414
54
1414
1414
1414
54
1414
1414
1414
1414
54
1414
1414
1414
54
1414
1414
1414
1414
54
1414
1414
1414
1414
1414
54
1414
1414
54
1414
1414
1414
1414
1414
1414
54
1414
1414
1414
1414
54
1414
1414
1414
54
1414
54
1414
1414
1414
1414
1414
1414
54
1414
91
54
1329
1414
1414
1414
1414
1414
1414
54
1414
1414
54
1414
1414
1414
1414
54
1414
1414
1414
1414
1414
1414
54
1414
1414
1414
1414
1414
54
1414
54
1414
1414
1414
1414
1414
1414
54
1414
1414
54
1414
1414
1414
1414
1414
1414
54
1414
1414
1414
54
1414
1414
54
1414
1414
1414
1414
1414
54
1414
1414
1414
1414
1414
54
1414
54
1414
1414
1414
1414
1414
1414
54
1414
1414
54
1414
1414
1414
1414
1414
54
1414
54
1414
1414
1414
1414
1414
1414
1414
54
1414
54
1414
1414
1414
1414
1414
54
1414
54
1414
1414
1414
1414
1414
54
1414
54
1414
1414
1414
54
1414
1414
54
1414
54
1414
1414
1414
54
1414
54
1414
1414
1414
54
1414
1414
54
1414
54
1414
1414
1414
1414
54
1414
1414
54
1414
1414
1414
54
1414
1414
1414
1414
1414
54
1414
1414
1414
1414
1414
54
1414
54
1414
1414
54
1414
1414
1414
1414
54
1414
1414
1414
1414
1414
54
1414
54
1414
1414
1414
1414
1414
1414
54
1414
1414
54
1414
1414
1414
1414
1414
1414
54
1414
1414
1414
1414
1414
54
1414
54
1414
1414
1414
1414
54
1414
1414
1414
1414
1414
1414
54
1414
1414
1414
1414
54
1414
1414
1414
1414
54
1414
1414
54
1414
1414
1414
1414
1414
1414
54
1414
1414
1414
1414
1414
1414
54
1414
1414
1414
1414
1414
54
1414
54
1414
1414
1414
1414
1414
1414
1414
54
1414
1414
1414
1414
54
1414
54
1414
1414
1414
1414
1414
1414
54
1414
1414
1414
1414
1414
1414
54
1414
1414
1414
1414
1414
1414
54
1414
1414
1414
1414
1414
54
1414
54
1414
1414
1414
1414
998
54
60
66
171
533
100
60
60
100
128
92
100
54
100
203
54
60
66
66
54
241
66
66
54
258
1414
1414
1414
1414
54
1414
1414
1039
54
268
182
268
268
1414
66
1332
1414
1414
1414
1414
1414
1414
54
1414
1414
1414
1414
1414
54
1414
54
1414
1414
54
1414
1414
54
1414
1414
161
1414
1414
1414
1414
54
1414
1259
1414
1414
1414
54
1414
1414
1414
1414
1414
54
1414
1414
54
1414
1414
54
1414
54
1414
1414
1414
54
1414
54
1414
1414
54
1414
1414
1414
54
1414
54
1414
1414
1414
54
1414
54
1414
1414
1414
1414
54
1414
1414
54
1414
1414
54
1414
1414
1414
1414
1414
54
1414
54
1414
1414
1414
1414
1414
1414
54
1414
1414
1414
54
1414
54
1414
1414
1414
1414
1414
54
1414
54
1414
1414
1414
54
1414
1414
1414
1414
1414
54
268
1414
1414
1414
54
1414
54
1414
1414
1414
1414
1414
1414
54
1414
1414
1414
1414
1414
1414
1414
54
1414
54
1414
1414
1414
1414
54
1414
1414
1414
1414
1414
1414
54
1414
1414
1414
1414
54
1414
1414
1414
54
1414
54
1414
1414
1414
1414
54
1414
1414
1414
54
1414
54
1414
1414
54
1414
1414
1414
54
1414
54
1414
1414
1414
1414
1414
54
1414
1414
1414
1414
54
1414
54
1414
1414
1414
1414
1414
1414
1414
54
1414
1414
1414
1414
1414
1414
54
1414
54
1414
1414
1414
1414
1414
54
1414
1414
54
1414
1414
1414
1414
1414
1414
54
1414
54
1414
1414
1414
1414
1414
54
1414
54
1414
1414
1414
1414
1414
1414
54
1414
1414
1414
1414
1414
54
1414
54
1414
1414
1414
1414
54
1414
1414
1414
1414
1414
1414
1414
54
1414
54
1414
1414
54
1414
1414
1414
1414
54
1414
1414
1414
1414
1414
1414
54
1414
1414
54
1414
1414
1414
1414
1414
54
1414
54
1414
1414
1414
1414
1414
1414
54
1414
1414
1414
1414
1414
54
1414
54
1414
1414
1414
1414
54
1414
1414
1414
1414
1414
1414
1414
54
1414
54
1414
1414
54
1414
1414
54
1414
1414
1414
1414
1414
1414
54
1414
1414
1414
54
1414
1414
1414
1414
54
182
66
1414
1414
54
1414
54
1414
1414
1414
1414
1414
54
1414
54
1414
66
1414
1414
1414
1414
1414
54
1414
1414
54
1414
1414
1414
54
1414
54
1414
1414
1414
54
1414
54
1414
1414
1414
1414
1414
1414
54
1414
1414
1414
54
1414
1414
54
1414
54
1414
1414
1414
1414
1414
54
1414
54
1414
1414
1414
1414
1414
54
1414
1414
1414
54
1414
1414
1414
54
1414
54
1414
1414
1414
54
1414
54
1414
251
1414
1414
1414
1414
54
1414
54
1414
1414
1414
54
1414
54
1414
1414
1414
54
1414
1414
54
1414
54
1259
1414
1414
1414
54
1414
1414
54
1414
1414
54
1414
1414
54
1414
54
1414
1414
54
1414
1414
54
1414
1414
54
1414
1414
54
1414
1414
1414
1414
54
1414
1414
54
1414
1414
1414
1414
1414
54
161
571
1414
54
1414
1414
54
1414
1414
1414
54
1414
1414
1414
54
1414
1414
1414
54
1414
1414
54
1414
54
1414
1414
1414
54
1414
54
1414
1414
54
1414
1414
1414
1414
54
1414
1414
1414
1414
54
1414
1414
54
1414
1414
1414
1414
1414
54
1414
54
1414
1414
1414
54
1414
54
1414
1414
54
1414
1414
1414
54
1414
54
1414
1414
54
1414
1414
1414
1414
1414
1414
54
1414
1414
54
1414
1414
1414
1414
1414
1414
54
1414
1414
54
1414
1414
1414
1414
1414
1414
1414
54
1414
54
1414
1414
1414
1414
1414
1414
54
1414
1414
54
1414
1414
54
1414
1414
1414
1414
1414
54
1414
54
1414
1414
1414
54
1414
54
1414
1414
1414
1414
1414
1414
54
1414
1414
54
1414
1414
1414
1414
54
1414
1414
54
1414
1414
1414
1414
1414
1414
1414
54
1414
54
1414
1414
54
1414
1414
54
1414
1414
54
1414
1414
1414
54
1414
54
1414
1414
54
1414
1414
1414
1414
1414
1414
1414
54
1414
54
1414
1414
1414
1414
1414
1414
54
1414
1414
1414
54
1414
1414
54
1414
1414
54
1414
54
1414
1414
1414
1414
1414
54
1414
54
1414
1414
1414
54
1414
54
1414
1414
1414
1254
66
1414
1414
54
1414
214
54
1414
1238
54
1414
214
1414
1414
1414
1414
54
1414
1238
1414
54
1414
54
1414
1414
1414
1414
54
251
1414
1414
1414
1414
1414
54
1414
1414
54
1307
1414
54
246
1414
54
1414
1414
54
1414
1414
54
1414
1414
1414
1414
1414
54
1414
1414
1414
54
1414
1414
1414
1414
1414
1414
1414
54
1414
54
1414
1414
1414
1414
54
1414
1414
54
1414
1414
54
1414
1414
54
1414
1414
1414
1414
1414
1414
54
1414
1414
54
1414
1414
1414
1414
1414
1414
54
1414
1414
1414
1414
1414
1414
1414
54
1414
54
1414
1414
1414
1414
1414
1414
54
1414
1414
1414
1414
1414
54
1414
54
1414
1414
1414
1414
1414
1414
54
1414
1414
54
1414
1414
54
1414
1414
1414
54
1414
1414
1414
1414
1414
1414
54
1414
54
1414
1414
1414
1414
1414
54
1414
54
1414
1414
1414
54
1414
1414
54
1414
1414
1414
54
1414
1414
54
1414
1414
54
1414
1414
1414
1414
1414
1414
54
1414
1414
54
1414
1414
1414
1414
54
1414
1414
54
1414
1414
1414
1414
1414
1414
1414
54
1414
1414
1414
54
1414
1414
1414
1414
1414
1414
1414
54
1414
1414
54
1414
54
1414
1414
54
1414
1414
54
1414
1414
54
1414
1414
54
1414
1414
1414
1414
1414
54
1414
54
1414
1414
1414
1414
1414
1414
1414
54
1414
54
1414
1414
54
1414
1414
1414
1414
1414
1414
1414
54
1414
1414
1414
1414
54
1414
54
1414
1414
1414
1414
54
1414
1414
1414
1414
1414
1414
54
1414
1414
1414
1414
1414
54
1414
1414
54
1414
1414
1414
1414
1414
1414
54
1414
1414
1414
1414
1414
54
1414
1414
1414
1414
1414
1414
54
1414
1414
1414
1414
1414
54
1414
54
1414
1414
1414
1414
1414
54
1414
54
1414
1414
1414
1414
1414
1414
1414
54
1414
54
1414
1414
1414
1414
1414
1414
54
1414
1414
1414
1414
1414
1414
54
1414
1414
54
1414
1414
1414
1414
54
1414
1414
1414
54
1414
54
1414
1414
1414
1414
1414
1414
54
1414
1414
1350
1414
1414
54
1318
1414
1414
1414
1414
54
1414
1414
1398
1414
1414
54
1414
1414
214
1414
1414
1414
54
1414
54
70
1414
1414
1414
1414
54
107
1414
1414
54
1414
1414
1414
1414
54
1414
54
1414
1414
1414
1302
54
1414
1414
54
1414
1414
1414
1414
54
134
60
1414
1414
1414
86
1414
1414
54
1414
1414
54
1414
1414
1414
1414
1414
1190
54
1414
1414
1414
54
1414
1414
1414
54
1414
1414
54
1414
1414
1414
1414
1414
278
283
54
1414
1414
54
1414
1414
1414
1414
1414
1414
54
1414
1414
1414
1414
54
1414
1414
54
1414
1414
54
1414
1414
54
1414
1414
1414
1414
1414
54
1414
54
1414
1414
54
1414
1414
1414
1414
1414
1414
54
1414
1414
54
1414
1414
1414
1414
54
1414
1414
54
1414
1414
54
1414
1414
54
1414
1414
1414
1414
1414
1414
1414
54
1414
54
1414
1414
1414
1414
54
1414
1414
1414
1414
1414
1414
54
1414
1414
54
1414
1414
1414
1414
1414
54
1414
1414
1414
1414
54
1414
54
1414
1414
1414
1414
54
1414
1414
1414
1414
1414
1414
54
1414
1414
1414
1414
1414
1414
54
1414
1414
54
1414
54
1414
54
1414
1414
1414
1414
54
1414
1414
1414
1414
1414
54
1414
54
1414
1414
1414
1414
1414
1414
54
1414
1414
54
1414
1414
1414
1414
1414
1414
54
1414
1414
54
1414
1414
1414
1414
54
1414
1414
1414
1414
1414
54
1414
54
1414
1414
1414
1414
1414
54
1414
54
1206
1414
262
1414
1414
1414
1414
54
1414
54
1414
1414
1414
1414
1414
54
1414
54
1414
1414
1414
54
1414
1414
1414
1414
1414
54
1414
1414
1414
1414
54
1414
1414
1127
54
155
54
60
1414
1414
60
1414
1355
60
1414
54
1414
1414
54
1414
1414
1414
1414
54
1414
1414
1414
1414
1414
60
54
139
54
60
66
66
54
270
1414
1414
1414
1414
54
205
54
268
161
54
1414
715
60
939
54
54
1332
1414
1414
1414
54
1414
1414
54
1414
54
1414
1414
54
1414
1414
1414
1414
1414
1414
54
1414
1414
54
1414
1414
1414
1414
1414
1414
1414
54
1414
54
1414
1414
1414
54
1414
54
1414
1414
1414
1414
1414
1414
54
1414
1414
54
1414
1414
1414
1414
54
1414
1414
1414
1414
1414
1414
1414
54
1414
1414
54
1414
54
1414
1414
54
1414
1414
1414
1414
1414
1414
54
1414
1414
1414
54
1414
54
1414
1414
54
1414
1414
1414
1414
1414
1414
1414
54
1414
54
1414
1414
54
1414
1414
1414
1414
1414
1414
54
1414
1414
54
1414
1414
54
1414
1414
1414
54
1414
54
1414
1414
1414
54
1414
54
1414
1414
54
1414
1414
54
1414
1414
1414
54
1414
54
1414
1414
1414
1414
1414
1414
1414
54
1414
54
1414
1414
54
1414
1414
1414
1414
1414
1414
1414
54
1414
1414
54
1414
54
1414
1414
1414
1414
54
1414
1414
1414
1414
1414
54
1414
54
1414
1414
1414
1414
1414
1414
1414
54
1414
1414
1414
54
1414
1414
1414
54
1414
54
1414
1414
1414
54
1414
54
1414
1414
1414
1414
54
1414
1414
1414
1414
1414
1414
1414
54
1414
1414
54
1414
1414
1414
1414
1414
54
1414
1414
54
1414
1414
54
1414
1414
1414
1414
1414
1414
54
1414
1414
1414
1414
54
1414
1414
54
1414
1414
54
1414
1414
1414
54
1414
54
1414
1414
54
1414
1414
1414
1414
1414
1414
1414
54
1414
1414
54
1414
1414
54
1414
54
1414
1414
54
1414
1414
1414
1414
1414
1414
1414
54
1414
54
1414
1414
1414
1414
1414
54
1414
54
1414
1414
1414
1414
1414
1414
54
1414
1414
1414
1414
1414
1414
54
1414
1414
1414
1414
1414
54
1414
1414
54
1414
54
1414
1414
54
1414
1414
54
1414
1414
54
1414
1414
1414
1414
1414
1414
1414
54
1414
1414
54
1414
54
1414
1414
54
1414
1414
1414
1414
1414
54
1414
54
1414
1414
1414
1414
1414
1414
54
1414
1414
1414
1414
1414
1414
1414
54
1414
1414
54
1414
1414
54
1414
54
1414
1414
1414
1414
1414
1414
54
1414
1414
1414
1414
1414
1414
1414
54
1318
54
1414
1414
54
1414
1414
1414
1414
54
1414
1414
54
1414
1414
1414
1414
1414
150
54
1414
1414
54
1414
1414
1414
54
1414
54
1414
1414
1414
1414
54
1414
1414
1414
1414
1414
1414
1414
54
1414
1414
54
1414
1414
1414
54
1414
1414
1414
1414
1414
1414
1414
54
1414
1414
54
1414
54
1414
1414
1414
54
1414
54
1414
1414
1414
1414
1414
54
1414
54
1414
1414
54
1414
1414
54
1414
1414
54
1414
1414
1414
1414
54
1414
1414
1414
1414
1414
1414
1414
54
1414
54
1414
1414
1414
1414
1414
54
1414
54
1414
1414
54
1414
1414
1414
54
1414
1414
54
1414
54
1414
1414
54
1414
1414
1414
1414
1414
1414
1414
54
1414
54
1414
1414
1414
54
1414
1414
1414
1414
1414
54
1414
1414
54
1414
1414
1414
1414
1414
1414
1414
54
1414
54
1414
1414
1414
1414
1414
1414
1414
54
1414
54
1414
1414
1414
1414
1414
1414
1414
54
1414
1414
54
1414
1414
1414
1414
1414
54
1414
1414
54
1414
1414
1414
1414
1414
1414
54
1414
1414
1414
1414
1414
54
1414
54
1414
1414
1414
1414
54
1414
1414
1414
54
1414
54
1414
1414
1414
54
1414
54
1414
1414
54
1414
1414
54
1414
1414
1414
1414
54
1414
1414
54
1414
1414
54
1414
1414
1414
1414
1414
54
1414
54
1414
1414
1414
1414
54
1414
1414
1414
54
1414
54
1414
1414
54
1414
1414
1414
1414
1414
1414
1414
54
1414
54
1414
1414
1414
1414
1414
54
1414
1414
1414
1414
1414
54
1414
1414
54
1414
1414
1414
54
1414
54
1414
1414
1414
54
1414
1414
54
1414
54
1414
1414
54
1414
1414
54
1414
1414
54
1414
1414
1414
1414
1414
1414
1414
54
1414
54
1414
1414
1414
54
1414
54
1414
1414
1414
1414
1414
54
1414
54
1414
1414
1414
1414
1414
1414
54
1414
1414
54
1414
1414
54
1414
1414
1414
1414
1414
54
1414
1414
54
1414
54
1414
1414
1414
1414
1414
1414
54
1414
1414
54
1414
1414
1414
1414
54
1414
1414
54
1414
1414
1414
54
1414
54
1414
1414
1414
54
1414
54
1414
1414
1414
1414
54
1414
1414
54
1414
1414
54
1414
1414
1414
1414
54
1414
1414
54
1414
1414
1414
54
1414
54
1414
1414
54
1414
1414
54
1414
1414
1414
1414
54
1414
1414
54
1414
1414
1414
1414
1414
1414
1414
54
1414
54
1414
1414
1414
54
1414
54
1414
1414
54
1414
1414
1414
1414
54
1414
1414
54
1414
1414
54
1414
1414
1414
1414
54
1414
1414
54
1414
1414
54
1414
1414
54
1414
1414
54
1414
1414
54
1414
1414
54
1414
1414
1414
1414
1414
54
1414
54
1414
1414
54
1414
1414
54
1414
1414
54
1414
1414
54
1414
1414
1414
1414
54
1414
1414
54
1414
1414
1414
54
1414
54
1414
1414
1414
1414
1414
1414
1414
54
1414
54
1414
1414
1414
1414
1414
1414
1414
54
1414
54
1414
1414
54
1414
1414
54
1414
1414
1414
1414
54
1414
1414
54
1414
1414
1414
54
1414
54
1414
1414
54
1414
1414
54
1414
1414
1414
1414
54
1414
1414
1414
1414
1414
1414
1414
54
1414
1414
54
1414
1414
1414
1414
54
1414
54
1414
1414
1414
1414
1414
1414
54
1414
1414
1414
1414
54
1414
1414
1414
1414
1414
1414
1414
54
1414
54
1414
1414
1414
1414
54
1414
1414
1414
1414
1414
54
1414
54
1414
1414
1414
54
1414
54
1414
1414
1414
54
1414
54
1414
1414
1414
1414
1414
1414
1414
54
1414
1382
54
1414
54
86
1414
54
1414
1414
1414
1414
54
1414
1414
1414
54
1414
54
1414
1414
1414
1414
54
1414
1414
54
1414
1414
54
1414
1414
54
1414
1414
54
1414
1414
1414
1414
1414
54
1414
54
1414
1206
54
1414
1414
1414
54
1414
54
1414
198
1414
54
1414
54
1414
1414
54
1414
1414
1414
1414
1414
1414
1414
54
1414
118
54
1414
54
1174
1414
1414
1414
1414
54
1414
54
1414
1414
1414
1414
1414
54
1414
182
54
1414
54
1414
1414
1414
1414
1414
54
1414
134
54
1414
54
1414
1414
86
1414
54
1414
1414
1414
1414
1414
1414
1414
54
1414
1414
1414
54
1414
1414
1414
1414
54
1414
1414
54
1414
1414
54
1414
1414
54
1414
1414
54
1414
1414
1414
54
1414
54
1414
1414
54
1414
1414
1414
1414
1414
1414
1414
54
1414
1414
1414
54
1414
1414
1414
54
1414
54
1414
1414
1414
54
1414
54
1414
1414
1414
54
1414
54
1414
1414
1414
1414
1414
1414
1414
54
1414
1414
1414
54
1414
1414
1414
1414
1414
54
1414
54
1414
1414
1414
1414
1414
54
1414
54
1414
1414
1414
1414
1414
1414
54
1414
1414
54
1414
1414
1414
54
1414
54
1414
1414
1414
54
1414
1414
1414
1414
54
1414
54
1414
1414
54
1414
1414
1414
1414
1414
1414
1414
54
1414
54
1414
1414
54
1414
1414
1414
1414
54
1414
1414
1414
1414
1414
1414
1414
54
1414
54
1414
1414
1414
54
1414
54
1414
1414
54
1414
1414
1414
1414
1414
1286
54
1414
1414
54
1414
1414
54
1414
1414
54
1414
1414
1414
182
1414
54
1414
54
1414
1414
1414
1414
1414
1414
54
1414
1414
1414
1302
1414
54
1414
54
1414
1414
1414
1414
1414
1414
54
1414
1334
54
1414
246
1414
1414
1414
54
1414
54
1414
1414
54
1414
1414
54
1414
1414
1414
54
1414
54
1414
1414
54
1414
1414
1414
1414
1414
1414
54
1414
1414
54
1414
1414
54
1414
1414
1414
1414
54
1414
1414
1414
1414
1414
54
1414
54
1414
1414
1414
1414
1414
1414
54
1302
1414
54
1414
1414
884
54
1332
1414
1414
1414
1414
1414
1414
54
1414
1414
1414
54
1414
54
1414
1414
1414
1414
1414
1414
54
1414
1414
54
1414
1414
54
1414
1414
1414
54
1414
1414
54
1414
54
1414
1414
1414
1414
1414
54
1414
54
1414
1414
1414
54
1414
54
1414
1414
1414
54
1414
1414
1414
1414
54
1414
54
1414
1414
1414
54
1414
54
1414
1414
1414
54
1414
54
1414
1414
1414
54
1414
54
1414
1414
1414
54
1414
1414
1414
1414
54
1414
1414
1414
1414
54
1414
1414
1414
1414
1414
54
1414
1414
1414
54
1414
1414
1414
1414
1414
54
1414
54
1414
1414
1414
54
1414
54
1414
1414
54
1414
1414
1414
1414
1414
54
1414
1414
1414
1414
54
1414
1414
1414
1414
54
1414
54
1414
1414
1414
54
1414
54
1414
1414
1414
54
1414
1414
1414
54
1414
1414
54
1414
1414
1414
54
1414
1414
54
1414
1414
54
1414
54
1414
1414
1414
54
1414
1414
1414
1414
54
1414
1414
1414
1414
54
1414
1414
1414
1414
54
1414
1414
1414
1414
54
1414
54
1414
1414
1414
54
1414
54
1414
1414
1414
54
1414
1414
54
1414
1414
54
1414
1414
1414
1414
54
1414
1414
1414
1414
54
1414
1414
1414
1414
54
1414
1414
1414
1414
54
1414
54
1414
1414
1414
54
1414
54
1414
1414
1414
54
1414
54
1414
1414
1414
54
1414
54
1414
1414
1414
54
1414
54
1414
1414
66
1414
66
1414
66
1414
1414
1414
66
66
66
1414
66
1414
1414
1414
1414
66
74
74
74
1414
74
1414
74
1414
1414
82
82
1414
1414
1414
1414
82
82
90
90
1414
90
1414
90
1414
1414
90
90
1350
90
1414
90
1238
90
1414
90
1414
1414
1414
1414
90
90
90
90
1414
90
1414
90
1414
90
1414
90
1414
90
1414
1414
1414
90
90
90
1414
1414
90
90
1414
90
1414
90
1414
90
1414
294
1414
90
90
90
1414
1414
1414
90
90
90
1414
90
1414
1414
1414
1414
90
90
90
90
1414
1414
1414
1414
90
90
90
90
1414
1414
1414
1414
90
90
90
90
1382
90
1414
90
1414
1414
90
90
1414
1414
86
1414
90
90
90
90
1414
1414
1414
1414
90
90
90
90
1414
1414
1414
1414
90
90
90
90
1414
1414
1414
1414
90
90
90
90
1414
1414
1414
1414
90
90
90
90
1414
90
1414
90
1414
90
1414
90
1414
1414
1414
90
90
90
1414
90
1414
90
1286
1414
1414
90
82
82
1414
82
1414
1414
74
66
1414
66
1414
54
1414
1414
1414
1414
54
1414
1414
1414
1414
54
1414
1414
1414
1414
54
1414
1414
1414
1414
54
1414
1414
1414
182
54
1414
1414
1414
54
1414
54
1414
1414
1414
1414
54
1414
1414
1414
54
1414
54
1414
1414
1414
1414
54
1414
1414
1414
1414
54
1414
1414
1414
1414
54
1414
1414
54
1414
1414
54
55
1414
1414
1414
1414
54
1414
1414
54
1414
1414
54
1414
1414
1414
1414
54
1414
1414
1414
54
1414
54
1414
1414
1414
1414
54
1414
1414
1414
54
1414
54
1414
1414
1414
1414
54
1414
1414
1414
1414
54
1414
1414
1414
1414
54
1414
1414
54
1414
1414
54
1414
1414
1414
1414
54
1414
1414
1414
1414
54
1414
1414
1414
1414
54
1414
1414
1414
1414
54
1414
1414
1414
1414
54
1414
1414
54
1414
1414
54
1414
1414
1414
1414
54
1414
1414
54
1414
1414
54
1414
1414
1414
1414
54
1414
1414
1414
1414
54
1414
1414
1414
1414
54
1414
1414
1414
1414
54
1414
1414
1414
1414
54
1414
1414
54
1414
1414
54
1414
1414
54
1414
1414
1414
54
1414
54
1414
1414
1414
1414
54
1414
1414
1414
1414
54
1414
1414
1414
1414
54
1414
1414
1414
1414
54
1414
1414
1414
1414
54
1414
1414
1414
1414
54
1414
1414
66
1414
54
1414
54
1414
1414
1414
54
1414
54
1238
1414
54
1414
1414
1414
1414
1414
54
1414
54
1414
1414
1414
54
1414
1414
54
1414
54
1414
1414
54
1414
1414
1414
54
1414
1414
54
1414
54
230
1414
1414
1414
54
1414
1414
1414
1414
54
1350
1414
1414
1414
54
1414
1414
1414
1414
54
1414
1414
1414
1414
54
55
1414
1414
1414
1414
54
118
1414
1414
1414
54
1414
1414
1414
1414
54
1414
1414
1414
1414
54
1414
1414
1414
1414
54
1414
1414
1414
1414
54
1414
1414
1414
1414
54
1414
1414
1414
54
1414
54
1414
1414
1414
1414
54
1414
1414
1414
1414
54
1414
1414
1414
1414
54
1414
1414
1414
1414
54
1414
1414
1414
1414
54
1414
1414
1414
1414
54
1414
1414
1414
1414
54
1414
1414
54
1414
1414
54
1414
1414
1302
1414
54
1414
1414
1414
1414
54
1414
1414
166
1414
54
1414
1414
54
1414
1414
54
1414
1414
1414
1414
54
1414
1414
1414
1414
54
1414
1414
1414
1414
54
1414
1414
1414
1414
54
1414
1414
1414
1414
54
1414
1414
1414
1414
54
1414
1414
54
1414
1414
54
1414
1398
66
1414
54
1414
54
1414
1414
54
1414
1414
1414
1414
54
1414
1414
1414
70
54
1414
1414
1414
1414
54
1414
1414
1414
1414
54
1414
1414
1414
1414
54
1414
1414
1414
1414
54
1414
1414
1414
1414
54
1414
1414
1414
1414
54
1414
1414
1414
1414
54
1414
1414
1414
1414
54
1414
1414
1414
1414
54
1414
1414
1414
1414
54
1414
1414
1414
1414
54
1414
1414
1414
1414
54
1414
1366
1414
54
1318
54
1414
1414
1414
1414
54
1414
1414
1414
1414
54
1414
1414
1414
54
1414
54
1414
1414
1414
1414
54
1414
198
1414
1190
54
1414
1414
1414
1414
54
1414
118
1414
198
54
1414
1414
1414
54
1414
54
1414
1414
1414
1414
54
1414
1414
1414
1350
54
1414
1414
1414
134
1414
54
1414
54
1414
1414
1414
1414
1414
1414
54
1414
1414
1414
1414
54
1414
1414
54
1414
1414
1414
1414
1414
1414
1414
54
1414
54
1414
1414
54
1414
1414
54
1414
1414
1414
1414
1414
1414
1414
54
1414
54
1414
1414
1414
54
1414
54
1414
1414
54
1414
1414
1414
1414
1414
54
1414
54
1414
1414
1414
54
1414
54
1414
1414
1414
1414
54
1414
1414
1414
54
1174
54
1414
1414
1414
1414
1414
1414
1414
54
1414
54
1414
1414
1414
54
134
54
214
1414
1414
1414
1414
1414
1414
54
1414
54
1414
1414
54
1414
1414
54
1414
1414
1414
1414
1414
54
1414
54
1414
1414
1414
54
1414
1414
1414
54
1414
1414
1414
1414
1414
1414
1414
54
1414
1414
54
1414
1414
1414
54
1414
1414
54
1414
1414
1414
1414
1414
54
1414
54
1414
1414
1414
1414
1414
54
1414
1414
54
1414
54
1414
1414
1414
54
1414
54
1414
1414
1414
54
1414
1414
54
1414
54
1414
1414
1414
1414
54
1414
1414
54
1414
1414
54
1414
1414
54
1414
1414
1414
54
1414
54
1414
1414
54
1414
1414
1414
1414
54
1414
1414
1414
54
1414
54
1414
1414
1414
1414
54
1414
1414
1414
54
1414
54
1414
1414
1414
1414
1414
1414
54
1414
1414
1414
1414
54
1414
1414
54
1414
1414
1414
1414
1414
1414
1414
54
1414
54
1414
1414
1414
1414
54
1414
1414
1414
1414
1414
1414
54
1414
1414
54
1414
1414
54
1414
1414
1414
54
1414
54
1414
1414
1414
1414
1414
1414
1414
54
1414
54
1414
1414
54
1414
1414
1414
54
1414
54
1414
1414
1414
1414
1414
1414
1414
54
1414
54
1414
1414
54
1414
1414
54
1414
1414
54
1414
1414
1414
1414
1414
1414
1414
54
1414
54
1414
1414
54
1414
1414
1414
54
1414
54
1414
1414
1414
1414
1414
54
1414
1414
54
1414
1414
1414
1414
1414
54
1414
1414
1414
1414
1414
1414
54
1414
1414
1414
1414
1414
54
1414
54
1414
1414
54
1414
1414
1414
54
1414
1414
54
1414
54
1414
1414
54
1414
1414
1414
1238
54
1414
1414
1414
1414
1398
54
1414
54
1414
1414
1414
1414
54
1414
1414
1414
54
1414
54
1414
1414
54
1414
1414
1414
54
246
54
1414
1414
1414
1414
1414
1414
54
1414
1414
1414
54
1414
54
1414
1414
1414
1414
1414
1414
1414
54
1414
54
1414
1414
1414
1414
1414
54
1414
54
1414
1414
54
1414
1414
1414
1414
54
1414
1414
54
1414
1414
1414
54
1414
1414
54
1414
54
1414
1414
1414
1414
1414
1414
1414
54
1414
54
1414
1414
1414
1414
54
1414
1414
1414
54
1414
1414
54
1414
54
1414
1414
54
1414
1414
1414
1414
1414
1414
1414
54
1414
54
1414
1414
1414
1414
1414
54
1414
54
1414
1414
1414
54
1414
54
1414
1414
1414
54
1414
54
1414
1414
1414
1414
1414
1414
54
1414
1414
1414
1414
1414
54
1414
1414
1414
1414
54
1414
1414
1414
1414
54
1414
1414
1414
54
1414
54
1414
1414
1414
1414
54
1414
1414
1414
1414
54
1414
1414
1414
1414
54
1414
1414
1414
1414
54
1414
1414
1414
1414
54
1414
1414
1414
54
1414
54
1414
1414
1414
1414
54
1414
1414
1414
1414
54
1414
1414
1414
54
1414
54
1414
1414
1414
1414
54
1414
1414
1414
1414
54
1414
1414
1414
1414
54
1414
1414
1414
1414
54
1414
1414
1414
1414
54
1414
1414
1414
1414
54
1414
1414
1414
1414
54
1414
1414
1414
1414
54
1414
1414
1414
1414
54
1414
1414
1414
1414
54
1414
1414
54
1414
1414
54
1414
1414
1414
1414
54
1414
1414
1414
1414
54
1414
1414
1414
1414
54
1414
1414
1414
1414
54
1414
1414
1414
1414
54
1414
1414
1414
1414
54
1414
1414
1414
1414
54
1414
1414
1414
1414
54
1414
1414
1414
1414
54
1414
1414
1414
1414
54
1414
1414
54
1414
1414
54
1414
1414
1414
1414
54
1414
1414
1414
1414
54
1414
1414
54
1414
1414
54
1414
1414
1414
1414
54
1414
1414
1414
1414
54
1414
1414
1414
1414
1414
1414
54
1414
1414
54
1414
1414
1414
1414
1414
1414
54
54
1414
1414
54
1414
1414
54
1414
1414
1414
54
1414
1414
1414
1414
54
1414
54
1414
1414
1414
1414
54
1414
1414
1334
1414
54
1382
1414
54
1414
1414
1414
54
1414
54
1414
1414
54
1414
1414
1414
1414
1414
1414
54
54
1414
1414
1414
1414
166
54
1414
1414
54
1414
1414
54
1414
1414
54
1414
1414
1414
1414
1414
54
1414
1414
1414
54
1414
1414
54
1414
54
1414
1414
1414
1414
1414
1414
1414
54
1414
1414
54
1414
54
1414
1414
1414
1414
1414
1414
54
1414
1414
1414
1414
54
1414
1414
1414
54
1414
54
1414
1414
54
1414
1414
1414
1414
1414
54
1414
1414
54
1414
1414
54
1414
1414
54
1414
1414
54
1414
1414
54
1414
1414
54
1414
54
1414
1414
1414
54
1414
1414
54
1414
1414
54
1414
1414
1414
54
1414
1414
54
1414
1414
54
1414
1414
54
1414
1414
54
1414
1414
54
1414
1414
54
1414
1414
54
1414
1414
1414
1414
54
1414
1414
54
1414
1414
1414
1414
1414
1414
1414
54
1414
54
1414
1414
54
1414
1414
1414
1414
1414
1414
54
1414
1414
1414
54
1414
1414
54
1414
1414
1414
1414
54
1414
54
1414
1414
54
1414
1414
1414
1414
1414
1414
1414
54
1414
54
1414
1414
1414
1414
1414
1414
1414
54
1414
1414
54
1414
1414
1414
54
1414
1414
54
1414
1414
1414
1414
1414
1414
54
1414
1414
1414
54
1414
1414
1414
1414
1414
1414
54
1414
54
1414
1414
54
1414
1414
1414
1414
1414
54
1414
54
1414
1414
1414
54
1414
1414
1414
54
1414
1414
1414
1414
54
1414
1414
1414
1414
1414
1414
1414
54
1414
54
1414
1414
1414
54
1414
1414
54
1414
1414
54
1414
1414
1414
1414
1414
54
1414
1414
1414
54
1414
1414
54
1414
1398
54
1414
1414
54
1414
1414
1414
70
54
1414
1414
54
1414
1414
54
1414
1414
54
1414
1414
54
1414
1414
54
1414
1414
54
1414
1414
1414
1414
1414
1414
54
1414
434
54
66
66
54
260
1414
1414
1114
54
268
139
161
1243
603
1329
1414
1414
1414
1414
60
54
1414
1414
54
1414
1414
54
1414
1414
54
1414
1414
54
1414
1414
54
1414
1414
54
1414
1414
54
1414
1414
60
54
155
1414
1414
54
1414
1414
54
1414
1414
54
1414
1414
54
1414
1414
54
1414
1414
1414
54
1414
1414
54
1414
1414
54
1414
1414
54
1414
1414
54
1414
1414
54
1414
54
1414
1414
1414
1414
1414
1414
1414
54
1414
54
1414
1414
54
1414
1414
1414
1414
1414
1414
1414
54
1414
1414
54
1414
54
1414
1414
1414
54
1414
1414
54
1414
1414
1414
54
1414
1414
1414
1414
1414
1414
54
1414
1414
1414
1414
1414
1414
54
1414
1414
54
1414
1414
1414
54
1414
54
1414
1414
1414
1414
1414
1414
54
1414
1414
1414
1414
1414
54
1414
54
1414
1414
1414
1414
1414
54
1414
1414
54
1414
1414
1414
1414
1414
1414
54
1414
54
1414
1414
1414
54
1414
1414
1414
1414
1414
1414
54
1414
54
1414
1414
1414
1414
1414
54
1414
54
1414
1414
1414
1414
1414
1414
1414
54
1414
54
1414
1414
1414
1414
1414
1414
1414
54
1414
1414
1414
1414
1414
54
1414
1414
1414
1414
1414
1414
54
1414
1414
1414
1414
1414
1414
1414
54
1414
54
1414
1414
1414
1414
54
1414
1414
1414
54
1414
54
1414
1414
54
1414
1414
1414
1414
1414
54
1414
1414
1414
54
1414
1414
54
1414
1414
1414
1414
1414
54
1414
54
1414
1414
1414
1414
54
1414
1414
54
1414
1414
54
1414
1414
54
1414
1414
1414
1414
1414
1414
1414
54
1414
54
1414
1414
1414
1414
1414
54
459
1414
1414
54
1414
699
1414
1414
1414
1414
54
1414
1414
955
1414
54
1414
1414
1414
54
1414
1414
54
1414
1414
54
1414
155
1414
1414
54
1414
1414
537
54
54
60
60
60
459
54
1332
1414
1414
1414
1414
1414
1414
54
1414
1414
1414
54
1414
54
1414
1414
54
1414
1414
1414
54
1414
54
1414
1414
1414
1414
1414
54
1414
54
1414
1414
1414
1414
1414
1414
54
1414
1414
1414
1414
1414
1414
1414
54
1414
1414
54
1414
54
1414
1414
1414
1414
1414
1414
1414
54
1414
1414
54
1414
54
1414
1414
1414
1414
1414
1414
1414
54
1414
1414
54
1414
54
1414
1414
54
1414
1414
1414
1414
1414
1414
1414
54
1414
1414
54
1414
54
1414
1414
1414
1414
1414
1414
1414
54
1414
1414
54
1414
1414
1414
1414
54
1414
1414
54
1414
54
1414
1414
1414
1414
1414
1414
54
1414
1414
1414
1414
1414
1414
54
1414
1414
1414
1414
1414
1414
1414
54
1414
54
1414
1414
54
1414
1414
1414
1414
1414
54
1414
1414
1414
1414
1414
1414
54
1414
1414
54
1414
1414
1414
1414
1414
1414
54
1414
54
1414
1414
1414
1414
1414
1414
54
1414
1414
1414
1414
1414
1414
1414
54
1414
54
1414
1414
1414
1414
1414
1414
54
1414
1414
54
1414
1414
1414
1414
1414
1414
1414
54
1414
1414
54
1414
1414
54
55
1414
1414
1414
54
1414
1414
1414
1414
54
1414
1414
1414
1414
1414
1414
1414
54
1414
54
1414
1414
1414
1414
1414
1414
1414
54
1414
54
1414
1414
54
1414
1414
54
1414
1414
54
1414
1414
54
1414
1414
1414
1414
66
54
1414
1414
1414
54
1414
54
1414
1414
54
1414
1414
1414
1414
1414
1414
1414
54
1414
54
1414
1414
54
1414
1414
1414
1414
1414
1414
54
1414
1414
1414
54
1414
1414
54
1414
1414
54
1414
54
1414
1414
1414
1414
1414
1414
54
1414
1414
1414
1414
1414
54
1414
54
1414
1414
1414
1414
54
1414
1414
1414
1414
1414
1414
54
1414
1414
1414
1414
1414
1414
1414
54
1414
54
1414
1414
1414
1414
1414
1414
54
1414
1414
1414
54
1414
54
1414
1414
1414
1414
1414
1414
54
1414
1414
1414
1414
1414
54
1414
54
1414
1414
1414
1414
54
1414
1414
1414
1414
54
1414
1414
1414
54
1414
54
1414
1414
1414
1414
1414
1414
1414
54
1414
54
1414
1414
54
1414
1414
1414
1414
54
1414
1414
1414
1414
1414
1414
1414
54
1414
54
1414
1414
1414
54
1414
1414
54
1414
54
1414
1414
1414
1414
54
1414
1414
1414
1414
54
1414
1414
1414
1414
1414
1414
1414
54
1414
54
1414
1414
54
1414
1414
54
1414
1414
1414
54
1414
54
1414
1414
1414
54
1414
54
1414
1414
54
1414
1414
54
1414
1414
1414
1414
1414
1414
1414
54
1414
1414
54
1414
1414
1414
1414
54
1414
1414
54
1414
54
1414
1414
1414
1414
1414
1414
54
1414
1414
1414
1414
1414
54
1414
54
1414
1414
54
1414
1414
54
1414
1414
1414
1414
1414
1414
1414
54
1414
54
1414
1414
1414
54
1414
54
1414
1414
1414
1414
1414
1414
1414
54
1414
54
1414
1414
1414
1414
1414
1414
1414
54
1414
1414
1414
1414
54
1414
54
1414
1414
54
1414
1414
1414
1414
54
1414
1414
1414
1414
54
1414
1414
1414
1414
1414
1414
1414
54
1414
1414
54
1414
54
1414
1414
54
1414
1414
54
1414
1414
54
1414
1414
1414
1414
54
1414
1414
1414
1414
1414
1414
1414
54
1414
54
1414
1414
54
1414
1414
54
1414
1414
1414
1414
54
1414
1414
1414
1414
54
1414
1414
54
1414
1414
54
1414
1414
54
1414
1414
1414
54
1414
54
1414
1414
1414
1414
1414
1414
54
1414
1414
1414
1414
1414
54
1414
1414
1414
1414
1414
54
1414
1414
1414
1414
1414
1414
1414
54
1414
54
1414
1414
54
1414
1414
1414
54
1414
54
1414
1414
1414
54
1414
54
1414
1414
1414
1414
1414
54
1414
1414
54
1414
1414
1414
1414
1414
54
1414
1414
1414
1414
1414
1414
54
1414
1414
54
1414
1414
54
1414
1414
54
1414
1414
1414
1414
1414
1414
1414
54
1414
54
1414
1414
54
1414
1414
1414
1414
1414
1414
1414
54
1414
54
1414
1414
1414
1414
54
1414
1414
1414
1414
1414
1414
1414
54
1414
54
1414
1414
1414
1414
1414
54
1414
54
1414
1414
1414
54
1414
1414
54
1414
54
1414
1414
54
1414
1414
1414
1414
1414
1414
54
1414
1414
1414
1414
54
1414
1414
54
1414
1414
1414
1414
1414
1414
54
1414
1414
1414
1414
1414
54
1414
54
1414
1414
54
1414
1414
1414
1414
1414
1414
54
1414
1414
1414
54
1414
54
1414
1414
1414
1414
1414
1414
1414
54
1414
54
1414
1414
1414
54
1414
1414
1414
54
1414
1414
54
1414
1414
54
1414
1414
1414
1414
1414
1414
1414
54
1414
54
1414
1414
1414
54
1414
1414
1414
1414
1414
1414
54
1414
54
1414
1414
1414
1414
1414
1414
54
1414
1414
1414
1414
1414
1414
54
1414
1414
54
1414
1414
54
1414
1414
54
1414
1414
54
1414
1414
54
1414
1414
1414
1414
1414
1414
1414
54
1414
54
1414
1414
1414
1414
1414
54
1414
54
1414
1414
1414
1414
1414
1414
54
1414
1414
1414
54
1414
54
1414
1414
54
1414
1414
1414
1414
1414
1414
1414
54
1414
54
1414
1414
1414
1414
1414
1414
1414
54
1414
54
1414
1414
1414
1414
1414
1414
1414
54
1414
54
1414
1414
1414
1414
1414
1414
1414
54
1414
54
1414
1414
1414
1414
1414
1414
1414
54
1414
54
1414
1414
1414
1414
1414
1414
1414
54
1414
54
1414
1414
54
1414
1414
1414
1414
1414
54
1414
54
1414
1414
1414
1414
54
1414
1414
54
1414
1414
1414
54
1414
54
1414
1414
1414
1414
54
1414
1414
1414
1414
54
1414
1414
1414
1414
1414
1414
1414
54
1414
1414
54
1414
54
1414
1414
1414
54
1414
54
1414
1414
1414
1414
1414
1414
1414
54
1414
54
1414
1414
1414
1414
54
1414
1414
54
1414
1414
1414
54
1414
54
1414
1414
1414
1414
1414
54
1414
1414
1414
1414
1414
1414
54
1414
54
1414
1414
1414
1414
1414
1414
1414
54
1414
54
1414
1414
1414
54
1414
54
1414
1414
1414
1414
1414
1414
1414
54
1414
54
1414
1414
54
1414
1414
1414
1414
1414
1414
54
1414
1414
54
1414
1414
1414
1414
1414
1414
54
1414
1414
1414
54
1414
1414
54
1414
1414
1414
1414
54
1414
54
1414
1414
1414
1414
1414
1414
54
1414
1414
1414
1414
1414
54
1414
1414
1414
54
1414
1414
1414
54
1414
1414
54
1414
1414
54
1414
1414
54
1414
54
1414
1414
54
1414
1414
54
1414
1414
54
1414
1414
1414
54
1414
54
1414
1414
54
1414
1414
54
1414
1414
1414
54
1414
54
1414
1414
54
1414
1414
1414
54
1414
1414
54
1414
1414
1414
1414
1414
1414
54
1414
54
1414
1414
1414
54
1414
54
1414
1414
1414
1414
1414
1414
54
1414
1414
54
1414
1414
54
1414
1414
54
1414
1414
54
1414
1414
54
1414
1414
1414
54
1414
54
1414
1414
1414
1414
1414
1414
1414
54
1414
54
1414
1414
1414
1414
54
1414
1414
1414
1414
1414
1414
1414
54
1414
54
1414
1414
1414
1414
1414
54
1414
54
1414
1414
1414
1414
1414
1414
1414
54
1414
1286
54
1414
1414
1414
182
54
1414
54
1414
1414
1414
54
1414
54
1414
1414
1414
1414
1414
54
1414
54
1414
1414
1414
1414
1414
1414
54
1414
1414
1414
1414
1414
54
1414
1414
54
1414
54
1414
1414
54
1414
1414
1414
1414
1414
1414
1414
54
1414
1414
54
1414
1414
54
1414
54
1414
1414
1414
54
1414
1414
1414
1414
1414
1414
1414
1414
1414
1414
1414
1414
1414
1414
1414
1414
1414
54
1414
1414
54
1414
1414
1414
54
1414
54
1414
54
1414
54
1414
1414
1414
1414
54
1414
1414
54
1414
1414
54
1414
1414
54
1414
1414
1414
54
1414
54
1414
1414
1414
1414
54
1414
1414
54
1414
1414
54
1414
1414
54
1414
1414
1414
54
1414
1414
54
441
100
1414
54
1414
1414
1414
54
1414
1414
54
1414
1414
54
1414
1414
54
1414
1414
54
1414
54
1414
1414
54
1414
1414
1414
1414
54
1414
1414
1414
1414
54
1414
1414
1414
1414
54
1414
1414
1414
1414
1414
1414
54
1414
1414
1414
1414
54
1414
1414
1414
1414
1414
1414
1414
54
1414
54
1414
1414
54
1414
1414
1414
54
1414
54
1414
1414
1414
1414
1414
54
1414
54
1414
1414
54
1414
1414
1414
1414
1414
54
1414
54
1414
1414
54
1414
1414
54
1414
1414
54
1414
1414
54
1414
1414
54
1414
1414
54
1414
1414
54
1414
1414
54
1414
1414
54
1414
1414
54
1414
1414
54
1414
1414
54
1414
1414
1414
54
1414
1414
54
1414
1414
54
1414
1414
54
1414
1414
54
1414
1414
54
1414
1414
54
1414
1414
54
1414
1414
1414
1414
54
1414
54
1414
1414
54
1414
1414
54
1414
1414
54
1414
1414
54
1414
1414
1414
1414
1414
1414
54
1414
1414
54
1414
1414
54
1414
1414
54
1414
1414
54
1414
1414
1414
54
1414
1414
1414
1414
54
1414
1414
54
487
1414
1414
1414
1414
54
1414
1414
1414
54
1414
54
1414
1414
1414
1414
54
1414
1414
1414
54
1414
1414
54
1414
1414
54
1414
1414
54
1414
1414
1414
1414
54
1414
1414
54
1414
1414
1414
1414
54
1414
1414
54
1414
54
1414
1414
54
1414
1414
54
1414
1414
54
1414
1414
54
1414
1414
1414
1206
54
1414
1414
54
1414
1414
54
1414
1414
1414
54
1414
54
1414
1414
1414
1414
54
1414
1414
1414
262
1414
1414
54
1414
1414
54
1414
1414
1414
1414
1414
54
1414
54
1414
1414
54
1414
1414
54
1414
1414
54
1414
1414
54
1414
1414
1414
1414
1414
1414
1414
54
1414
54
1414
1414
1414
54
1414
54
1414
1414
1414
54
1414
1414
1414
54
1414
1414
54
1414
1414
1414
1414
1414
1414
1414
54
1414
54
1414
1414
54
1414
1414
54
1414
1414
1414
54
1414
1414
1414
1414
1414
54
1414
1414
1414
1414
1414
1414
1414
54
1414
54
1414
1414
1414
1414
1414
1414
1414
54
1414
54
1414
1414
1414
54
1414
1414
54
1414
54
1414
1414
1414
1414
54
1414
1414
54
1414
1414
1414
1414
1414
1414
54
1414
1414
1414
1414
1414
1414
1414
54
1414
54
1206
1414
1414
60
1414
134
60
100
1414
54
1414
1414
1414
1414
1414
1414
54
1414
1414
1414
128
92
100
54
54
1414
182
54
100
1414
54
1366
1414
1414
1414
1414
1414
1414
54
1414
54
1414
1414
1414
54
1414
1414
54
1414
54
1414
1414
54
1414
1334
1414
54
1414
1414
1414
182
1414
1414
54
1414
54
1414
1414
1414
66
1414
1414
54
1414
54
1414
1414
54
1414
1414
1414
54
1414
1414
1414
1414
1414
54
1414
1414
1414
1414
1414
1414
1414
54
1414
54
1414
1414
1414
1414
1414
1414
1414
54
1414
1414
1414
1414
1414
54
1414
1414
1414
1414
54
1414
1414
1414
54
1414
54
1414
1414
1414
1414
1414
1414
1414
54
1414
54
1414
1414
1414
548
54
60
55
66
309
100
60
100
201
277
54
388
1414
407
66
66
54
257
60
60
1414
1414
1414
70
168
54
345
107
104
96
1112
255
348
110
96
54
92
60
92
60
54
60
60
55
66
348
392
100
54
100
163
685
1332
1414
1414
1414
54
1414
54
1414
1414
1414
1414
54
1414
1414
1414
1414
54
1414
1414
1414
1414
1414
1414
54
1414
1414
1414
1414
1414
1414
54
1414
1414
1414
1414
54
1414
1414
1414
54
1414
1414
1414
1414
1414
1414
54
1414
54
1414
1414
1414
60
1414
54
1414
1414
1414
1414
54
1414
1414
1414
1414
54
1414
1414
1414
54
1414
54
1414
1414
1414
1414
1414
1414
54
1414
1414
1414
1414
1414
1414
1414
54
1414
54
1414
1414
1414
1414
54
1414
1414
1414
1414
54
1414
1414
54
1414
1414
1414
1414
1414
1414
1414
54
1414
54
1414
1414
1414
1414
1414
54
1414
1414
1414
1414
54
1414
54
1414
1414
1414
1414
1414
1414
54
1414
1414
54
1414
1414
1414
1414
54
1414
1414
54
1414
1414
1414
1414
1414
1414
1414
54
1414
54
1414
1414
54
1414
1414
1414
1414
1414
1414
1414
54
1414
54
1414
1414
54
1414
1414
1414
1414
54
1414
1414
1414
54
1414
1414
54
1414
1414
1414
1414
1414
54
1414
1414
1414
54
1414
54
1414
1414
54
1414
1414
54
1414
1414
1414
1414
1414
1414
54
1414
1414
54
1414
1414
1414
54
1414
1414
1414
54
1414
1414
54
1414
1414
1414
1414
1414
1414
1414
54
1414
54
1414
1414
1414
1414
1414
54
1414
54
1414
1414
54
1414
1414
1414
1414
1414
1414
54
1414
1414
54
1414
1414
1414
1414
1414
1414
54
1414
1414
1414
1414
1414
1414
1414
54
1414
54
1414
1414
1414
1222
1414
1414
1414
54
1414
54
1414
134
1414
1414
54
1414
1414
166
54
60
1414
1414
1414
1414
1414
54
1414
60
1414
1414
1414
1414
1414
1414
54
1414
1414
54
1414
1414
54
1414
1414
1414
1414
54
1414
54
1414
1414
54
1414
1414
1414
1414
1414
1414
1414
54
1350
54
1414
1414
1414
1414
1414
54
1414
54
1414
1414
1414
1414
1414
1414
54
1414
1414
1398
54
134
54
1414
1414
1414
1414
1414
54
1414
54
1414
1414
1414
54
1414
1414
54
1414
1414
1414
1414
1414
54
1414
1414
1414
1414
1414
1206
1414
54
262
54
1414
1414
1414
1414
1414
1414
1414
54
1190
54
1414
1414
1414
1414
1414
1414
1414
54
1414
54
1414
1414
1414
1414
54
1414
1414
1414
54
278
54
1414
1414
54
1414
1414
54
1414
1414
1414
1414
1414
1398
1414
54
1414
54
1414
1382
54
1414
1414
54
1414
1414
1414
1414
1414
54
1414
54
1414
102
1414
1414
54
1414
1414
54
1414
1414
1414
1414
1414
54
1414
54
1414
1414
1414
1414
1398
1414
1414
54
1414
54
1414
1414
1414
54
1414
54
1414
70
54
1414
1414
54
1414
1414
1414
1414
54
1414
1414
54
1414
1414
1414
54
1414
54
1414
1414
54
1414
1414
1414
1414
1414
1414
1414
54
1414
54
1414
1414
1414
1414
1414
1414
54
1414
1414
1414
54
1414
54
1414
1414
1414
54
1414
54
1414
1414
1414
54
1414
1414
1414
1414
1414
54
1414
1414
54
1414
1414
1414
1414
1414
1414
54
1414
1414
1414
1414
54
1414
1414
1414
1414
1414
1414
1414
54
1414
54
1414
1414
1414
54
1414
1414
54
1414
54
1414
1414
1414
1414
1414
54
1414
1414
1414
1414
1414
54
1414
1414
54
1414
1414
1414
1414
1414
1414
54
1414
1414
54
1414
1414
1414
1414
1414
1414
54
1414
1414
1414
1414
1414
1414
1414
54
1414
54
1414
1414
1414
54
1414
1414
54
1414
1414
1414
54
1414
1414
54
1414
1414
1414
1414
1414
1414
54
1414
1414
1414
1414
1414
1414
1414
54
1414
1414
54
1414
54
1414
1414
1414
54
1414
54
1414
1414
1414
1414
1414
1414
1414
54
1414
54
1414
1414
1414
54
1414
1414
1414
54
1414
1414
54
1414
1414
54
1414
1414
54
1414
1414
1414
1414
1414
1414
1414
54
1414
54
1414
1414
1414
1414
1414
1414
54
1414
1414
54
1414
1414
1414
1414
1414
1414
1414
54
1414
54
1414
1414
1414
1414
54
1414
1414
1414
1414
1414
54
1414
54
1414
1414
1414
1414
1414
54
1414
54
1414
1414
54
1414
1414
54
1414
1414
1414
1414
1414
1414
1414
1414
54
1414
1414
1414
54
1414
1414
1414
1414
1414
54
1414
1414
54
1414
1414
1414
1414
1414
1414
54
1414
1414
1414
1414
54
1414
1414
1414
1414
1414
1414
1414
54
1414
54
1414
1414
54
1414
1414
1414
1414
1414
1414
54
1414
1414
1414
1414
1414
1414
1414
1414
54
1414
1414
54
1414
1414
1414
54
1414
1414
1414
54
1414
1414
1414
1414
1414
1414
54
1414
1414
1414
1414
1414
1414
1414
54
1414
54
1414
1414
1414
1414
1414
54
1414
54
1414
1414
54
1414
1414
1414
1414
54
1414
1414
1414
1414
54
1414
1414
54
1414
1414
1414
1414
1414
1414
1414
54
1414
54
1414
1414
54
1414
1414
54
1414
1414
54
1414
1414
1414
1414
1414
1414
1414
54
1414
54
1414
1414
54
1414
1414
1414
54
1414
54
1414
1414
1414
1414
1414
1414
54
1414
1414
1414
1414
54
1414
1414
1414
1414
1414
1414
54
1414
1414
1414
54
1414
54
1414
1414
1414
1414
54
1414
1414
54
1414
1414
54
1414
1414
1414
1414
1414
1414
1414
54
1414
54
1414
1414
54
1414
1414
1414
1414
1414
54
1414
1414
54
1414
54
1414
1414
1414
54
1414
1414
1414
1414
54
1414
54
1414
1414
1414
1414
1414
1414
1414
54
1414
54
1414
1414
1414
54
1414
1414
1414
1414
1414
54
1414
1414
1414
54
1414
1414
54
1414
54
1414
1414
54
1414
1414
1414
1414
1414
1414
54
1414
1414
54
1414
1414
1414
1414
1414
1414
54
1414
1414
1414
1414
54
1414
1414
54
1414
1414
1414
1414
1414
1414
54
1414
1414
1414
1414
54
1414
1414
1414
54
1414
1414
54
1414
54
1414
1414
1414
1414
1414
54
1414
54
1414
1414
54
1414
1414
54
1414
1414
1414
1414
1414
54
1414
54
1414
1414
1414
1414
1414
54
1414
54
1414
1414
1414
1414
1414
1414
1414
54
1414
54
1414
1414
1414
1414
1414
1414
54
1414
1414
1414
1414
1414
1414
1414
54
1414
54
1414
1414
1414
1414
1414
1414
54
1414
1414
1414
1414
1414
1414
54
1414
1414
1414
1414
1414
54
1414
54
1414
1414
1414
1414
1270
54
1414
54
1414
1414
1414
1414
54
1414
1414
198
1414
1414
1414
1414
54
1414
54
1414
1414
54
1414
1414
1414
1414
1414
1414
54
1414
1414
1414
54
1414
1414
1414
1350
1414
1414
54
1414
118
54
1414
54
1414
1414
54
1414
1414
54
1414
1414
54
1414
1414
54
1414
1414
54
1414
1414
1414
54
1414
1414
54
1414
54
1414
1414
1414
54
1414
54
1414
1414
54
1414
1414
54
1414
1414
54
1414
1414
54
1414
1414
54
1414
1414
54
1414
1414
54
1414
1414
54
1414
1414
54
1414
1414
1414
1414
54
1414
1414
1414
54
1414
1414
54
1414
1414
54
1414
1414
54
1414
1414
54
1414
1414
54
1414
1414
1414
1414
1414
1414
54
1414
54
1414
1414
1414
54
1414
1414
54
1414
54
1414
1414
54
1414
1414
54
1414
1350
54
1414
1414
1414
1414
54
1414
1414
54
1414
1382
1414
1414
1414
1414
54
1414
1414
54
1414
1414
54
1414
150
1414
54
1414
54
1414
1414
1414
1414
54
1414
1414
54
1414
1414
54
1414
1414
54
1414
1414
54
1414
1414
54
1414
1414
1414
1414
54
1414
1414
1414
1414
1414
54
1414
54
1414
1414
1414
54
1414
1414
54
1414
1414
54
1414
1414
54
1414
54
1414
1414
1414
54
1414
1414
54
1414
1414
54
1414
54
1414
1414
54
1414
1414
54
1414
1414
54
1414
1414
54
1414
1414
54
1414
1414
54
1414
1414
54
1414
1414
1414
962
54
155
507
100
54
100
100
66
100
60
66
527
60
128
92
100
54
100
100
60
66
55
66
55
66
55
66
1332
1414
1414
1414
1414
54
1414
1414
54
1414
1414
54
1414
1414
54
1414
1414
54
1414
1414
54
1414
1414
54
1414
1414
54
1414
1414
54
1414
1414
54
1414
1414
54
1414
1414
54
1414
1414
54
1414
1414
1414
1414
1414
54
1414
1414
54
1414
1414
54
1414
1414
54
1414
54
1414
1414
1414
1414
1414
1414
1414
54
1414
54
1414
1414
1414
54
1414
54
1414
1414
1414
1414
54
1414
1414
1414
1414
1414
54
1414
54
1414
1414
1414
1414
1414
1414
1414
54
1414
54
1414
1414
1414
1414
1414
1414
54
1414
1414
54
1414
1414
54
1414
1414
54
1414
1414
1414
54
1414
1414
1414
54
1414
1414
1414
1414
1414
1414
54
1414
1414
54
1414
1414
1414
1414
1414
1414
54
1414
1414
1414
1414
1414
1414
54
1414
1414
54
1414
1414
1414
1414
1414
1414
54
1414
1414
1414
1414
1414
1414
1414
54
1414
54
1414
1414
54
1414
1414
1414
1414
1414
1414
54
1414
1414
54
1414
1414
1414
1414
1414
1414
54
1414
1414
1414
1414
54
1414
1414
1414
54
1414
54
1414
1414
1414
54
1414
54
1414
1414
54
1414
1414
1414
1414
54
1414
1414
54
1414
1414
54
1414
1414
54
1414
1414
1414
54
1414
54
1414
1414
54
1414
1414
1414
1414
1334
1414
54
1414
1414
1414
1414
1414
1414
54
1414
1414
1414
54
1414
1414
1414
54
1414
1414
54
1414
1414
134
54
1414
1414
1414
1414
54
1414
1414
1414
54
1414
1414
1414
1414
1414
54
1414
54
1414
1414
1414
1414
1414
1414
1414
54
1414
54
1414
1414
1414
1414
1414
1398
54
1414
1414
54
1414
1414
1414
54
1414
54
1414
1414
1414
1414
54
1414
1414
1414
1414
1414
1414
1414
54
1414
54
1414
70
1414
54
1414
1414
54
1414
1414
54
1414
1414
1414
1414
54
1414
54
1414
1414
54
1414
1414
54
1414
1414
1414
1414
1414
54
1414
54
1414
1414
54
1414
1414
54
1414
1414
1414
54
1414
54
1414
1414
54
1414
1414
1414
1414
1414
1414
54
1414
1414
1414
1414
1414
1414
1414
54
1414
54
1414
1414
1414
1414
1414
1414
54
1414
1414
1414
1414
54
1414
1414
1414
1414
1190
1414
1414
54
1414
54
134
1414
54
1414
134
1414
1318
54
1414
134
1414
1414
134
1414
54
1414
1414
1414
1414
1414
1414
54
1414
1414
1414
1414
1414
1414
54
1414
1414
54
1414
1414
54
1414
1414
1414
1414
1414
1414
54
1414
1414
1414
1414
1414
1174
1414
54
1414
54
198
1414
1414
134
54
1414
1414
54
1414
1414
1414
1414
54
1414
1414
1414
1414
1414
1414
1414
54
70
1414
54
1414
54
1414
1414
1414
1414
1414
1414
54
1414
1414
1414
1414
1414
1414
1414
54
1414
54
1414
1414
1414
1414
1414
1414
1414
54
1414
54
1382
1414
1414
54
1414
1414
1414
1414
54
1414
54
1414
1414
1414
1414
1414
1414
54
1414
1414
1414
1414
1334
54
1414
54
1414
1414
166
1414
54
1302
1414
54
1318
1414
1414
1414
54
55
1414
1414
54
1414
1414
1414
1414
54
1414
1414
1414
1414
1414
54
1414
1414
54
1414
1414
54
1414
54
262
1414
54
1414
1414
1414
1414
1414
1414
54
1414
1414
54
1414
1414
54
1414
1414
54
1414
1414
1414
1414
54
1414
1414
54
1414
1414
1414
1414
1414
1414
1414
54
1414
1414
1414
1414
1414
1414
54
1414
54
1414
1414
54
1414
1414
1414
1414
1414
1414
1414
54
1414
54
1414
1414
54
1414
1414
1414
1414
1414
1414
54
1414
1414
1414
1414
1414
1414
1414
54
1414
54
1414
1414
1414
54
1414
54
1414
66
1414
1414
1414
54
1414
1414
54
1414
1414
1414
1414
1414
1414
1414
54
1414
54
1414
1414
1414
1414
54
1414
1414
1414
1414
1414
1414
54
1414
1414
54
1414
1414
1414
1414
1414
1414
1414
54
1414
54
1414
1414
1414
1414
1414
1414
54
1414
1414
1414
54
1414
54
1414
1414
1414
1414
1414
54
1414
54
1414
1414
1414
1414
1414
54
1414
54
1414
1414
1414
54
1414
54
1414
1414
1414
1414
1414
1414
54
1414
1414
54
1414
1414
1414
1414
1414
1414
1414
54
1414
54
1414
1414
1414
54
1414
54
1414
1414
1414
1414
1414
1414
1414
54
1414
54
1414
1414
54
1414
1414
1414
1414
1414
1414
54
1414
1414
1414
1414
1414
1414
1414
54
1414
54
1414
1414
1414
54
1414
54
1414
1414
1414
1414
1414
54
1414
54
1414
1414
1414
1414
1414
1414
54
1414
1414
54
1414
1414
54
1414
1414
1414
54
1414
54
1414
1414
1414
1414
1414
1414
1414
54
1414
54
1414
1414
1414
1414
1414
1414
1414
54
1414
54
1414
1414
1414
1414
1414
1414
1414
54
1414
54
1414
1414
1414
1414
1414
1414
1414
54
1414
1414
54
1414
1414
1414
1414
1414
1414
54
1414
54
1414
1414
1414
1414
1414
1414
54
1414
1414
1414
1414
1414
1414
1414
54
1414
54
1414
1414
1414
1414
1414
54
1414
54
1414
1414
1414
1414
1414
54
1414
1414
54
1414
54
1414
1414
1414
1414
1414
1414
54
1414
1414
1414
1414
1414
1414
1414
54
1414
54
1414
1414
1414
1414
1414
1414
1414
54
1414
54
1414
1414
1414
1414
1414
1414
54
1414
1414
1414
1414
1414
1414
1414
54
1414
54
1414
1414
1414
1414
1414
1414
54
1414
1414
1414
1414
1414
1414
1414
54
1414
54
1414
1414
1334
1414
1414
1414
1414
54
1414
54
1414
1414
1350
1414
1414
198
1414
1414
54
1350
1414
1414
1414
1414
54
1414
1414
1414
1414
1414
1414
54
1414
54
1414
1414
1414
54
1414
1414
1414
54
1414
1414
54
1414
118
1414
1414
1414
1414
1414
54
1414
54
1414
1414
1414
1414
54
1414
1414
1414
1414
1414
1414
1414
54
1414
54
1414
1414
54
1414
1414
1414
54
1414
54
1414
1414
1414
1414
1414
1414
1414
54
1414
54
1414
1414
54
1414
1414
1414
54
1414
54
1414
1414
1414
54
1414
1414
54
1414
54
1414
1414
1414
1414
1414
54
1414
1414
1414
1414
1414
1414
54
1414
54
1414
1414
1414
1414
1414
1414
1414
54
1414
1414
54
1414
1414
1414
1414
1414
1414
54
1414
54
1414
1414
1414
1414
1414
1414
54
1414
1414
1414
1414
1414
1414
1414
54
1414
54
1414
1414
1414
1414
1414
1414
1414
1414
1414
54
1414
54
1414
1414
1414
54
1414
54
1414
1414
1414
1414
1414
1414
1414
54
1414
54
1414
1414
54
1414
1414
54
1414
1414
1414
54
1414
54
1414
1414
1414
1414
54
1414
1414
1414
1414
54
1414
1414
1414
1414
1414
1414
1414
54
1414
54
1414
1414
1414
1414
54
1414
1414
1414
1414
1414
1414
54
1414
1414
54
1414
1414
54
1414
1414
54
1414
1414
1414
1414
1414
1414
54
1414
1414
1414
1414
1414
1414
1414
54
1414
1414
1414
1414
1414
54
1414
1414
54
1414
1414
54
1414
1414
1414
1414
54
1414
1414
1414
1414
54
1414
1414
1414
1414
1414
54
1414
54
1414
1414
54
1414
1414
1414
1414
1414
54
1414
1414
54
1414
1414
1414
1414
54
1414
54
1414
1414
1414
1414
1414
54
1414
54
1414
1414
54
1414
1414
54
1414
1414
1414
1414
1414
54
1414
54
1414
1414
1414
1414
54
1414
1414
54
1414
1414
1414
1414
1414
1414
1414
54
1414
1414
54
1414
54
1414
1414
54
1414
1414
54
1414
1414
1414
1414
1414
1414
54
1414
1414
1414
1414
1414
54
1414
54
1414
1414
54
1414
1414
54
1414
1414
1414
54
1414
1414
1414
1414
54
1414
1414
1414
54
1414
1414
54
1334
1414
1414
1414
54
1414
1414
1414
1414
1414
1414
1414
54
1414
1414
54
1414
54
134
1414
1414
1242
54
55
66
55
66
1332
1414
1414
1414
1414
1414
1414
54
1414
1414
54
1414
1414
1414
54
1414
54
1414
1414
54
1414
1414
1414
54
1414
54
1414
1414
1414
1414
1414
1414
54
1414
1414
1414
1414
54
1414
1414
1414
54
1414
54
1414
1414
54
1414
1414
1414
54
1414
54
1414
1414
1414
1414
1414
1414
54
1414
1414
1414
1414
1414
1414
1414
54
1414
54
1414
1414
54
1414
1414
1414
1414
54
1414
1414
1414
1414
1414
54
1414
54
1414
1414
1414
1414
1414
1414
1414
54
1414
54
1414
1414
1414
1414
1414
1414
1414
54
1414
54
1414
1414
1414
54
1414
1414
54
1414
1414
1414
1414
1414
1414
54
1414
54
1414
1414
54
1414
1414
1414
1414
54
1414
1414
1414
1414
1414
54
1414
54
1414
1414
1414
54
1414
54
1414
1414
1414
54
1414
1414
1414
1414
1414
1414
1414
54
1414
1414
54
1414
1414
1414
54
1414
1414
1414
1414
1414
54
1414
1414
1414
54
1414
1414
1414
1414
54
1414
54
1414
1414
54
1414
1414
1414
1414
1414
1414
1414
54
1414
54
1414
1414
1414
1414
1414
1414
1414
54
1414
54
1414
1414
54
1414
1414
54
1414
1414
1414
1414
54
1414
1414
1414
1414
1414
54
1414
54
1414
1414
1414
54
1414
54
1414
1414
1414
54
1414
54
1414
1414
1414
1414
1414
1414
54
1414
1414
54
1414
1414
54
1414
1414
1414
1414
1414
1414
1414
54
1414
1414
1414
54
1414
1414
54
1414
1414
54
1414
1414
54
1414
1414
54
1414
1414
54
1414
1414
1414
54
1414
54
1414
1414
54
1414
1414
54
1414
1414
1414
1414
1414
1414
54
1414
1414
1414
54
1414
1414
1414
1414
54
1414
54
1414
1414
1414
1414
1414
1414
54
1414
1414
1414
1414
54
1414
1414
1414
1414
1414
1414
1414
66
66
66
1414
66
1414
66
1414
1414
1414
1414
1414
1414
66
66
66
66
66
66
1414
66
1414
1414
1414
1414
1414
66
66
66
66
66
1414
66
1414
1414
1414
1414
66
66
66
66
1414
66
1414
1414
1414
1414
66
66
66
66
1414
66
1414
1414
66
66
1414
66
1414
66
1414
1414
1414
1414
66
66
66
66
1414
66
1414
1414
1414
1414
1414
66
66
66
66
66
1414
66
1414
1414
1414
1414
66
66
66
66
1414
66
1414
1414
66
66
1414
66
1414
1270
1414
66
66
66
1414
66
1414
1414
1414
1414
1414
66
66
66
66
66
1414
66
198
66
1414
1414
1414
1414
66
66
66
66
1414
66
1414
66
1414
66
1414
66
1270
1414
1414
66
66
66
1414
1414
66
66
1414
66
1414
66
1414
66
1414
66
1318
66
1414
1414
66
66
1414
66
1414
1414
66
66
294
66
1414
1414
1414
66
66
66
1414
66
1414
66
1414
66
1414
66
1350
1414
1414
1238
66
66
66
66
1414
66
1414
66
1414
1414
1414
134
1414
1414
1414
66
66
66
66
66
66
66
1414
66
1414
66
1414
1414
214
66
66
66
1414
1414
66
66
1414
66
1414
66
1414
66
1414
66
1414
66
1414
66
1414
66
1414
66
1414
66
1414
66
1414
66
1414
1414
1398
1414
1414
1414
66
66
66
66
66
66
1414
1414
1414
66
66
66
1414
70
66
66
1414
66
1414
66
1414
66
1414
1414
66
66
1414
66
1414
66
1414
1414
1414
1414
1414
1414
66
66
66
66
54
1414
54
1414
54
1414
1414
1414
1414
54
1414
1414
1414
1414
1414
1414
54
1414
54
1414
1414
1414
1414
1414
1414
54
1414
1414
54
1414
1414
1414
1414
1414
1414
1414
54
1414
54
1414
1414
1414
54
1414
54
1414
1414
1414
1414
54
1414
1414
54
1414
1414
1414
1414
54
1414
1414
54
1414
1414
54
1414
1414
1414
1414
54
1414
1414
1414
1414
1414
1414
1414
54
1414
54
1414
1414
1414
54
1414
54
1414
1414
1414
1414
1414
1414
1414
54
1414
54
1414
1414
1414
1414
1414
1414
1414
54
1414
54
1414
1414
1414
1414
1414
1414
1414
54
1414
54
1414
1414
1414
1414
1414
1414
54
1414
1414
54
1414
1414
1414
1414
1414
1414
54
1414
1414
54
1414
1414
1414
1414
1414
1414
54
1414
1414
1414
1414
1414
1414
1414
54
1414
1414
54
1414
54
1414
1414
1414
1414
1414
1414
54
1414
1414
1414
1414
1414
1414
1414
54
1414
54
1414
1414
1414
1414
1414
1414
54
1414
1414
54
1414
1414
1414
1414
1414
54
1414
54
1414
1414
1414
1414
1414
1414
1414
54
1414
54
1414
1414
1414
1414
1414
1414
1414
54
1414
54
1414
1414
1414
1414
1414
1414
54
1414
1414
1414
1414
1414
1414
54
1414
1414
1414
1414
1414
1414
1414
54
1414
1414
1414
54
1414
1414
1414
1414
1414
1414
54
1414
1414
54
1414
1414
54
1414
1414
1414
1414
54
1414
1414
1414
1414
1414
1414
1414
54
1414
54
1414
1414
1414
1414
1414
1414
54
1414
1414
1414
54
1414
1414
54
1414
1414
54
1414
1414
1414
1414
54
1414
1414
1414
1414
1414
54
1414
1414
1414
1414
1414
1414
1414
54
1414
54
1414
1414
54
1414
1414
1414
54
1414
54
1414
1414
1414
1414
54
1414
1414
1414
1414
1414
1414
1414
54
1414
54
1414
1414
1414
1414
1414
1414
54
1414
1414
54
1414
1414
54
1414
1414
1414
1414
54
1414
1414
1414
54
1414
1414
54
1414
1414
1414
1414
1414
1414
54
1414
54
1414
1414
1414
1414
1414
1414
1414
54
1414
54
1414
1414
54
1414
1414
1414
1414
1414
1414
1414
54
1414
54
1414
1414
1414
1414
1414
1414
54
1414
1414
1414
1414
1414
54
1414
54
1414
1414
54
1414
1414
54
1414
1414
1414
1414
1414
1414
1414
54
1414
54
1414
1414
1414
1414
54
1414
1414
54
1414
1414
1414
1414
1414
1414
1414
54
1414
54
1414
1414
1414
1414
1414
54
1414
54
1414
1414
1414
1414
1414
1414
54
1414
1414
1414
1414
1414
1414
1414
54
1414
54
1414
1414
1414
1414
54
1414
1414
1414
54
1414
54
1414
1414
1414
54
1414
1414
1414
1414
54
1414
1414
1414
1414
1414
54
1414
1414
1414
1414
54
1414
1414
54
1414
1414
1414
1414
1414
1414
1414
54
1414
54
1414
1414
54
1414
1414
54
1414
1414
1414
1414
1414
1414
1414
54
1414
54
1414
1414
1414
1414
1414
54
1414
54
1414
1414
1414
1414
1414
54
1414
54
1414
1414
1414
54
1414
54
1414
1414
1414
1414
1414
1414
1414
54
1414
54
1414
1414
1414
1414
54
1414
1414
1414
1414
1414
1414
1414
54
1414
1414
54
1414
1414
1414
1414
1414
1414
54
1414
54
1414
1414
54
1414
1414
1414
1414
1414
1414
54
1414
1414
1414
1414
1414
54
1414
1414
54
1414
1414
54
1414
54
1414
1414
1414
1414
1414
1414
54
1414
1414
1414
1414
54
1414
1414
1414
1414
1414
1414
54
1414
1414
1414
1414
1414
1414
54
1414
1414
54
1414
1414
1414
1414
1414
1414
1414
54
1414
1414
54
1414
54
1414
1414
1414
54
1414
1414
1414
54
1414
1414
54
1414
1414
1414
54
1414
1414
1414
1414
54
1414
1414
1414
1414
54
1414
54
1414
1414
1414
54
1414
54
1414
1414
1414
1414
1414
1414
54
1414
1414
54
1414
1414
1414
54
1414
54
1414
1414
1414
1414
1414
1414
1414
54
1414
54
1414
1414
54
1414
1414
1414
1414
54
1414
1414
1414
54
1414
1414
1414
1414
54
1414
54
1414
1414
54
1414
1414
1414
1414
1414
1414
1414
54
1414
54
1414
1414
1414
1414
1414
1414
54
1414
1414
1414
1414
1414
1414
1414
54
1414
54
1414
1414
1414
1414
1414
1414
54
1414
1414
1414
1414
1414
1414
54
1414
1414
54
1414
1414
54
1414
1414
54
1414
1414
1414
1414
1414
1414
54
1414
1414
54
1414
1414
54
1414
1414
54
1414
1414
1414
1414
1414
1414
1414
54
1414
54
1414
1414
1414
54
1414
54
1414
1414
1414
1414
1414
54
1414
1414
1414
54
1414
1414
54
1414
1414
1414
1414
1414
1414
1414
54
1414
54
1414
1414
1414
1414
1414
1414
54
1414
1414
54
1414
1414
1414
1414
1414
70
54
55
66
55
66
1329
1414
1414
1414
1414
1414
1414
54
1414
1414
1414
1414
1414
1414
54
1414
1414
1414
1414
1414
1414
1414
54
1414
54
1414
1414
1414
1414
1414
1414
1414
54
1414
54
1414
1414
1414
1414
1414
1414
1414
54
1414
1414
1414
1414
1414
54
1414
1414
1414
54
1414
1414
1414
1414
1414
1414
54
1414
54
1414
1414
54
1414
1414
1414
1414
1414
54
1414
1414
54
1414
1414
1414
1414
54
1414
54
1414
1414
1414
54
1414
54
1414
1414
1414
1414
1414
1414
54
1414
1414
1414
54
1414
54
1414
1414
1414
54
1414
54
1414
1414
1414
1414
1414
1414
54
1414
1414
1414
1414
1414
54
1414
54
1414
1414
54
1414
1414
1414
1414
1414
1414
54
1414
1414
54
1414
1414
1414
54
1414
1414
1414
1414
1414
54
1414
1414
1414
54
1414
54
1414
1414
54
1414
1414
1414
1414
1414
54
1414
54
1414
1414
1414
54
1414
54
1414
1414
1414
1414
1414
1414
54
1414
1414
1414
1414
1414
1414
54
1414
1414
1414
1414
1414
1414
1414
54
1414
1414
54
1414
1414
54
1414
1414
54
1414
54
1414
1414
1414
1414
1414
54
66
1414
1414
1414
1414
1414
54
1414
54
1414
1414
1414
1414
1414
1414
54
1414
1414
1414
54
1414
54
1414
1414
1414
1414
1414
1414
54
1414
1414
1414
1414
1414
1414
54
1414
1414
1414
1414
1414
54
1414
54
1414
1414
1414
1414
1414
54
1414
54
1414
1414
1414
1414
54
1414
1414
54
1414
1414
1414
1414
1414
54
1414
1414
1414
1414
1414
1414
54
1414
54
1414
1414
54
1414
1414
1414
1414
1414
54
1414
1414
1414
1414
1414
54
1414
1414
1414
1414
1414
54
559
54
559
66
66
54
1332
571
60
205
1414
1414
1414
1414
54
1414
270
1414
1414
1414
54
1414
1414
54
1414
1414
54
1414
1414
1414
1414
1414
54
1414
54
1414
1414
54
1414
1414
54
1414
1414
1414
54
1414
54
1414
1414
1414
54
1414
54
1414
1414
54
1414
1414
1414
1414
1414
1414
1414
54
1414
54
1414
1414
54
1414
1414
1414
1414
54
1414
1414
1414
54
1414
1414
1414
1414
54
1414
1414
1414
1414
1414
1414
54
1414
54
1414
1414
1414
1414
1414
1414
54
1414
1414
54
1414
1414
1414
1414
1414
1414
1414
54
1414
1414
54
1414
54
1414
1414
1414
1414
54
1414
1414
1414
1414
54
1414
1414
1414
1414
1414
1414
54
1414
1414
1414
54
1414
1414
1414
1414
1414
1414
54
1414
1414
54
1414
1414
1414
1414
54
1414
54
1414
1414
1414
1414
1414
54
1414
54
1414
1414
1414
1414
1414
54
1414
54
1414
1414
1414
54
1414
1414
54
1414
54
1414
1414
1414
1414
1414
54
1414
54
1414
1414
1414
1414
1414
54
1414
1414
54
1414
54
1414
54
1414
1414
1414
1414
1414
1414
1414
54
1414
1414
54
60
1414
1414
1414
1414
1414
1414
1414
54
1414
1414
54
1414
1414
1414
1414
1414
54
1414
54
1414
1414
1414
54
1414
1414
1414
1414
1414
1414
54
1414
54
1414
1414
1414
1414
1414
54
1414
54
1414
1414
54
1414
1414
1414
1414
1414
54
1414
54
1414
1414
1414
1414
1414
1414
54
1414
1414
1414
1414
1414
54
1414
54
1414
1414
1414
1414
1414
54
1414
1414
54
1414
54
1414
1414
54
1414
1414
1414
1414
1414
54
1414
54
1414
1414
1414
54
1414
1414
1414
54
1414
1414
1414
1414
1414
1414
1414
54
1414
54
1414
1414
1414
54
1414
54
1414
1414
1414
54
1414
54
1414
1414
1414
54
1414
1414
1414
54
1414
1414
54
1414
1414
1414
1414
54
1414
1414
1414
54
1414
54
1414
1414
54
1414
1414
1414
1414
54
1414
1414
54
1414
1414
54
1414
1414
1414
54
1414
54
1414
1414
1414
1414
1414
1414
54
1414
1414
1414
1414
1414
1414
1414
54
1414
54
1414
1414
54
1414
1414
54
1414
1414
54
1414
1414
1414
1414
1414
1414
1414
54
1414
1414
1414
54
1414
1414
1414
1414
1414
1414
1414
54
1414
1414
1414
1414
54
1414
1414
1414
1414
1414
1414
54
1414
1414
54
1414
54
1414
1414
54
1414
1414
54
1414
1414
54
1414
1414
54
1414
1414
54
1414
1414
1414
54
1414
1414
1414
1414
1414
1414
54
1414
1414
1414
1414
1414
1414
1414
1414
1414
54
1414
1414
54
1414
54
1414
1414
1414
1414
1414
1414
54
1414
1414
54
1414
1414
1414
1414
1414
54
1414
54
1414
1414
1414
1414
1414
54
1414
1414
1414
1414
1414
54
1414
1414
1414
1414
54
1414
1414
54
1414
1414
1414
1414
1414
1414
1414
54
1414
54
1414
1414
1414
54
1414
54
1414
1414
1414
1414
1414
1414
1414
54
1414
54
1414
1414
1414
1414
1414
1414
1414
54
1414
54
1414
1414
1414
54
1414
1414
54
1414
54
1414
1414
1414
1414
1414
1414
1414
54
1414
54
1414
1414
54
1414
1414
54
1414
1414
1414
1414
1414
1414
1414
54
1414
54
1414
1414
1414
1414
54
1414
1414
1414
1414
1414
1414
54
1414
1414
1414
54
1414
54
1414
1414
1414
1414
1414
1414
1414
54
1414
54
1414
1414
54
1414
1414
1414
1414
1414
1414
54
1414
1414
54
1414
1414
54
1414
1414
1414
1414
1414
1414
1414
54
1414
1414
1414
1414
1414
54
1414
1414
1414
1414
1414
1414
1414
54
1414
54
1414
1414
1414
54
1414
1414
1414
1414
1414
54
1414
1414
54
1414
1414
1414
54
1414
1414
54
1414
54
1414
1414
54
1414
1414
1414
1414
1414
1414
1414
54
1414
54
1414
54
1414
1414
54
1414
1414
1414
1414
54
1414
1414
1414
54
1414
54
1414
1414
1414
1414
1414
1414
1414
54
1414
54
1414
1414
1414
1414
54
1414
1414
54
1414
1414
1414
1414
1414
1414
54
1414
1414
54
1414
1414
54
1414
1414
54
1414
1414
1414
54
1414
54
1414
1414
54
1414
1414
1414
1414
1414
1414
54
1414
1414
1414
1414
54
1414
1414
54
1414
1414
54
1414
1414
1414
1414
1414
54
1414
54
1414
1414
1414
54
1414
54
1414
1414
1414
1414
1414
1414
54
1414
1414
54
1414
1414
1414
1414
1414
54
1414
54
1414
1414
1414
54
1414
1414
1414
1414
1414
1414
54
1414
54
1414
1414
1414
1414
54
1414
1414
1414
54
1414
54
1414
1414
1414
1414
1414
1414
1414
54
1414
54
1414
1414
1414
1414
54
1414
1414
54
1414
1414
1414
1414
1414
1414
1414
54
1414
54
1414
1414
54
1414
1414
54
1414
1414
1414
1414
1414
1414
1414
54
1414
54
1414
1414
54
1414
1414
1414
54
1414
54
1414
1414
1414
54
1414
54
1414
1414
1414
1414
1414
1414
54
1414
1414
1414
1414
1414
1414
54
1414
1414
1414
1414
1414
1414
1414
54
1414
54
1414
1414
54
1414
1414
1414
1414
1414
54
1414
54
1414
1414
1414
1414
1414
54
1414
1414
1414
1414
1414
1414
54
1414
54
1414
1414
1414
1414
1414
1414
1414
54
1414
1414
54
1414
54
1414
1414
1414
1414
54
1414
1414
1414
1414
1414
1414
54
1414
1414
54
1414
1414
1414
1414
1414
54
1414
54
1414
1414
1414
1414
1414
1414
1414
54
1414
54
1414
1414
1414
1414
54
1414
1414
1414
1414
54
1414
1414
1414
1414
1414
1414
54
1414
1414
54
1414
1414
1414
1414
1414
54
1414
1414
54
1414
54
1414
1414
1414
1414
1414
54
1414
54
1414
1414
1414
1414
1414
1414
54
1414
1414
1414
1414
1414
1414
54
1414
1414
54
1414
1414
1414
1414
1414
1414
1414
54
1414
54
1414
1414
1414
1414
1414
1414
54
1414
1414
54
1414
1414
54
1414
1414
54
1414
1414
1414
1414
1414
1414
1414
54
1414
54
1414
1414
1414
1414
54
1414
1414
54
1414
1414
1414
54
1414
54
1414
1414
1414
1414
54
1414
1414
1414
1414
1414
1414
1414
54
1414
1414
54
1414
54
1414
1414
54
1414
1414
1414
1414
54
1414
1414
54
1414
1414
1414
54
1414
54
1414
54
1414
1414
1414
1414
54
1414
1414
54
1414
1414
54
1414
1414
1414
54
1414
1414
54
1414
1414
54
1414
1414
1414
1414
54
1414
1414
54
1414
1414
54
1414
1414
54
1414
1414
54
1414
1414
54
1414
1414
54
1414
1414
54
1414
1414
54
1414
1414
54
1414
1414
54
1414
1414
1414
54
1414
1414
54
1414
1414
54
1414
1414
54
1414
1414
54
1414
1414
54
1414
1414
1414
1414
1414
54
1414
54
1414
1414
1414
54
1414
1414
1414
54
1414
1414
1414
1414
1414
1414
1414
54
1414
54
1414
1414
54
1414
1414
1414
1414
1414
1414
54
1414
1414
1414
1414
54
1414
1414
1414
1414
54
1414
1414
1414
54
1414
1414
1414
1414
54
1414
54
1414
1414
1414
1414
1414
1414
54
1414
1414
1414
1414
54
1414
1414
1414
1414
1414
1414
1414
54
1414
54
1414
1414
1414
1414
54
1414
1414
1414
1414
1414
1414
1414
54
1414
54
1414
1414
1414
54
1414
54
1414
1414
54
1414
1414
1414
1414
54
1414
1414
54
1414
1414
54
1414
1414
54
1414
1414
54
1414
1414
54
1414
1414
54
1414
1414
54
1414
1414
1414
1414
54
1414
1414
1414
54
1414
1414
54
1414
54
1414
1414
1414
54
1414
54
1414
1414
1414
1414
1414
54
1414
1414
1414
54
1414
1414
54
1414
1414
54
1414
1414
54
1414
1414
54
1414
1414
54
1414
1414
54
1414
1414
1414
1414
54
1414
1414
54
1414
1414
54
1414
1414
54
1414
1414
54
1414
1414
54
1414
1414
54
1414
1414
1414
54
1414
1414
54
1414
1414
54
1414
1414
54
1414
1414
54
1414
1414
54
1414
1414
54
1414
1414
54
1414
1414
54
1414
1414
54
1414
1414
54
1414
1414
1414
54
1414
1414
54
1414
1414
54
1414
1414
54
1414
1414
54
1414
1414
1414
1414
54
1414
1414
54
1414
1414
54
1414
1414
54
1414
1414
54
1414
1414
1414
54
1414
1414
1414
1414
54
1414
1414
54
1414
1414
54
1414
1414
54
1414
1414
54
1414
1414
54
1414
1414
54
1414
1414
54
1414
1414
54
1414
1414
1414
54
1414
1414
54
1414
1414
54
1414
1414
54
1414
1414
54
1414
1414
54
1414
1414
54
1414
1414
54
1414
1414
54
1414
1414
54
1414
1414
54
1414
1414
1414
54
1414
1414
54
1414
1414
54
1414
1414
54
1414
1414
54
1414
1414
54
1414
1414
54
1414
1414
54
1414
1414
1414
1414
54
1414
1414
54
1414
54
1414
1414
1414
1414
1414
1414
54
1414
1414
54
1414
1414
54
1414
1414
54
1414
1414
1414
54
1414
54
1414
1414
1414
1414
1414
54
1414
54
1414
1414
1414
1414
1414
1414
1414
54
1414
54
1414
1414
54
1414
1414
54
1414
1414
1414
1414
1414
1414
1414
54
1414
54
1414
1414
1414
1414
1414
54
1414
54
1414
1414
1414
54
1414
54
1414
1414
1414
1414
54
1414
1414
1414
1414
54
1414
1414
54
1414
1414
1414
1414
1414
54
1414
1414
1414
1414
1414
1414
54
1414
1414
1414
54
1414
1414
1414
54
1414
54
1414
1414
1414
1414
1414
1414
1414
54
1414
54
1414
1414
54
1414
1414
54
1414
1414
1414
54
1414
54
1414
1414
1414
1414
1414
1414
54
1414
1414
1414
54
1414
1414
1414
1414
1414
54
1414
1414
1414
1414
1414
1414
1414
54
1414
54
1414
1414
1414
1414
54
1414
1414
1414
54
1414
54
1414
1414
54
1414
1414
1414
1414
1414
1414
1414
54
1414
54
1414
1414
1414
54
1414
1414
1414
54
1414
1414
1414
54
1414
1414
1414
54
1414
1414
1414
1414
1414
54
1414
54
1414
1414
1414
1414
1414
54
1414
1414
54
1414
1414
1414
1414
54
1414
54
1414
1414
54
1414
1414
54
1414
1414
1414
54
1414
54
1414
1414
1414
1414
54
1414
1414
1414
1414
1414
1414
54
1414
1414
1414
54
1414
54
1414
1414
54
1414
1414
1414
1414
54
1414
1414
1414
1414
66
1414
66
1414
66
1414
66
1414
74
1414
1414
1414
74
74
74
1414
82
1414
1414
1414
1414
1414
1414
1414
82
82
82
82
82
82
82
1414
82
1414
82
1414
1414
1414
1414
82
82
82
82
1414
82
1414
82
1414
1414
1414
1414
1414
82
82
82
82
82
1414
82
1414
1414
1414
1414
1414
82
82
82
82
82
1414
82
1414
1414
82
82
1414
82
1414
1414
1414
1414
82
82
82
82
1414
82
1414
82
1414
1414
1414
1414
82
82
82
82
1414
1414
82
82
1414
82
1414
82
1414
1414
1414
1414
1414
1414
82
82
82
82
82
82
1414
1414
82
82
1414
82
1414
82
1414
82
1414
82
1414
82
1414
82
1414
1414
1414
82
82
82
1414
82
1414
1414
1414
1414
1414
82
82
82
82
82
1414
1414
82
82
1414
1414
1414
1414
82
82
82
82
1414
82
1414
82
1414
1414
1414
82
82
82
1414
82
1414
82
1414
1414
82
82
1414
82
1414
1414
82
82
1414
1414
82
82
1414
82
1414
1414
82
82
1414
82
1414
82
1414
82
1414
82
1414
1414
82
82
1414
82
1414
82
1414
1414
82
82
1414
82
1414
82
1414
1414
82
82
1414
82
1414
82
1414
1414
1414
1414
82
82
82
82
1414
82
1414
1414
82
82
1414
1414
1414
1414
82
82
82
82
1414
82
1414
1414
82
82
1414
82
1414
1414
1414
1414
82
82
82
82
1414
82
1414
82
1414
1414
1414
82
82
82
1414
82
1414
82
1414
82
1414
1414
1414
1414
82
82
82
82
1414
82
1414
82
1414
1414
82
82
1414
82
1414
1414
1414
1414
82
82
82
82
1414
1414
82
82
1414
1414
82
82
1414
82
1414
1414
82
82
1414
82
1414
82
1414
82
1414
1414
1414
82
82
82
1414
82
1414
1414
1414
74
74
74
1414
66
1414
1414
1414
66
66
66
1414
1414
1414
1414
1414
54
54
1414
1414
54
1414
54
1414
54
54
1414
1414
1414
1414
1414
434
54
136
100
105
60
60
100
54
60
128
98
54
92
100
54
100
60
107
155
54
54
66
60
66
54
251
60
1414
1414
1414
112
54
180
1332
105
1414
1414
1414
1414
1414
1414
1414
1414
1414
54
1414
54
1414
1414
54
1414
1414
54
1414
1414
54
1414
1414
54
1414
1414
54
1414
1414
54
1414
1414
54
1414
1414
1414
1414
54
1414
1414
1414
1414
54
1414
1414
54
1414
1414
1414
1414
1414
1414
1414
54
1414
54
1414
1414
1414
1414
1414
1414
1414
54
1414
1414
1414
1414
54
1414
54
1414
1414
54
1414
1414
54
1414
1414
54
1414
1414
54
1414
1414
1414
1414
1414
54
1414
1414
1414
1414
54
1414
54
1414
1414
54
1414
1414
54
1414
1414
1414
1414
1414
54
1414
1414
54
1414
54
1414
1414
54
1414
1414
1414
54
1414
54
1414
1414
54
1414
1414
54
1414
1414
1414
1414
1414
54
1414
54
1414
1414
1414
1414
1414
54
1414
54
1414
1414
1414
1414
1414
54
1414
54
1414
1414
1414
1414
1414
54
1414
54
1414
1414
1414
1414
1414
1414
1414
54
1414
1414
1414
1414
1414
54
1414
1414
1414
1414
54
1414
1414
54
1414
1414
1414
1414
1414
54
1414
54
1414
1414
54
1414
1414
1414
1414
1414
1414
54
1414
1414
1414
1414
1414
1414
1414
54
1414
1414
1414
54
1414
1414
54
1414
1414
1414
1414
1414
1414
54
1414
1414
1414
1414
1414
1414
1414
54
1414
54
1414
1414
1414
1414
1414
1414
54
1414
1414
1414
1414
1414
1414
54
1414
1414
1414
1414
1414
1414
1414
54
1414
1414
1414
1414
1414
1414
54
1414
1414
1414
1414
1414
1414
54
1414
54
1414
1414
1414
1414
1414
54
1414
1414
54
1414
1414
1414
1414
1414
1414
54
1414
54
1414
1414
1414
1414
1414
54
1414
54
1414
1414
1414
1414
1414
1414
54
1414
1414
1414
1414
1414
1414
54
1414
1414
60
60
54
564
1414
1414
1414
54
1414
54
1414
1414
54
1414
1414
54
1414
1414
1414
54
1414
54
1414
1414
1414
1414
1414
1414
1414
54
1414
54
1414
1414
54
1414
1414
54
1414
1414
1414
1414
54
1414
1414
1414
1414
1414
54
1414
54
1414
1414
1414
54
1414
1414
1414
1414
1414
54
1414
1414
1414
54
1414
1414
1414
1414
1414
54
1414
1414
54
1414
1414
1414
1414
1414
1414
1414
54
1414
54
1414
1414
1414
54
1414
54
1414
1414
1414
1414
1414
1414
54
1414
1414
1414
1414
54
1414
1414
54
1414
1414
1414
1414
1414
1414
54
1414
1414
1414
54
1414
54
1414
1414
54
1414
1414
1414
54
1414
54
1414
1414
1414
1414
1414
1414
1414
54
1414
54
1414
1414
54
1414
1414
54
1414
1414
1414
54
1414
1414
1414
1414
1414
54
1414
1414
1414
54
1414
54
1414
1414
1414
1414
1414
1414
54
1414
1414
54
1414
1414
1414
1414
1414
54
1414
54
1414
1414
1414
1414
54
1414
1414
54
1414
1414
1414
1414
1414
1414
1414
54
1414
54
1414
1414
54
1414
1414
54
1414
1414
1414
54
1414
1414
1414
1414
1414
54
1414
1414
54
1414
1414
1414
1414
54
1414
1414
1414
1414
1414
54
1414
54
1414
1414
54
1414
1414
1414
1414
54
1414
1414
1414
1414
1414
54
66
1414
1414
54
1414
1414
54
1414
54
1414
1414
1414
54
1414
54
1414
1414
1414
1414
1414
1414
1414
54
1414
54
1414
1414
1414
54
1414
1414
1414
1414
54
1414
1414
1414
1414
1414
54
1414
1414
1414
1414
1414
1414
54
1414
1414
1414
1414
1414
1414
1414
54
1414
54
1414
1414
1414
1414
1414
1414
54
1414
1414
54
1414
1414
1414
1414
1414
1414
54
1414
1414
1414
1414
54
1414
1414
54
1414
1414
1414
1414
54
1414
1414
1414
1414
1414
54
1414
1414
54
1414
1414
1414
1414
1414
1414
54
1414
1414
1414
1414
1414
1414
54
1414
54
1414
1414
1414
1414
1414
54
1414
54
1414
1414
1414
1414
1414
1414
54
1414
1414
54
1414
1414
54
1414
1414
1414
54
1414
1414
1414
1414
54
1414
1414
54
1414
1414
1414
1414
54
1414
54
1414
1414
1414
1414
1414
54
1414
54
1414
1414
1414
1414
1414
1414
1414
54
1414
54
1414
1414
1414
54
1414
1414
1414
1414
1414
54
1414
1414
1414
54
1414
54
1414
1414
1414
54
1414
54
1414
1414
1414
1414
1414
1414
1414
54
1414
54
1414
1414
54
1414
1414
54
1414
1414
54
1414
1414
54
1414
1414
1414
1414
1414
1414
1414
54
1414
54
1414
1414
1414
1414
1414
1414
54
1414
1414
54
1414
1414
1414
1414
1414
1414
54
1414
1414
54
1414
1414
1414
1414
1414
1414
1414
54
1414
54
1414
1414
1414
1414
1414
54
1414
54
1414
1414
1414
1414
1414
1414
54
1414
1414
1414
1414
1414
1414
1414
54
1414
54
1414
1414
54
1414
1414
1414
1414
1414
1414
54
1414
1414
54
1414
1414
1414
54
1414
1414
1414
54
1414
1414
1414
1414
1414
1414
54
54
1414
1414
1414
1414
1414
1414
54
1414
1414
1414
1414
54
1414
1414
1414
1414
1414
1414
54
1414
1414
54
1414
1414
60
1414
1414
1414
1414
54
1414
1414
1414
1414
1414
1414
1414
54
1414
54
1414
1414
54
1414
1414
1414
1414
1414
1414
54
1414
1414
1414
1414
1414
54
1414
54
1414
1414
1414
1414
1414
1414
54
1414
1414
54
1414
1414
1414
1414
54
1414
1414
54
1414
1414
1414
1414
1414
1414
1414
54
1414
54
1414
1414
54
1414
1414
54
1414
1414
1414
1414
1414
54
1414
54
1414
1414
1414
1414
1414
54
1414
54
1414
1414
54
1414
1414
54
1414
1414
54
1414
1414
1414
1414
1414
54
1414
54
1414
1414
1414
1414
54
1414
1414
1414
1414
1414
54
1414
54
1414
1414
1414
1414
1414
1414
54
1414
1414
54
1414
1414
1414
1414
1414
1414
1414
54
1414
54
1414
1414
54
1414
1414
54
1414
1414
1414
1414
1414
54
1414
1414
54
1414
54
1414
1414
1414
1414
54
1414
1414
1414
1414
1414
54
1414
54
1414
1414
1414
54
1414
1414
1414
1414
1414
54
1414
1414
1414
1414
1414
1414
1414
54
1414
54
1414
1414
1414
1414
1414
1414
54
1414
1414
54
1414
1414
1414
1414
54
1414
1414
54
1414
1414
1414
54
1414
1414
54
1414
1414
54
1414
54
1414
1414
1414
1414
1414
1414
1414
54
1414
54
1414
1414
1414
1414
54
1414
1414
54
1414
1414
1414
1414
1414
1414
54
1414
1414
1414
54
1414
54
1414
1414
1414
1414
1414
54
1414
54
1414
1414
1414
1414
1414
1414
54
1414
1414
54
1414
1414
1414
1414
1414
1414
54
1414
1414
1414
1414
1414
1414
1414
54
1414
1414
1414
1414
1414
54
1414
1414
54
1414
1414
1414
1414
54
1414
1414
1414
1414
54
1414
1414
1414
1414
54
1414
1414
1414
54
1414
1414
54
1414
54
1414
1414
1414
1414
1414
1414
54
1414
1414
1414
1414
54
1414
1414
66
1414
1414
1414
1414
54
54
54
1414
1414
54
1414
1414
1414
1414
1414
1414
1414
54
1414
1414
1414
1414
1414
1414
54
1414
54
1414
1414
1414
1414
1414
54
1414
1414
1414
1414
54
1414
54
1414
1414
54
1414
1414
1414
1414
1414
54
1414
54
1414
1414
1414
1414
1414
513
54
1414
54
1414
1414
1414
1414
54
1414
1414
1414
1414
1414
1414
1414
54
1414
54
1414
1414
1414
1414
1414
1414
1414
54
1414
54
1414
1414
1414
54
1414
1414
1414
1414
54
1414
54
1414
1414
1414
1414
1414
1414
54
1414
1414
54
1414
1414
1414
54
1414
54
1414
1414
1414
1414
1414
1414
1414
54
1414
54
1414
1414
54
1414
1414
1414
54
1414
1414
1414
1414
1414
54
1414
1414
1414
1414
1414
1414
1414
54
1414
54
1414
1414
1414
1414
1414
54
1414
1414
1414
54
1414
1414
1414
1414
1414
1414
1414
54
1414
54
1414
1414
1414
1414
1414
1414
54
1414
1414
54
54
1414
1414
1414
1414
1414
1414
54
1414
1414
1414
1414
1414
1414
54
1414
1414
1414
1414
1414
54
1414
54
1414
1414
1414
1414
1414
1414
54
1414
1414
54
1414
1414
1414
1414
1414
1414
54
1414
1414
1414
1414
1414
1414
54
1414
1414
1414
1414
54
1414
1414
54
1414
1414
1414
1414
1414
54
1414
54
1414
1414
54
1414
1414
54
1414
1414
54
1414
1414
54
1414
1414
1414
1414
1414
1414
1414
54
1414
54
1414
1414
1414
1414
1414
1414
1414
54
1414
54
1414
1414
54
1414
1414
1414
1414
1414
54
1414
54
1414
1414
1414
1414
1414
54
1414
54
1414
1414
1414
1414
1414
54
1414
1414
1414
1414
1414
1414
54
1414
54
1414
1414
54
1414
1414
1414
1414
54
1414
1414
1414
1414
1414
1414
54
1414
1414
54
1414
1414
1414
1414
54
1414
1414
1414
54
1414
1414
54
1414
1414
1414
54
1414
1414
1414
54
1414
54
1414
1414
1414
1414
1414
54
1414
54
1414
1414
1414
1414
54
1414
1414
54
1414
1414
54
1414
1414
1414
1414
1414
1414
1414
54
1414
1414
1414
54
1414
1414
1414
1414
1414
1414
54
54
1414
1414
54
66
1414
1414
1414
1414
54
1414
1414
1414
54
1414
54
1414
1414
1414
54
1414
54
1414
1414
1414
1414
54
1414
1414
1414
1414
1414
1414
1414
54
1414
54
1414
1414
1414
1414
1414
54
1414
54
1414
1414
1414
1414
1414
54
1414
54
1414
1414
1414
54
1414
1414
54
1414
54
1414
1414
1414
1414
54
1414
1414
54
1414
1414
54
1414
1414
54
1414
1414
1414
1414
1414
1414
1414
54
1414
54
1414
1414
1414
1414
54
1414
1414
1414
1414
1414
54
1414
1414
54
1414
54
1414
1414
54
1414
1414
1414
1414
1414
1414
54
1414
1414
1414
1414
1414
1414
1414
54
1414
54
1414
1414
54
1414
1414
1414
1414
1414
54
1414
54
1414
1414
1414
1414
54
1414
1414
1414
54
1414
54
1414
1414
54
1414
1414
1414
1414
1414
54
1414
54
1414
1414
1414
1414
1414
54
1414
54
1414
1414
54
1414
1414
1414
1414
1414
1414
1414
54
1414
54
1414
1414
54
1414
1414
1414
1414
1414
1414
1414
54
1414
54
1414
1414
1414
1414
1414
1414
54
1414
1414
1414
1414
1414
1414
1414
54
1414
54
1414
1414
1414
54
1414
54
1414
1414
1414
1414
1414
1414
54
1414
1414
1414
1414
1414
1414
60
54
54
1414
1414
1414
1414
1414
1414
54
1414
1414
1414
1414
1414
1414
54
1414
1414
1414
1414
1414
1414
1414
54
1414
54
1414
1414
1414
1414
1414
1414
54
1414
1414
1414
1414
54
1414
1414
54
1414
1414
1414
1414
54
1414
1414
54
1414
1414
1414
1414
54
1414
1414
54
1414
1414
1414
1414
1414
1414
1414
54
1414
54
1414
1414
54
1414
1414
1414
1414
1414
1414
1414
54
1414
54
1414
1414
1414
1414
1414
54
1414
54
1414
1414
1414
54
1414
1414
54
1414
54
1414
1414
1414
1414
1414
1414
1414
54
1414
54
1414
1414
1414
54
1414
1414
1414
1414
1414
1414
54
1414
54
1414
1414
1414
1414
54
1414
1414
1414
1414
1414
1414
1414
54
1414
1414
1414
1414
1414
54
1414
1414
1414
1414
1414
54
1414
54
1414
1414
1414
54
1414
54
1414
1414
1414
1414
1414
1414
54
54
1414
1414
54
1414
1414
1414
1414
54
1104
66
54
54
54
60
54
54
60
54
459
54
1019
475
60
310
100
60
100
201
277
54
1329
55
1414
1414
1414
1414
54
1414
1414
1414
1414
54
1414
1414
1414
1414
54
1414
1414
1414
1414
54
1414
1414
54
1414
1414
54
1414
1414
54
1414
1414
54
1414
1414
1414
1414
54
1414
1414
1414
1414
54
1414
1414
1414
1414
54
1414
1414
1414
1414
54
1414
1414
1414
1414
54
1414
1414
1414
1414
54
1414
1414
1414
1414
54
1414
1414
1414
54
1414
54
1414
1414
1414
1414
54
1414
1414
1414
1414
54
1414
1414
1414
1414
54
1414
1414
1414
1414
54
1414
1414
1414
1414
54
1414
1414
1414
1414
54
1414
1414
1414
54
1414
54
1414
1414
54
55
1414
1414
1414
1414
54
1414
1414
1414
1414
54
1414
1414
54
1414
1414
54
1414
1414
54
1414
1414
54
1414
1414
1414
1414
54
1414
1414
1414
1414
54
1414
1414
54
1414
1414
54
1414
1414
1414
1414
54
1414
1414
1414
1414
54
1414
1414
54
1414
1414
54
1414
1414
54
1414
1414
54
1414
1414
1414
54
1414
54
1414
1414
1414
1414
54
1414
1414
1414
66
54
1414
1414
1414
1414
54
1414
1414
1414
1414
54
1414
54
1414
1414
1414
1414
1414
1414
54
1414
1414
54
1414
1414
1414
1414
1414
1414
54
1414
1414
54
1414
1414
54
1414
1414
1414
1414
1414
1414
54
1414
1414
1414
1414
1414
54
1414
54
1414
1414
54
1414
1414
1414
1414
1414
54
1414
54
1414
1414
54
1414
1414
1414
1414
54
1414
1414
1414
54
1414
1414
54
1414
54
1414
1414
54
1414
1414
54
1414
1414
1414
1414
1414
1414
1414
54
1414
54
1414
1414
54
1414
1414
1414
1414
54
1414
1414
1414
1414
1414
54
1414
1414
1414
54
1414
1414
1414
54
66
1414
1414
1414
1414
1414
54
933
54
538
100
60
60
100
128
92
100
54
100
60
171
203
54
444
60
128
92
100
54
100
60
1332
1414
1414
1414
1414
54
1414
1414
54
1414
1414
54
1414
1414
54
1414
1414
54
1414
1414
1414
1414
54
1414
1414
54
1414
1414
54
1414
1414
54
1414
1414
54
1414
1414
1414
1414
54
1414
1414
54
1414
1414
1414
1414
1414
1414
1414
54
1414
1414
1414
1414
1414
54
1414
1414
1414
1414
1414
1414
54
1414
1414
1414
1414
1414
54
1414
54
1414
1414
1414
1414
1414
54
1414
54
1414
1414
54
1414
1414
1414
1414
1414
1414
1414
54
1414
54
1414
1414
1414
1414
1414
1414
54
1414
1414
1414
1414
1414
1414
54
1414
1414
1414
54
1414
1414
1414
1414
1414
1414
54
1414
54
1414
1414
1414
1414
1414
1414
1414
54
1414
54
1414
1414
54
1414
1414
1414
1414
1414
1414
1414
54
1414
54
1414
1414
54
1414
1414
1414
1414
54
1414
1414
1414
54
1414
54
1414
1414
1414
1414
54
1414
1414
1414
54
1414
54
1414
1414
1414
54
1414
1414
1414
54
1414
1414
1414
1414
1414
1414
1414
54
1414
54
1414
1414
1414
1414
1414
1414
54
1414
1414
1414
1414
1414
1414
54
1414
1414
1414
1414
1414
1414
54
1414
1414
54
1414
1414
1414
1414
1414
54
1414
1414
54
1414
54
1414
1414
1414
1414
1414
1414
54
1414
1414
1414
1414
1414
54
1414
1414
1414
1414
1414
54
1414
1414
54
1414
1414
1414
1414
1414
1414
54
1414
1414
1414
1414
1414
1414
54
1414
1414
1414
1414
1414
1414
54
1414
1414
1414
1414
1414
1414
1414
54
1414
54
1414
1414
1414
1414
1414
1414
54
1414
1414
54
1414
1414
1414
1414
1414
1414
54
1414
1414
54
1414
1414
1414
1414
1414
54
1414
54
1414
1414
1414
1414
1414
1414
54
1414
1414
1414
1414
1414
1414
54
1414
1414
1414
1414
1414
1414
54
1414
1414
1414
1414
1414
54
1414
54
1414
1414
54
1414
1414
1414
1414
1414
54
1414
54
1414
1414
1414
54
1414
54
1414
1414
1414
54
1414
54
1414
1414
54
1414
1414
1414
1414
1414
54
1414
54
1414
1414
54
1414
1414
1414
54
1414
1414
1414
1414
54
1414
1414
54
1414
1414
1414
1414
54
1414
54
1414
1414
1414
1414
1414
1414
54
1414
1414
1414
1414
54
1414
1414
1414
54
1414
54
1414
1414
1414
1414
1414
54
1414
1414
1414
1414
54
1414
1414
1414
54
1414
1414
54
1414
1414
1414
1414
54
1414
1414
54
1414
1414
1414
1414
1414
1414
1414
54
1414
54
1414
1414
1414
1414
1414
1414
54
1414
1414
54
1414
1414
1414
1414
54
1414
1414
1414
54
1414
54
1414
1414
54
1414
1414
1414
54
1414
1414
54
1414
54
1414
1414
1414
1414
1414
1414
1414
54
1414
54
1414
1414
1414
1414
1414
54
1414
54
1414
1414
1414
1414
1414
1414
1414
54
1414
54
1414
1414
54
1414
1414
54
1414
1414
54
1414
1414
54
1414
1414
54
1414
1414
54
1414
1414
54
1414
1414
1414
54
1414
54
1414
1414
1414
54
1414
54
1414
1414
1414
1414
1414
1414
1414
54
1414
54
1414
1414
54
1414
1414
54
1414
1414
1414
1414
1414
1414
54
1414
1414
54
1414
1414
1414
54
1414
54
1414
1414
1414
1414
1414
1414
1414
54
1414
54
1414
1414
54
1414
1414
1414
1414
1414
1414
1414
54
1414
54
1414
1414
1414
1414
54
1414
1414
54
1414
1414
1414
1414
1414
54
1414
1414
54
1414
1414
1414
1414
1414
1414
54
1414
1414
1414
1414
1414
54
1414
1414
54
1414
1414
54
1414
1414
1414
1414
1414
1414
1414
54
1414
54
1414
1414
1414
1414
1414
54
1414
54
1414
1414
1414
1414
54
1414
1414
1414
1414
1414
1414
1414
54
1414
54
1414
1414
1414
1414
54
1414
1414
1414
1414
1414
1414
1414
54
1414
54
1414
1414
1414
1414
1414
1414
1414
54
1414
54
1414
1414
1414
1414
1414
1414
1414
54
1414
1414
1414
1414
54
1414
1414
54
1414
1414
1414
1414
1414
1414
1414
54
1414
1414
1414
1414
54
1414
1414
1414
1414
1414
1414
1414
54
1414
54
1414
1414
1414
1414
1414
1414
54
1414
1414
54
1414
1414
1414
1414
1414
1414
1414
54
1414
54
1414
1414
54
1414
1414
54
1414
1414
1414
1414
1414
1414
1414
54
1414
54
1414
1414
1414
1414
1414
1414
54
1414
1414
1414
1414
1414
1414
1414
54
1414
54
1414
1414
1414
1414
54
1414
1414
54
1414
1414
54
1414
1414
1414
1414
1414
1414
1414
54
1414
54
1414
1414
1414
1414
1414
54
1414
54
1414
1414
54
1414
1414
54
1414
1414
54
1414
1414
1414
1414
1414
54
1414
54
1414
1414
54
1414
1414
1414
54
1414
1414
54
1414
54
1414
1414
54
1414
1414
54
1414
1414
1414
1414
1414
1414
1414
54
1414
54
1414
1414
54
1414
1414
1414
1414
1414
1414
54
1414
1414
1414
1414
1414
1414
1414
54
1414
54
1414
1414
1414
54
1414
1414
54
1414
54
1414
1414
1414
1414
1414
1414
54
1414
1414
1414
1414
1414
1414
54
1414
1414
1414
1414
54
1414
1414
1414
1414
1414
54
1414
1414
54
1414
54
1414
1414
1414
1414
1414
54
1414
54
1414
1414
1414
1414
1414
1414
1414
54
1414
54
1414
1414
1414
1414
1414
1414
1414
54
1414
1414
54
1414
1414
1414
1414
54
1414
1414
54
1414
54
1414
1414
1414
1414
1414
1414
54
1414
1414
1414
54
1414
1414
1414
1414
1414
54
1414
1414
1414
1414
1414
1414
54
1414
1414
54
1414
1414
1414
1414
1414
1414
1414
54
1414
54
1414
1414
1414
54
1414
1414
1414
1414
1414
54
1414
1414
1414
1414
1414
1414
1414
54
1414
54
1414
1414
1414
1414
54
1414
1414
1414
1414
1414
1414
54
1414
1414
1414
54
1414
54
1414
1414
54
1414
1414
54
1414
1414
1414
1414
1414
1414
54
1414
1414
1414
1414
1414
1414
1414
54
1414
54
1414
1414
1414
54
1414
54
1414
1414
1414
1414
1414
54
1414
54
1414
1414
1414
1414
1414
1414
54
1414
1414
1414
1414
1414
54
1414
54
1414
1414
54
1414
1414
1414
1414
1414
1414
1414
54
1414
1414
54
1414
54
1414
1414
1414
1414
1414
1414
1414
54
1414
54
1414
1414
54
1414
1414
1414
54
1414
1414
1414
1414
54
1414
1414
1414
1414
54
1414
54
1414
1414
1414
1414
1414
1414
54
1414
1414
1414
54
1414
1414
54
1414
54
1414
1414
1414
1414
1414
1414
54
1414
1414
1414
1414
1414
54
1414
54
1414
1414
1414
1414
1414
1414
54
1414
1414
1414
1414
1414
1414
1414
54
1414
1414
54
1414
54
1414
1414
54
1414
1414
1414
1414
1414
1414
1414
54
1414
54
1414
1414
1414
1414
1414
54
1414
54
1414
1414
1414
1414
54
1414
1414
1414
1414
1414
1414
54
1414
1414
1414
54
1414
1414
54
1414
1414
1414
54
1414
1414
54
1414
1414
1414
1414
1414
54
1414
1414
1414
1414
1414
1414
1414
1414
1414
1414
1414
1414
1414
1414
1414
1414
54
1414
54
1414
1414
1414
1414
1414
54
1414
54
1414
1414
1414
1414
1414
1414
54
1414
1414
1414
1414
1414
1414
54
1414
1414
54
1414
1414
1414
1414
54
1414
1414
1414
1414
1414
54
1414
54
1414
1414
1414
1414
1414
54
1414
54
1414
1414
1414
1414
1414
1414
54
1414
1414
1414
1414
1414
54
1414
54
1414
1414
1414
1414
1414
1414
54
1414
1414
1414
1414
1414
54
1414
54
1414
1414
1414
1414
1414
1414
1414
54
1414
54
1414
1414
1414
1414
1414
1414
54
1414
1414
1414
1414
252
54
55
66
55
66
1332
1414
1414
1414
1414
1414
54
1414
54
1414
1414
54
1414
1414
1414
1414
1414
54
1414
54
1414
1414
54
1414
1414
54
1414
1414
1414
1414
1414
1414
54
1414
1414
54
1414
1414
54
1414
1414
54
1414
1414
1414
1414
1414
54
1414
54
1414
1414
54
1414
1414
1414
1414
1414
1414
1414
54
1414
54
1414
1414
54
1414
1414
1414
54
1414
54
1414
1414
1414
54
1414
54
1414
1414
1414
54
1414
54
1414
1414
54
1414
1414
1414
54
1414
1414
54
1414
54
1414
1414
1414
1414
1414
1414
54
1414
1414
1414
1414
1414
1414
54
1414
1414
1414
1414
1414
54
1414
54
1414
1414
54
1414
1414
54
1414
1414
1414
1414
1414
1414
54
1414
1414
54
1414
1414
1414
1414
54
1414
1414
1414
54
1414
1414
1414
1414
1414
54
1414
1414
1414
1414
54
1414
1414
54
1414
1414
54
1414
1414
54
1414
1414
54
1414
1414
54
1414
1414
1414
1414
1414
1414
1414
54
1414
54
1414
1414
1414
54
1414
54
1414
1414
1414
1414
1414
54
1414
54
1414
1414
54
1414
1414
1414
54
1414
54
1414
1414
1414
1414
54
1414
1414
1414
1414
1414
1414
54
1414
1414
1414
1414
1414
1414
54
1414
1414
54
1414
1414
1414
1414
1414
1414
1414
54
1414
54
1414
1414
1414
1414
1414
1414
54
1414
1414
54
1414
1414
1414
54
1414
54
1414
1414
1414
1414
1414
1414
54
1414
1414
1414
1414
1414
1414
1414
54
1414
54
1414
1414
1414
1414
1414
54
1414
54
1414
1414
1414
1414
1414
54
1414
54
1414
1414
1414
1414
1414
1414
54
1414
1414
1414
1414
1414
1414
1414
54
1414
1414
1414
1414
54
1414
54
1414
1414
1414
54
1414
54
1414
1414
1414
1414
54
1414
1414
1414
1414
1414
1414
54
1414
1414
54
1414
1414
1414
54
1414
54
1414
1414
1414
54
1414
54
1414
1414
1414
54
1414
1414
54
1414
1414
1414
1414
1414
54
1414
1414
1414
54
1414
1414
1414
54
1414
1414
1414
54
1414
54
1414
1414
1414
54
1414
54
1414
1414
1414
1414
54
1414
1414
54
1414
1414
1414
1414
1414
1414
54
1414
1414
1414
1414
54
1414
1414
1414
1414
1414
54
1414
1414
54
1414
54
1414
1414
1414
1414
54
1414
1414
1414
1414
1414
1414
54
1414
1414
1414
1414
1414
1414
54
1414
1414
1414
1414
1414
1414
1414
54
1414
54
1414
1414
1414
1414
1414
1414
1414
54
1414
54
1414
1414
1414
1414
1414
1414
54
1414
1414
1414
54
1414
54
1414
1414
1414
1414
1414
1414
54
1414
1414
54
1414
1414
1414
1414
1414
1414
1414
54
1414
54
1414
1414
1414
1414
54
1414
1414
1414
1414
1414
1414
54
1414
1414
54
1414
1414
1414
1414
1414
54
1414
54
1414
1414
1414
1414
1414
1414
1414
54
1414
54
1414
1414
1414
1414
1414
1414
54
1414
1414
1414
1414
54
1414
1414
1414
1414
1414
1414
1414
54
1414
54
1414
1414
1414
54
1414
54
1414
1414
1414
1414
54
1414
1414
54
1414
1414
54
1414
1414
1414
54
1414
1414
1414
54
1414
1414
1414
1414
1414
1414
54
1414
1414
1414
1414
1414
1414
1414
54
1414
54
1414
1414
1414
1414
1414
1414
54
1414
1414
1414
1414
1414
54
1414
54
1414
1414
1414
1414
1414
1414
54
1414
1414
1414
54
1414
54
1414
1414
54
1414
1414
1414
1414
1414
1414
54
1414
1414
54
1414
1414
1414
1414
1414
1414
54
1414
1414
1414
1414
1414
54
1414
54
1414
1414
1414
1414
54
1414
1414
1414
1414
54
1414
1414
54
1414
1414
1414
1414
54
1414
1414
54
1414
1414
1414
1414
1414
1414
1414
54
1414
54
1414
1414
1414
1414
54
1414
1414
1414
1414
1414
1414
54
1414
1414
1414
1414
1414
1414
54
1414
1414
1414
1414
1414
1414
1414
54
1414
1414
54
1414
1414
1414
1414
1414
1414
54
1414
1414
1414
1414
1414
54
1414
1414
1414
1414
1414
1414
1414
54
1414
1414
1414
1414
1414
1414
54
1414
54
1414
1414
1414
1414
1414
54
1414
1414
54
1414
54
1414
1414
54
1414
1414
54
1414
1414
54
1414
1414
1414
1414
54
1414
1414
1414
1414
54
1414
1414
1414
1414
1414
54
1414
54
1414
1414
1414
1414
54
1414
1414
54
1414
1414
54
1414
1414
54
1414
1414
1414
1414
1414
1414
1414
54
1414
54
1414
1414
54
1414
1414
1414
1414
1414
1414
1414
54
1414
54
1414
1414
1414
54
1414
1414
1414
54
1414
1414
54
1414
1414
1414
1414
1414
54
1414
1414
54
1414
1414
54
1414
54
1414
1414
54
1414
1414
1414
54
1414
54
1414
1414
54
1414
1414
1414
1414
1414
1414
54
1414
1414
1414
1414
1414
54
1414
54
1414
1414
54
1414
1414
1414
1414
1414
1414
54
1414
1414
1414
54
1414
1414
1414
1414
1414
1414
54
1414
54
1414
1414
1414
54
1414
54
1414
1414
1414
54
1414
54
1414
1414
1414
54
1414
54
1414
1414
1414
1414
1414
1414
54
1414
1414
54
1414
1414
1414
1414
1414
1414
54
1414
1414
54
1414
1414
1414
1414
54
1414
1414
1414
54
1414
54
1414
1414
1414
54
1414
54
1414
1414
1414
1414
54
1414
1414
1414
1414
1414
1414
54
1414
1414
1414
1414
1414
54
1414
54
1414
1414
1414
1414
1414
1414
54
1414
1414
1414
1414
1414
1414
54
1414
1414
1414
54
1414
54
1414
1414
54
1414
1414
1414
1414
1414
54
1414
54
1414
1414
54
1414
1414
1414
1414
54
1414
1414
1414
1414
1414
54
1414
1414
1414
1414
54
1414
54
1414
1414
1414
1414
54
1414
1414
54
1414
1414
1414
1414
1414
1414
1414
54
1414
1414
1414
1414
1414
54
1414
1414
1414
1414
1414
54
1414
54
1414
1414
1414
1414
1414
54
1414
1414
54
1414
1414
1414
1414
1414
1414
54
1414
54
1414
1414
1414
1414
1414
54
1414
54
1414
1414
1414
1414
1414
54
1414
54
1414
1414
1414
1414
1414
1414
54
1414
1414
1414
1414
1414
1414
54
1414
1414
54
1414
1414
1414
1414
1414
1414
54
1414
1414
1414
1414
1414
1414
54
1414
1414
1414
1414
1414
1414
1414
54
1414
54
1414
1414
1414
1414
1414
54
1414
54
1414
1414
1414
1414
1414
1414
54
1414
1414
1414
1414
1414
1414
1414
54
1414
54
1414
1414
1414
1414
1414
1414
54
1414
1414
1414
1414
1414
1414
54
1414
1414
54
1414
1414
1414
1414
1414
1414
1414
54
1414
1414
1414
1414
1414
54
1414
1414
1414
54
1414
54
1414
1414
1414
1414
54
1414
1414
1414
1414
54
1414
1414
54
1414
1414
1414
1414
54
1414
1414
1414
1414
1414
1414
54
1414
1414
54
1414
1414
1414
1414
1414
54
1414
54
1414
1414
1414
1414
1414
1414
54
1414
1414
54
1414
1414
1414
1414
1414
54
1414
54
1414
1414
1414
1414
1414
1414
1414
54
1414
54
1414
1414
1414
1414
1414
1414
54
1414
1414
1414
1414
1414
1414
1414
54
1414
54
1414
1414
1414
1414
54
1414
1414
1414
1414
1414
54
1414
1414
1414
1414
1414
54
1414
1414
1414
1414
1414
1414
54
1414
1414
54
1414
1414
1414
1414
1414
54
1414
1414
54
1414
1414
1414
54
1414
1414
1414
1414
1414
1414
54
1414
1414
1414
1414
1414
1414
54
1414
1414
1414
1414
54
1414
1414
54
1414
1414
54
1414
1414
1414
54
1414
1414
1414
1414
54
1414
1414
1414
1414
1414
54
1414
1414
54
1414
1414
1414
1414
54
1414
1414
1414
1414
1414
1414
54
1414
1414
1414
54
1414
1414
1414
1414
1414
54
1414
1414
1414
1380
54
55
66
139
60
155
155
54
1332
1414
1414
1414
1414
1414
1414
54
1414
1414
1414
1414
1414
1414
1414
54
1414
54
1414
1414
54
1414
1414
1414
1414
1414
1414
54
1414
1414
54
1414
1414
1414
1414
1414
1414
1414
54
1414
54
1414
1414
1414
1414
1414
1414
1414
54
1414
54
1414
1414
1414
1414
1414
1414
54
1414
1414
1414
1414
1414
1414
54
1414
1414
54
1414
1414
1414
1414
1414
1414
54
1414
1414
1414
1414
1414
1414
1414
54
1414
54
1414
1414
1414
1414
1414
1414
54
1414
1414
1414
1414
1414
1414
1414
54
1414
54
1414
1414
1414
1414
1414
1414
1414
54
1414
54
1414
1414
1414
1414
1414
1414
1414
54
1414
54
1414
1414
1414
1414
54
1414
1414
117
60
1414
54
54
54
1414
54
1414
1414
1414
1414
1414
1414
1414
54
1414
54
1414
1414
54
1414
1414
1414
54
1414
54
1414
1414
1414
1414
1414
54
1414
54
1414
1414
1414
54
1414
54
1414
1414
1414
1414
1414
54
1414
1414
54
1414
1414
1414
1414
1414
1414
54
1414
55
54
1414
1414
54
1414
1414
54
1414
1414
1414
1414
1414
54
1414
54
1414
1414
54
1414
1414
1414
1414
1414
1414
54
1414
1414
54
1414
1414
1414
1414
54
1414
1414
1414
1414
1414
54
1414
54
1414
1414
1414
1414
1414
1414
54
1414
1414
1414
1414
1414
1414
54
1414
1414
1414
1414
1414
1414
1414
54
1414
54
1414
1414
1414
1414
1414
1414
1414
54
1414
54
1414
1414
1414
1414
54
1414
1414
1414
1414
1414
1414
1414
54
1414
54
1414
1414
54
1414
1414
1414
1414
1414
1414
1414
54
1414
54
1414
1414
54
1414
1414
1414
54
1414
54
1414
1414
54
1414
1414
1414
54
1414
54
1414
1414
1414
1414
1414
1414
54
1414
1414
1414
1414
54
1414
1414
1414
1414
54
1414
1414
1414
1414
1414
1414
1414
54
1414
54
1414
1414
1414
1414
54
1414
1414
1414
1414
1414
1414
1414
54
1414
54
1414
1414
54
1414
1414
1414
1414
1414
1414
1414
54
1414
54
1414
1414
54
1414
1414
1414
1414
1414
54
1414
54
1414
1414
54
1414
1414
54
1414
1414
1414
1414
1414
1414
54
1414
1414
54
1414
1414
1414
1414
1414
1414
1414
54
1414
1414
1414
1414
1414
54
1414
1414
1414
54
1414
54
1414
1414
1414
1414
54
1414
1414
1414
1414
1414
1414
1414
54
1414
54
1414
1414
1414
1414
1414
54
1414
54
1414
1414
1414
1414
1414
1414
54
1414
1414
54
1414
1414
1414
1414
54
1414
1414
1414
1414
1414
1414
54
1414
1414
1414
1414
1414
1414
1414
54
1414
54
1414
1414
1414
1414
1414
60
1414
54
1414
1414
1414
1414
1414
54
1414
54
1414
1414
1414
54
1414
54
1414
1414
1414
1414
1414
1414
1414
54
1414
1414
1414
1414
1414
1414
54
1414
54
1414
1414
1414
1414
1414
1414
54
1414
1414
54
66
1414
1414
1414
1414
1414
1414
54
1414
1414
54
1414
1414
1414
1414
1414
1414
54
1414
1414
1414
1414
1414
1414
1414
54
1414
54
1414
1414
1414
1414
54
1414
1414
1414
54
1414
54
1414
1414
1414
1414
54
1414
1414
1414
1414
1414
1414
54
1414
1414
54
1414
1414
1414
1414
1414
1414
54
1414
1414
1414
54
1414
54
1414
1414
54
1414
1414
54
1414
1414
1414
1414
1414
1414
54
1414
1414
54
1414
1414
1414
1414
1414
54
1414
54
1414
1414
1414
1414
1414
1414
54
1414
1414
54
1414
1414
54
1414
1414
1414
54
1414
54
1414
1414
54
1414
1414
1414
54
1414
54
1414
1414
1414
54
1414
54
1414
1414
1414
1414
1414
1414
54
1414
1414
1414
1414
54
1414
1414
54
1414
1414
1414
1414
1414
1414
1414
54
1414
1414
54
1414
54
1414
1414
1414
54
1414
54
1414
1414
1414
54
1414
54
1414
1414
1414
54
1414
54
1414
1414
54
1414
1414
1414
1414
1414
1414
1414
54
1414
54
1414
1414
54
1414
1414
54
1414
1414
54
1414
1414
1414
1414
1414
1414
1414
54
1414
1414
54
1414
1414
54
1414
54
1414
1414
1414
1414
1414
1414
1414
54
1414
54
1414
1414
1414
54
1414
54
1414
1414
1414
1414
1414
1414
1414
54
1414
1414
1414
54
1414
1414
1414
1414
54
1414
1414
1414
1414
54
1414
1414
54
1414
1414
1414
1414
1414
1414
1414
54
1414
54
1414
1414
54
1414
1414
1414
1414
54
1414
1414
1414
1414
1414
1414
1414
54
1414
54
1414
1414
54
1414
1414
1414
1414
1414
1414
1414
54
1414
1414
54
1414
54
1414
1414
54
1414
1414
54
1414
1414
54
1414
1414
1414
1414
1414
54
1414
1414
1414
1414
54
1414
54
1414
1414
54
1414
1414
1414
1414
1414
1414
1414
54
1414
1414
1414
1414
54
1414
54
117
54
60
1414
1414
54
54
1414
1414
1414
54
1414
54
1414
1414
54
1414
1414
1414
1414
1414
54
1414
1414
1414
54
1414
1414
1414
1414
1414
54
1414
54
1414
1414
1414
1414
1414
54
1414
54
1414
1414
1414
54
1414
1414
1414
1414
1414
54
1414
1414
54
1414
1414
54
1414
1414
54
1414
1414
1414
1414
1414
1414
1414
54
1414
54
1414
1414
54
1414
1414
54
1414
1414
1414
1414
1414
1414
1414
54
1414
54
1414
1414
1414
1414
54
1414
1414
54
1414
1414
54
1414
1414
1414
1414
54
1414
1414
1414
1414
1414
1414
54
1414
1414
54
1414
1414
54
1414
1414
1414
1414
1414
1414
1414
54
1414
54
1414
1414
1414
1414
1414
54
1414
1414
54
1414
1414
1414
1414
1414
54
1414
1414
1414
1414
1414
1414
1414
54
1414
54
1414
1414
1414
1414
1414
1414
54
1414
1414
1414
54
1414
1414
1414
1414
1414
1414
54
1414
54
1414
1414
1414
1414
1414
1414
1414
54
1414
54
1414
1414
54
1414
1414
1414
1414
1414
54
1414
54
1414
1414
1414
1414
1414
1414
1414
54
1414
54
1414
1414
1414
1414
1414
1414
54
1414
1414
54
1414
1414
1414
1414
1414
1414
54
1414
1414
1414
1414
1414
1414
1414
54
1414
54
1414
1414
1414
1414
1414
54
1414
54
1414
1414
1414
1414
1414
1414
54
1414
1414
1414
1414
1414
54
1414
1414
1414
54
1414
1414
54
1414
1414
1414
1414
1414
54
1414
1414
54
1414
1414
1414
1414
54
1414
54
1414
1414
1414
1414
1414
1414
1414
54
1414
54
1414
1414
54
1414
1414
1414
1414
1414
1414
54
1414
1414
1414
1414
1414
1414
54
1414
1414
1414
1414
54
1414
1414
1414
1414
1414
1414
54
1414
1414
1414
1414
1414
54
1414
54
1414
1414
1414
1414
54
1414
1414
1414
1414
60
1414
1414
1414
54
1414
54
1414
1414
1414
1414
1414
1414
1414
54
1414
54
1414
1414
1414
1414
1414
1414
1414
54
1414
54
1414
1414
54
1414
1414
1414
1414
1414
1414
54
1414
1414
54
1414
1414
1414
1414
1414
1414
1414
54
1414
54
1414
1414
1414
1414
1414
1414
54
1414
1414
1414
1414
1414
1414
1414
54
1414
54
1414
1414
1414
1414
1414
1414
1414
54
1414
54
1414
1414
54
1414
1414
1414
1414
1414
1414
54
1414
1414
54
1414
1414
1414
1414
54
1414
1414
1414
1414
1414
1414
54
1414
1414
1414
1414
1414
1414
54
1414
1414
1414
1414
1414
54
1414
54
1414
1414
54
1414
1414
54
1414
1414
1414
1414
1414
1414
1414
54
1414
54
1414
1414
54
1414
1414
1414
1414
54
1414
1414
1414
1414
1414
1414
54
1414
1414
54
1414
1414
54
1414
1414
1414
1414
1414
1414
54
1414
1414
1414
1414
1414
54
1414
1414
54
1414
1414
54
77
54
388
1414
407
60
55
66
55
66
55
66
54
54
60
54
60
54
55
66
1329
1414
1414
1414
1414
1414
1414
54
1414
1414
1414
1414
1414
1414
54
1414
1414
1414
1414
1414
1414
54
1414
1414
54
1414
1414
1414
54
1414
54
1414
1414
1414
54
1414
54
1414
1414
54
1414
1414
1414
1414
1414
1414
1414
54
1414
54
1414
1414
1414
54
1414
54
1414
1414
54
1414
1414
1414
1414
1414
54
1414
54
1414
1414
1414
1414
1414
1414
54
1414
1414
54
1414
1414
1414
1414
54
1414
1414
1414
1414
1414
1414
1414
54
1414
54
1414
1414
1414
1414
1414
54
1414
54
1414
1414
1414
1414
1414
1414
1414
54
1414
1414
54
1414
1414
54
1414
54
1414
1414
54
1414
1414
54
1414
1414
1414
1414
1414
1414
54
1414
1414
1414
1414
1414
1414
54
1414
1414
54
1414
1414
1414
1414
54
1414
1414
1414
1414
1414
1414
1414
54
1414
54
1414
1414
1414
1414
1414
54
1414
54
1414
1414
54
1414
1414
1414
1414
1414
1414
54
1414
1414
54
1414
1414
54
1414
1414
1414
1414
1414
1414
54
1414
1414
54
1414
1414
1414
54
1414
54
1414
1414
54
1414
1414
54
1414
1414
54
1414
1414
1414
1414
1414
1414
1414
54
1414
54
1414
1414
1414
54
1414
54
1414
1414
1414
1414
1414
54
1414
54
66
1414
1414
1414
1414
1414
54
1414
54
1414
1414
54
1414
1414
54
1414
1414
1414
1414
1414
1414
1414
54
55
1414
1414
54
1414
54
1414
1414
1414
1414
1414
1414
54
1414
1414
1414
1414
1414
1414
54
1414
1414
54
1414
1414
1414
1414
1414
1414
54
1414
1414
1414
1414
1414
1414
1414
54
1414
54
1414
1414
1414
1414
54
1414
1414
1414
1414
1414
54
1414
54
1414
1414
1414
54
1414
54
654
66
54
571
1332
66
60
205
270
60
60
1414
1414
1414
1414
1414
1414
54
1414
1414
54
1414
1414
54
1414
1414
1414
1414
54
1414
1414
1414
1414
54
1414
1414
54
1414
1414
1414
1414
54
1414
1414
54
1414
1414
54
1414
1414
1414
54
1414
54
1414
1414
1414
54
1414
54
1414
1414
1414
54
1414
1414
54
1414
54
1414
1414
54
1414
1414
54
1414
1414
1414
1414
54
1414
1414
1414
1414
54
1414
1414
1414
1414
54
1414
1414
1414
1414
1414
1414
54
1414
1414
1414
1414
1414
1414
1414
54
1414
54
1414
1414
1414
1414
1414
54
1414
54
1414
1414
54
1414
1414
1414
54
1414
54
1414
1414
1414
1414
1414
1414
1414
54
1414
54
1414
1414
1414
1414
1414
1414
54
1414
1414
1414
1414
1414
54
1414
1414
1414
54
1414
1414
54
1414
1414
1414
1414
1414
1414
1414
54
1414
54
1414
1414
1414
1414
54
1414
1414
1414
54
1414
54
1414
1414
54
1414
1414
1414
1414
1414
1414
54
1414
1414
54
1414
1414
54
1414
1414
1414
1414
1414
1414
1414
54
1414
54
1414
1414
54
1414
1414
1414
54
1414
54
1414
1414
1414
1414
1414
1414
54
1414
1414
1414
1414
54
1414
1414
1414
1414
1414
54
1414
54
1414
1414
1414
1414
1414
54
1414
54
1414
1414
54
1414
1414
1414
1414
1414
1414
1414
54
1414
1414
1414
54
1414
1414
1414
1414
54
1414
1414
1414
54
1414
54
1414
1414
1414
1414
1414
1414
1414
54
1414
54
1414
1414
1414
54
1414
54
1414
1414
1414
1414
1414
1414
1414
54
1414
54
1414
1414
1414
1414
54
1414
1414
1414
1414
1414
1414
1414
54
1414
54
1414
1414
1414
54
1414
1414
1414
54
1414
1414
1414
1414
1414
1414
1414
54
1414
1414
1414
54
1414
1414
1414
1414
54
1414
1414
1414
54
1414
1414
1414
54
1414
1414
1414
1414
1414
1414
1414
54
1414
54
1414
1414
1414
1414
1414
54
1414
54
1414
1414
1414
1414
54
1414
1414
54
1414
1414
1414
1414
1414
1414
54
1414
1414
1414
1414
1414
1414
1414
54
1414
1414
54
1414
1414
54
1414
1414
54
1414
1414
54
1414
54
1414
1414
1414
1414
1414
1414
1414
54
1414
54
1414
1414
1414
1414
54
1414
1414
1414
1414
1414
1414
1414
54
1414
1414
1414
1414
1414
1414
54
1414
54
1414
1414
1414
1414
1414
1414
54
1414
1414
1414
1414
1414
54
1414
1414
1414
1414
1414
54
1414
1414
1414
54
1414
1414
1414
1414
1414
54
1414
1414
54
1414
1414
1414
1414
1414
1414
54
1414
1414
54
1414
1414
1414
54
1414
1414
1414
54
1414
1414
54
1414
1414
1414
1414
1414
1414
54
1414
1414
1414
1414
1414
1414
1414
54
1414
54
1414
1414
1414
1414
54
1414
1414
1414
1414
1414
1414
1414
54
1414
54
1414
1414
1414
54
1414
54
1414
1414
1414
1414
1414
54
1414
54
1414
1414
1414
54
1414
54
1414
1414
1414
1414
1414
1414
1414
54
1414
54
1414
1414
54
1414
1414
1414
1414
1414
54
1414
1414
1414
1414
1414
54
1414
1414
1414
1414
54
1414
1414
1414
54
1414
54
1414
1414
1414
1414
1414
1414
1414
54
1414
54
1414
1414
1414
1414
1414
54
1414
54
1414
1414
54
1414
1414
54
1414
1414
1414
1414
1414
54
1414
54
1414
1414
1414
1414
1414
1414
1414
54
1414
54
1414
1414
1414
1414
54
1414
1414
1414
54
1414
54
1414
1414
54
1414
1414
1414
1414
1414
1414
54
1414
1414
1414
1414
54
1414
1414
54
1414
1414
54
1414
1414
1414
1414
1414
1414
1414
54
1414
1414
1414
1414
54
1414
54
1414
1414
1414
1414
54
1414
1414
1414
54
1414
54
1414
1414
54
1414
1414
1414
1414
1414
1414
54
1414
1414
54
1414
1414
1414
1414
1414
1414
1414
54
1414
54
1414
1414
1414
54
1414
54
1414
1414
54
1414
1414
1414
1414
54
1414
1414
1414
1414
1414
54
1414
54
1414
1414
1414
1414
54
1414
1414
1414
1414
1414
1414
1414
54
1414
54
1414
1414
1414
1414
54
1414
1414
1414
1414
1414
54
1414
54
1414
1414
1414
1414
1414
1414
1414
54
1414
54
1414
1414
1414
1414
1414
1414
54
1414
1414
1414
1414
1414
54
1414
1414
1414
1414
1414
1414
54
1414
54
1414
1414
1414
54
1414
54
1414
1414
54
1414
1414
1414
1414
54
1414
1414
1414
1414
54
1414
1414
1414
54
1414
54
1414
1414
1414
1414
54
1414
1414
1414
1414
1414
1414
54
1414
1414
1414
1414
1414
1414
54
1414
1414
1414
1414
1414
1414
1414
54
1414
54
1414
1414
1414
1414
1414
1414
54
1414
1414
1414
1414
1414
1414
1414
54
1414
54
1414
1414
54
1414
1414
54
1414
1414
1414
1414
1414
1414
1414
54
1414
54
1414
1414
1414
54
1414
54
1414
1414
54
1414
1414
1414
1414
1414
1414
1414
54
1414
54
1414
1414
54
1414
1414
1414
1414
54
1414
1414
1414
54
1414
1414
1414
54
1414
1414
54
1414
1414
1414
54
1414
54
1414
1414
1414
1414
1414
1414
54
1414
1414
54
1414
1414
1414
1414
1414
54
1414
54
1414
1414
1414
1414
1414
1414
1414
54
1414
54
1414
1414
1414
1414
1414
1414
54
1414
1414
1414
54
1414
1414
1414
54
1414
1414
1414
1414
1414
1414
1414
54
1414
54
1414
1414
1414
1414
1414
1414
1414
54
1414
1414
54
1414
54
1414
1414
54
1414
1414
1414
1414
1414
1414
54
1414
1414
54
1414
1414
54
1414
1414
1414
1414
1414
54
1414
1414
1414
1414
1414
54
1414
1414
54
1414
1414
1414
1414
54
1414
1414
54
1414
1414
1414
1414
1414
1414
54
1414
1414
1414
1414
1414
54
1414
54
1414
1414
1414
1414
1414
1414
54
1414
1414
1414
54
1414
1414
1414
54
1414
1414
54
1414
1414
1414
1414
1414
54
1414
54
1414
1414
1414
1414
54
1414
1414
1414
54
1414
54
1414
1414
1414
54
1414
1414
54
1414
54
1414
1414
1414
1414
54
1414
1414
1414
1414
1414
1414
1414
54
1414
54
1414
1414
1414
54
1414
54
1414
1414
1414
1414
1414
1414
54
1414
1414
54
1414
1414
1414
54
1414
1414
1414
54
1414
1414
1414
54
1414
1414
54
1414
54
1414
1414
54
1414
1414
1414
54
1414
1414
1414
1414
1414
54
1414
1414
54
1414
1414
1414
1414
54
1414
1414
54
1414
1414
1414
1414
1414
1414
1414
54
1414
54
1414
1414
54
1414
1414
54
1414
1414
54
1414
1414
1414
1414
1414
1414
1414
54
1414
54
1414
1414
54
1414
1414
1414
1414
1414
54
1414
1414
54
1414
1414
54
1414
1414
1414
54
1414
1414
1414
1414
1414
54
1414
1414
54
1414
1414
1414
1414
54
1414
54
1414
1414
1414
54
1414
1414
1414
1414
1414
1414
54
1414
54
1414
1414
54
1414
1414
1414
1414
54
1414
1414
1414
54
1414
1414
1414
54
1414
1414
1414
1414
54
1414
1414
1414
1414
1414
1414
1414
54
1414
54
1414
1414
1414
1414
1414
1414
54
1414
1414
1414
1414
1414
1414
54
1414
1414
1414
1414
1414
1414
1414
54
1414
54
1414
1414
1414
54
1414
1414
1414
1414
1414
54
1414
1414
1414
54
1414
54
1414
1414
1414
1414
1414
54
1414
1414
1414
1414
1414
1414
54
1414
54
1414
1414
1414
1414
1414
54
1414
1414
54
1414
1414
1414
1414
1414
1414
54
1414
54
1414
1414
1414
1414
1414
54
1414
1414
54
1414
1414
1414
1414
54
1414
54
1414
1414
1414
54
1414
54
1414
1414
54
1414
1414
54
1414
1414
1414
1414
54
1414
1414
54
1414
1414
1414
1414
1414
54
1265
54
55
66
1332
60
1414
1414
1414
1414
1414
1414
54
1414
1414
1414
54
1414
1414
54
1414
54
1414
1414
54
1414
1414
1414
1414
1414
1414
54
1414
1414
54
1414
1414
54
1414
1414
1414
1414
1414
1414
1414
54
1414
54
1414
1414
54
1414
1414
1414
1414
54
1414
1414
1414
1414
1414
1414
1414
54
1414
54
1414
1414
1414
1414
1414
1414
54
1414
1414
1414
1414
54
1414
1414
1414
54
1414
54
1414
1414
1414
1414
1414
1414
1414
54
1414
1414
54
1414
54
1414
1414
1414
1414
1414
54
1414
1414
54
1414
1414
1414
54
1414
1414
1414
1414
1414
1414
54
1414
1414
54
1414
1414
54
1414
1414
54
1414
1414
1414
1414
1414
54
1414
54
1414
1414
54
1414
1414
1414
1414
1414
1414
1414
54
1414
54
1414
1414
1414
1414
1414
1414
54
1414
1414
1414
54
1414
1414
1414
1414
1414
1414
54
1414
54
1414
1414
54
1414
1414
1414
1414
54
1414
1414
1414
1414
1414
54
1414
54
1414
1414
1414
54
1414
54
1414
1414
54
1414
1414
1414
1414
1414
1414
1414
54
1414
54
1414
1414
54
1414
1414
1414
1414
54
1414
1414
1414
1414
54
1414
1414
54
1414
1414
54
1414
1414
1414
1414
1414
1414
1414
54
1414
54
1414
1414
1414
1414
1414
1414
1414
54
1414
54
1414
1414
1414
1414
1414
1414
1414
54
1414
54
1414
1414
54
1414
1414
1414
1414
1414
54
1414
54
1414
1414
54
1414
1414
1414
1414
1414
1414
1414
54
1414
54
1414
1414
1414
1414
1414
54
1414
54
1414
1414
1414
1414
1414
1414
1414
54
1414
54
1414
1414
1414
1414
54
1414
1414
1414
1414
1414
1414
54
1414
1414
54
1414
1414
1414
1414
1414
1414
54
1414
1414
54
1414
1414
1414
1414
1414
1414
1414
54
1414
54
1414
1414
1414
1414
1414
54
1414
54
1414
1414
1414
1414
1414
1414
54
1414
1414
1414
1414
1414
54
1414
54
1414
1414
1414
1414
1414
1414
1414
54
1414
54
1414
1414
1414
1414
1414
1414
1414
54
1414
54
1414
1414
1414
1414
1414
54
1414
1414
1414
1414
1414
54
1414
1414
1414
1414
1414
1414
54
1414
1414
1414
1414
54
1414
1414
54
1414
1414
1414
1414
1414
1414
1414
54
1414
1414
54
1414
54
1414
1414
1414
1414
1414
1414
1414
54
1414
54
1414
1414
1414
1414
1414
1414
54
1414
1414
54
1414
1414
54
1414
1414
1414
1414
1414
54
1414
54
1414
1414
54
1414
1414
1414
1414
54
1414
1414
54
1414
1414
1414
1414
1414
1414
1414
54
1414
54
1414
1414
1414
1414
54
1414
1414
1414
1414
54
1414
1414
1414
1414
1414
54
1414
54
1414
1414
54
1414
1414
1414
1414
1414
1414
1414
54
1414
54
1414
1414
54
1414
1414
1414
1414
1414
54
1414
54
1414
1414
54
1414
1414
54
1414
1414
1414
54
1414
1414
54
1414
1414
54
1414
54
1414
1414
1414
54
1414
1414
54
1414
1414
1414
1414
54
1414
54
1414
1414
1414
54
1414
54
1414
1414
1414
1414
54
1414
1414
54
1414
1414
54
1414
1414
1414
54
1414
1414
1414
1414
1414
1414
54
1414
54
1414
1414
1414
1414
1414
1414
1414
54
1414
54
1414
1414
1414
1414
54
1414
1414
1414
1414
1414
1414
1414
54
1414
54
1414
1414
1414
54
1414
54
1414
1414
1414
1414
1414
1414
54
1414
1414
54
1414
1414
1414
1414
1414
1414
54
1414
1414
1414
1414
54
1414
1414
1414
1414
1414
54
1414
54
1414
1414
1414
1414
1414
54
1414
54
1414
1414
54
1414
1414
1414
54
1414
54
1414
1414
54
1414
1414
54
1414
1414
54
1414
1414
1414
1414
1414
1414
1414
54
1414
54
1414
1414
1414
1414
1414
1414
1414
54
1414
1414
1414
54
1414
1414
1414
1414
1414
54
1414
54
1414
1414
54
1414
1414
54
1414
1414
1414
1414
1414
54
1414
54
1414
1414
1414
1414
1414
1414
54
1414
1414
1414
1414
54
1414
1414
1414
1414
1414
54
1414
1414
54
1414
54
1414
1414
54
1414
1414
54
1414
1414
1414
1414
54
1414
1414
1414
1414
1414
1414
54
1414
1414
1414
1414
54
1414
1414
1414
54
1414
54
1414
1414
1414
1414
1414
54
1414
54
1414
1414
1414
54
1414
54
1414
1414
1414
1414
1414
1414
1414
54
1414
54
1414
1414
1414
1414
1414
1414
54
1414
1414
1414
1414
54
1414
1414
1414
1414
1414
1414
1414
54
1414
54
1414
1414
54
1414
1414
1414
1414
1414
1414
54
1414
1414
1414
1414
1414
54
1414
54
1414
1414
1414
1414
54
1414
1414
54
1414
1414
1414
54
1414
54
1414
1414
1414
1414
1414
1414
54
1414
1414
1414
54
1414
54
1414
1414
1414
1414
1414
1414
1414
54
1414
54
1414
1414
1414
1414
1414
54
1414
54
1414
1414
1414
1414
54
1414
1414
1414
1414
1414
54
1414
54
1414
1414
54
1414
1414
1414
1414
54
1414
1414
1414
1414
1414
1414
54
1414
1414
54
1414
1414
54
1414
1414
1414
1414
54
1414
1414
1414
1414
1414
1414
54
1414
1414
54
1414
1414
1414
54
1414
54
1414
1414
54
1414
1414
1414
1414
1414
54
1414
54
1414
1414
54
1414
1414
54
1414
1414
1414
54
1414
1414
54
1414
54
1414
1414
1414
1414
54
1414
1414
54
1414
1414
1414
54
1414
54
1414
1414
54
1414
1414
1414
1414
1414
54
1414
54
1414
1414
1414
1414
1414
1414
1414
54
1414
54
1414
1414
1414
1414
1414
54
1414
54
1414
1414
1414
54
1414
1414
54
1414
54
1414
1414
54
1414
1414
54
1414
1414
1414
1414
1414
1414
54
1414
1414
54
1414
1414
1414
1414
1414
54
1414
54
1414
1414
1414
1414
1414
1414
1414
54
1414
54
1414
1414
1414
1414
1414
54
1414
54
1414
1414
1414
1414
54
1414
1414
54
1414
1414
1414
1414
1414
1414
54
1414
1414
1414
1414
1414
1414
1414
54
1414
1414
1414
1414
1414
54
1414
1414
54
1414
1414
54
1414
1414
1414
1414
1414
1414
1414
54
1414
1414
54
1414
1414
54
1414
1414
54
1414
1414
54
1414
1414
54
1414
1414
54
1414
1414
54
1414
1414
54
1414
54
1414
1414
54
1414
1414
54
1414
1414
54
1414
1414
1414
1414
1414
1414
54
1414
1414
1414
1414
1414
1414
54
1414
1414
1414
1414
1414
54
1414
1414
54
1414
1414
54
1414
1414
1414
1414
1414
1414
54
1414
1414
1414
1414
54
1414
1414
1414
1414
54
1414
1414
54
1414
54
1414
1414
1414
1414
1414
1414
54
1414
1414
54
1414
1414
1414
1414
54
1414
1414
1414
54
1414
54
1414
1414
54
1414
1414
54
1414
1414
54
1414
1414
54
1414
1414
1414
1414
1414
54
1414
54
1414
1414
54
1414
1414
1414
1414
1414
54
1414
54
1414
1414
1414
1414
1414
54
1414
54
1414
1414
1414
1414
1414
1414
1414
54
1414
54
1414
1414
1414
1414
54
1414
1414
54
1414
1414
1414
54
1414
54
1414
1414
1414
1414
54
1414
1414
1414
1414
54
1414
1414
1414
1414
1414
1414
54
1414
1414
1414
1414
1414
1414
54
1414
1414
1414
1414
1414
54
1414
54
1414
1414
1414
54
1414
54
1414
1414
1414
1414
1414
54
1414
1414
54
1414
54
1414
1414
54
1414
1414
1414
1414
54
1414
1414
1414
54
1414
54
1414
1414
54
1414
1414
1414
54
1414
1414
54
1414
54
1414
1414
1414
54
1414
54
1414
1414
1414
54
1414
1414
54
1414
1414
1414
1414
54
1414
1414
54
1414
54
1414
1414
1414
1414
1414
1414
54
1414
1414
54
1414
1414
1414
54
1414
1414
1414
1414
1414
54
1414
1414
1414
54
1414
1414
54
1414
1414
54
1414
1414
54
1414
1414
54
1414
1414
54
1414
1414
54
1414
1414
1414
1414
1414
1414
54
1414
1414
54
1414
1414
54
1414
1414
54
1414
1414
54
1414
54
1414
1414
1414
54
1414
54
1414
1414
1414
1414
54
1414
1414
1414
54
1414
1414
54
1414
54
1414
1414
1414
1414
1414
54
1414
54
1414
1414
54
1414
1414
1414
54
1414
1414
54
1414
1414
54
1414
1414
54
1414
1414
54
1414
1414
54
1414
1414
54
1414
1414
54
1414
1414
54
1414
1414
54
1414
1414
54
1414
1414
54
1414
1414
54
1414
1414
54
1414
54
55
1414
1414
54
1414
1414
54
1414
1414
1414
1414
1414
54
1414
54
1414
1414
1414
54
1414
1414
54
1414
1414
54
1414
1414
54
1414
1414
54
1414
1414
54
1414
1414
54
1414
1414
54
1414
1414
54
1414
1414
54
1414
1414
54
1414
1414
54
1414
1414
54
1268
54
66
310
100
60
100
200
277
54
54
60
54
529
100
60
60
100
128
92
100
54
100
60
55
66
107
117
60
54
54
60
155
54
117
60
60
54
54
60
1332
1414
1414
1414
1414
1414
54
1414
54
1414
1414
1414
54
1414
1414
1414
1414
54
1414
54
1414
1414
54
1414
1414
1414
1414
1414
54
1414
54
1414
1414
1414
1414
54
1414
1414
1414
1414
1414
1414
1414
54
1414
54
1414
1414
1414
1414
54
1414
1414
1414
1414
1414
1414
54
1414
1414
1414
54
1414
54
1414
1414
54
1414
1414
54
1414
1414
54
1414
1414
54
1414
1414
1414
1414
1414
54
1414
54
1414
1414
54
1414
1414
54
1414
1414
54
1414
1414
1414
1414
1414
1414
1414
54
1414
1414
1414
1414
1414
54
1414
1414
54
1414
1414
54
1414
1414
54
1414
1414
1414
54
1414
54
1414
1414
54
1414
1414
1414
1414
1414
1414
1414
54
1414
1414
54
1414
1414
54
1414
54
1414
1414
1414
1414
1414
1414
54
1414
1414
54
1414
1414
1414
1414
1414
1414
1414
54
1414
54
1414
1414
1414
54
1414
1414
1414
54
1414
1414
1414
1414
1414
54
1414
1414
1414
1414
54
1414
54
1414
1414
1414
1414
1414
1414
1414
54
1414
54
1414
1414
54
1414
1414
54
1414
1414
1414
54
1414
1414
1414
54
1414
1414
54
1414
1414
1414
1414
54
1414
1414
1414
1414
1414
1414
1414
54
1414
54
1414
1414
1414
1414
1414
1414
1414
54
1414
54
1414
1414
1414
1414
1414
1414
1414
54
1414
54
1414
1414
1414
1414
1414
54
1414
54
1414
1414
1414
1414
1414
1414
1414
54
1414
54
1414
1414
1414
1414
1414
1414
54
1414
1414
1414
1414
54
1414
1414
1414
1414
1414
54
1414
54
1414
1414
1414
54
1414
1414
54
1414
1414
54
1414
54
1414
1414
1414
1414
1414
1414
1414
54
1414
54
1414
1414
1414
1414
1414
54
1254
54
1414
1414
214
1414
1414
54
1414
54
1414
1414
1414
1414
1414
1414
1414
54
1414
54
1414
1414
54
1414
1414
54
1414
1414
54
1414
1414
54
1414
1414
1414
1414
54
1414
1414
1414
54
1414
54
1414
1414
54
1414
1414
1414
1414
54
1414
1414
1414
1414
1414
54
1414
1414
1414
1414
1414
1414
54
1414
1414
54
1414
54
1414
1414
1414
1414
1414
1414
1414
1414
54
1414
1414
54
1414
1414
1414
54
1414
54
1414
1414
1414
1414
1414
54
1414
54
1414
1414
1414
1414
1414
1414
54
1414
1414
1414
1414
1414
54
1414
54
1414
1414
1414
1414
54
1414
1414
54
1414
1414
1414
1414
1414
54
1414
1414
54
1414
1414
1414
54
1414
1414
54
1414
1414
1414
1414
1414
54
1414
54
1414
1414
1414
1414
1414
54
1414
54
1414
1414
54
1414
1414
1414
1414
1414
1414
54
1414
1414
1414
1414
1414
1414
54
1414
1414
1414
1414
1414
1414
54
1414
1414
1414
1414
1414
1414
1414
54
1414
1414
54
1414
1414
1414
1414
1414
1414
54
1414
1414
54
1414
1414
1414
1414
1414
54
1414
1414
54
1414
1414
1414
1414
1414
54
1414
54
1414
1414
1414
1414
54
1414
1414
1414
1414
1414
54
1414
54
1414
1414
1414
1414
54
1414
1414
54
1414
1414
1414
54
1414
1414
54
1414
1414
1414
54
1414
1414
54
1414
1414
1414
1414
1414
54
1414
54
1414
1414
1414
54
1414
1414
54
1414
54
1414
1414
54
1414
1414
54
1414
1414
1414
1414
1414
1414
1414
54
1414
54
1414
1414
1414
54
1414
54
1414
1414
1414
1414
54
1414
1414
54
1414
1414
1414
1414
1414
1414
54
1414
1414
1414
1414
54
1414
1414
54
1414
1414
1414
1414
1414
1414
54
1414
1414
54
1414
1414
1414
1414
1414
54
1414
1414
54
1414
1414
1414
1414
1414
1414
54
1414
54
1414
1414
1414
54
1414
54
1414
1414
1414
1414
1414
54
1414
54
1414
1414
1414
54
1414
54
1414
1414
1414
1414
54
1414
1414
1414
1414
54
1414
1414
1414
1414
1414
1414
1414
54
1414
54
1414
1414
1414
1414
1414
1414
54
1414
1414
54
1414
1414
54
1414
1414
54
1414
1414
1414
54
1414
54
1414
1414
1414
54
1414
54
1414
1414
54
1414
1414
54
1414
1414
1414
54
1414
54
1414
1414
1414
54
1414
1414
54
1414
1414
54
1414
54
1414
1414
54
1414
1414
54
1414
1414
1414
1414
1414
1414
1414
54
1414
54
1414
1414
1414
54
1414
54
1414
1414
1414
1414
1414
1414
54
1414
1414
1414
1414
1414
1414
1414
54
1414
54
1414
1414
1414
1414
1414
54
1414
54
1414
1414
1414
54
1414
54
1414
1414
1414
1414
1414
1414
54
1414
1414
1414
1414
54
1414
1414
1414
54
1414
54
1414
1414
1414
1414
1414
1414
1414
54
1414
54
1414
1414
1414
54
1414
54
1414
1414
1414
54
1414
1414
1414
1414
1414
1414
54
1414
54
1414
1414
54
1414
1414
1414
54
1414
54
1414
1414
1414
1414
1414
1414
1414
54
1414
54
1414
1414
54
1414
1414
1414
1414
1414
1414
54
1414
1414
1414
54
1414
54
1414
1414
1414
1414
1414
1414
54
1414
1414
54
1414
1414
54
1414
1414
54
1414
1414
1414
1414
1414
54
1414
1414
54
1414
54
1414
1414
1414
1414
1414
1414
1414
54
1414
1414
1414
54
1414
1414
54
1414
1414
1414
1414
1414
1414
54
1414
1414
54
1414
1414
1414
54
1414
54
1414
1414
1414
1414
1414
1414
54
1398
1414
1238
54
1414
54
1414
1414
54
1414
1414
54
1414
1414
54
1414
1414
246
1414
1414
1414
1414
54
1414
54
1414
1414
1414
54
1414
1414
54
1414
54
1414
1414
54
1414
1414
1414
1414
1414
1414
1414
54
1414
54
1414
1414
1414
1414
1414
1414
1414
54
1414
54
1414
1414
1414
54
1414
54
1414
1414
1414
1414
54
1414
1414
1414
1414
1414
1414
54
1414
1414
54
1414
1414
1414
54
1414
54
1414
1414
1414
1414
1414
1414
54
1414
1414
54
1414
1414
1414
54
1414
1414
54
1414
54
1414
1414
1414
54
1414
54
1414
1414
1414
1414
54
1414
1414
1414
1414
1414
1414
1414
54
1414
1414
54
1414
54
1414
1414
1414
54
1414
54
1414
1414
54
1414
1414
1414
1414
1414
1414
1414
54
1414
54
1414
1414
54
1414
1414
1414
1414
1414
1414
1414
54
1414
54
1414
1414
1414
54
1414
54
1414
1414
1414
54
1414
54
1414
1414
54
1414
1414
1414
1414
54
1414
1414
1414
1414
1414
1414
1414
54
1414
54
1414
1414
1414
1414
1414
1414
54
1414
1414
54
1414
1414
1414
1414
1414
1414
54
1414
1414
54
1414
1414
54
1414
1414
54
1414
1414
54
1414
1414
54
1414
1414
54
1414
1414
54
1414
1414
54
1414
1414
1414
1414
1414
1414
54
1414
1414
1414
1414
1414
1414
1414
54
1414
54
1414
1414
1414
1414
1414
1414
54
1414
1414
54
1414
1414
1414
1414
1414
1414
54
1414
1414
1414
1414
1414
1414
1414
54
1414
1414
54
1414
1414
54
1414
54
1414
1414
54
1414
1414
1414
1414
1414
1414
1414
54
1414
54
1414
1414
1414
54
1414
54
1414
1414
1414
1414
1414
54
1414
1414
54
1414
54
1414
1414
54
1414
1414
1414
54
1414
54
1414
1414
1414
1414
54
1414
1414
54
1414
1414
1414
1414
1414
54
1414
1414
1414
1414
1414
54
1414
1414
54
1414
1414
1414
1414
1414
54
1414
54
1414
1414
1414
54
1414
54
1414
1414
54
1414
1414
1414
54
1414
54
1414
1414
1414
54
1414
54
1414
1414
54
1414
1414
54
1414
1414
1414
1414
1414
54
1414
54
1414
1414
54
1414
1414
54
1414
1414
1414
54
1414
54
1414
1414
1414
1414
1414
1414
1414
54
1414
54
1414
1414
1414
1414
54
1414
1414
1414
54
1414
54
1414
1414
1414
1414
1414
1414
1414
54
1414
54
1414
1414
1414
1414
1414
1414
54
1414
1414
1414
54
1414
1414
1414
1414
54
1414
54
1414
1414
1414
1414
1414
54
1414
54
1414
1414
1414
1414
1414
1414
54
1414
1414
1414
1414
1414
1414
54
1414
1414
1414
1414
1414
1414
1414
54
1414
54
1414
1414
54
1414
1414
1414
1414
1414
1414
1414
54
1414
54
1414
1414
1414
1414
54
1414
1414
54
1414
1414
1414
1414
1414
54
1414
54
1414
1414
1414
54
1414
54
1414
1414
1414
1414
54
1414
1414
1414
1414
1414
54
1414
54
1414
1414
1414
1414
1414
1414
1414
1414
54
1414
1414
1414
1414
54
1414
1414
1414
1414
54
1414
1414
54
1414
1414
1414
1414
1414
1414
1414
54
1414
54
1414
1414
1414
1414
54
1414
1414
1414
1414
54
1414
1414
54
1414
1414
1414
1414
54
1414
1414
54
1414
1414
1414
1414
1414
1414
1414
54
1414
54
1414
1414
1414
1414
1414
54
1414
54
1414
1414
1414
1414
1414
54
1414
54
1414
1414
1414
54
1414
54
1414
1414
1414
54
1414
54
1414
1414
1414
54
1414
54
1414
1414
1414
1414
1414
54
1414
54
1414
1414
1414
1414
1414
1414
54
1414
1414
54
1414
1414
1414
1414
1414
54
1414
54
1414
1414
1414
1414
1414
54
1414
54
1414
1414
1414
1414
1414
1414
54
1414
1414
1414
1414
1414
1414
54
1414
1414
54
1414
1414
1414
1414
1414
1414
1414
54
1414
54
1414
1414
1414
1414
1414
1414
54
1414
1414
54
1414
1414
1414
1414
54
1414
1414
54
1414
1414
1414
1414
54
1414
1414
1414
1414
54
1414
1414
1414
54
1414
1414
1414
54
1414
1414
54
1414
1414
54
1414
1414
1414
1414
1414
54
1414
1414
54
1414
1414
1414
1414
1414
54
1414
1414
1414
1414
1414
1414
1414
54
1414
54
1414
1414
1414
1414
1414
1414
54
1414
1414
1414
1414
1414
54
1414
1414
1414
1414
54
1414
54
1414
1414
54
1414
1414
1414
54
1414
1414
1414
1414
1414
1414
54
1414
54
1414
1414
1414
1414
54
1414
1414
54
1414
1414
1414
1414
1414
54
1414
54
1414
1414
54
1414
1414
1414
1414
1414
1414
54
1414
1414
1414
1414
1414
1414
1414
54
1414
54
1414
1414
1414
54
1414
54
1414
1414
54
1414
1414
1414
1414
1414
1414
54
1414
1414
54
1414
1414
1414
1414
1414
1414
1414
54
1414
54
1414
1414
1414
54
1414
54
1414
1414
54
1414
1414
1414
54
1414
54
1414
1414
1414
1414
54
1414
1414
54
1414
1414
1414
1414
1414
1414
1414
54
1414
54
1414
1414
1414
1414
1414
54
1414
54
1414
1414
1414
1414
1414
1414
1414
54
1414
54
1414
1414
54
1414
1414
54
1414
1414
1414
1414
1414
1414
54
1414
1414
54
1414
1414
1414
1414
1414
1414
54
1414
1414
1414
1414
1414
1414
1414
54
1414
1414
54
1414
1414
1414
1414
1414
1414
54
1414
54
1414
1414
1414
1414
1414
1414
54
1414
1414
54
1414
1414
1414
1414
1414
54
1414
54
1414
1414
54
1414
1414
54
1414
1414
1414
54
1414
54
1414
1414
54
1414
1414
54
1414
1414
1414
1414
1414
1414
1414
54
1414
54
1414
1414
1414
1414
54
1414
1414
1414
54
1414
1414
1414
1414
1414
54
1414
1414
1414
1414
54
1414
1414
54
1414
1414
54
1414
1414
54
1414
1414
1414
54
1414
54
1414
1414
54
1414
1414
1414
1414
1414
1414
54
1414
1414
1414
54
1414
54
1414
1414
1414
1414
1414
1414
1414
54
1414
54
1414
1414
1414
54
1414
1414
1414
1414
54
1414
54
1414
1414
1414
1414
1414
1414
1414
54
1414
54
1414
1414
54
1414
1414
1414
1414
1414
1414
54
1414
903
54
1329
1414
1414
1414
1414
1414
1414
54
1414
1414
54
1414
1414
1414
54
1414
1414
1414
54
1414
1414
54
1414
1414
54
1414
1414
54
1414
1414
54
1414
1414
54
1414
1414
1414
1414
54
1414
1414
54
1414
1414
54
1414
1414
54
1414
1414
1414
1414
1414
54
1414
1414
54
1414
54
1414
1414
1414
54
1414
1414
54
1414
1414
54
1414
1414
54
1414
1414
1414
1414
1414
54
1414
1414
1414
54
1414
1414
1414
54
1414
1414
54
1414
1414
1414
54
1414
54
1414
1414
1414
54
1414
54
1414
1414
1414
1414
1414
1414
1414
54
1414
54
1414
1414
1414
1414
54
1414
1414
1414
54
1414
1414
1414
54
1414
1414
54
1414
1414
1414
54
1414
54
1414
1414
1414
1414
1414
1414
1414
54
1414
1414
54
1414
54
1414
1414
1414
1414
1414
1414
54
1414
1414
54
1414
1414
54
1414
1414
1414
1414
1414
1414
1414
54
1414
1414
54
1414
54
1414
1414
1414
1414
1414
1414
54
1414
1414
1414
1414
1414
54
1414
54
1414
1414
1414
54
1414
54
1414
1414
1414
1414
1414
54
1414
1414
54
1414
54
1414
1414
1414
54
1414
54
1414
1414
1414
1414
54
1414
1414
1414
1414
54
1414
1414
1414
1414
1414
1414
54
1414
1414
54
1414
1414
1414
54
1414
54
1414
1414
54
1414
1414
1414
1414
1414
1414
1414
54
1414
54
1414
1414
1414
1414
54
1414
1414
54
1414
1414
1414
1414
1414
1414
54
1414
1414
54
1414
1414
1414
1414
1414
54
1414
54
1414
1414
1414
1414
1414
1414
1414
54
1414
1414
1414
1414
1414
54
1414
1414
1414
1414
1414
54
1414
54
1414
1414
1414
54
1414
54
1414
1414
1414
54
1414
54
1414
1414
1414
1414
552
54
445
100
60
60
100
128
92
100
54
100
60
1332
1414
1414
1414
1414
1414
1414
54
1414
1414
54
1414
1414
1414
1414
1414
54
1414
1414
54
1414
54
1414
1414
1414
1414
54
1414
1414
54
1414
1414
54
1414
1414
1414
1414
1414
54
1414
1414
1414
54
1414
54
1414
1414
54
1414
1414
1414
1414
1414
1414
54
1414
1414
1414
54
1414
54
1414
1414
54
1414
1414
1414
1414
1414
1414
54
1414
1414
54
1414
1414
1414
1414
1414
1414
1414
54
1414
54
1414
1414
1414
54
1414
1414
1414
54
1414
1414
54
1414
1414
1414
1414
1414
1414
1414
54
1414
1414
1414
54
1414
1414
1414
54
1414
54
1414
1414
54
1414
1414
54
1414
1414
54
1414
1414
1414
54
1414
1414
54
1414
54
1414
1414
1414
1414
54
1414
1414
54
1414
1414
54
1414
1414
54
1414
1414
1414
1414
54
1414
1414
54
1414
1414
1414
1414
1414
54
1414
1414
1414
54
1414
1414
1414
54
1414
54
1414
1414
1414
1414
54
1414
1414
1414
1414
1414
54
1414
1414
54
1414
1414
1414
1414
54
1414
1414
1414
54
1414
54
1414
1414
1414
1414
1414
54
1414
54
1414
1414
54
1414
1414
1414
1414
1414
1414
54
1414
1414
1414
1414
1414
1414
54
1414
1414
1414
54
1414
1414
1414
54
1414
1414
1414
1414
54
1414
1414
1414
1414
1414
54
1414
54
1414
1414
1414
1414
1414
54
1414
54
1414
1414
54
1414
1414
1414
54
1414
54
1414
1414
1414
1414
54
1414
1414
54
1414
1414
1414
1414
1414
1414
54
1414
1414
54
1414
1414
54
1414
1414
1414
1414
54
1414
1414
1414
1414
1414
1414
1414
54
1414
54
1414
1414
54
1414
1414
1414
1414
1414
1414
1414
54
1414
54
1414
1414
54
1414
1414
1414
1414
1414
54
1414
54
1414
1414
1414
1414
1414
1414
54
1414
1414
1414
1414
1414
54
1414
1414
1414
1414
54
1414
54
1414
1414
1414
1414
1414
1414
1414
54
1414
54
1414
1414
1414
1414
1414
1414
1414
54
1414
54
1414
1414
1414
1414
1414
1414
1414
54
1414
54
1414
1414
1414
1414
54
1414
1414
1414
54
1414
1414
54
1414
1414
54
1414
54
1414
1414
1414
1414
1414
54
1414
54
1414
1414
54
1414
1414
54
1414
1414
1414
54
1414
54
1414
1414
54
1414
1414
54
1414
1414
1414
1414
1414
1414
1414
54
1414
54
1414
1414
1414
54
1414
54
1414
1414
54
1414
1414
54
1414
1414
1414
1414
54
1414
1414
1414
1414
54
1414
1414
54
1414
1414
1414
1414
1414
1414
1414
54
1414
1414
54
1414
54
1414
1414
1414
1414
1414
1414
1414
54
1414
1414
54
1414
1414
1414
1414
54
1414
1414
1414
1414
1414
1414
54
1414
54
1414
1414
1414
1414
1414
1414
54
1414
1414
54
1414
1414
54
1414
1414
1414
1414
54
1414
1414
1414
54
1414
54
1414
1414
1414
1414
1414
54
1414
1414
1414
1414
1414
54
1414
1414
1414
1414
1414
1414
54
1414
1414
54
1414
1414
1414
54
1414
54
1414
1414
54
1414
1414
54
1414
1414
54
1414
1414
1414
1414
54
1414
1414
1414
1414
1414
1414
1414
54
1414
1414
54
1414
54
1414
1414
1414
1414
54
1414
1414
1414
1414
1414
1414
1414
54
1414
54
1414
1414
54
1414
1414
54
1414
1414
54
1414
1414
1414
1414
54
1414
1414
1414
1414
54
1414
1414
1414
1414
1414
1414
54
1414
1414
1414
54
1414
1414
1414
1414
1414
1414
54
1414
54
1414
1414
1414
1414
1414
54
1414
54
1414
1414
1414
1414
54
1414
1414
54
1414
1414
54
1414
1414
1414
1414
1414
1414
54
1414
1414
54
1414
1414
1414
1414
1414
1414
1414
54
1414
54
1414
1414
54
1414
1414
54
1414
1414
1414
1414
1414
1414
54
1414
1414
54
1414
1414
1414
54
1414
54
1414
1414
54
1414
1414
1414
1414
54
1414
1414
1414
1414
1414
1414
54
1414
1414
1414
1414
1414
1414
54
1414
1414
1414
1414
1414
1414
1414
54
1414
1414
54
1414
54
1414
1414
1414
1414
1414
1414
1414
54
1414
54
1414
1414
1414
1414
1414
1414
1414
54
1414
1414
54
1414
54
1414
1414
1414
1414
1414
1414
1414
54
1414
1414
54
1414
54
1414
1414
1414
1414
1414
1414
1414
54
1414
1414
1414
54
1414
1414
1414
1414
1414
1414
1414
54
1414
1414
1414
54
1414
1414
1414
1414
1414
1414
54
1414
1414
54
1414
1414
1414
54
1414
54
1414
1414
1414
1414
1414
1414
54
1414
1414
1414
1414
54
1414
1414
1414
1414
1414
54
1414
54
1414
1414
1414
1414
1414
54
1414
1414
54
1414
1414
1414
1414
1414
54
1414
1414
1414
1414
54
1414
1414
1414
1414
1414
1414
54
1414
1414
1414
1414
1414
1414
1414
54
1414
1414
54
1414
1414
1414
54
1414
1414
1414
1414
1414
1414
54
1414
1414
54
1414
1414
1414
1414
54
55
1414
1414
1414
1414
1414
1414
54
1414
1414
54
1414
1414
1414
1414
1414
1414
1414
54
1414
1414
54
1414
54
1414
1414
1414
1414
1414
1414
1414
54
1414
54
1414
1414
1414
1414
1414
1414
1414
54
1414
1414
54
1414
1414
1414
54
1414
1414
1414
1414
1414
1414
54
1414
1414
1414
54
1414
54
1414
1414
1414
1414
54
1414
1414
54
1414
1414
1414
54
1414
54
1414
1414
54
1414
1414
1414
1414
1414
54
1414
54
1414
1414
1414
1414
1414
1414
1414
54
1414
54
1414
1414
1414
1414
1414
1414
1414
54
1414
54
1414
1414
1414
1414
1414
1414
1414
54
1414
1414
1414
1414
1414
1414
54
1414
54
1414
1414
1414
1414
1414
1414
54
1414
1414
54
1414
1414
54
1414
1414
1414
54
1414
1414
1414
54
1414
1414
1414
54
1414
1414
1414
1414
1414
54
1414
1414
1414
1414
1414
1414
54
1414
1414
1414
1414
54
1414
1414
54
66
1414
1414
1414
1414
54
1414
1414
1414
1414
1414
54
1414
54
1414
1414
1414
1414
1414
1414
54
1414
1414
54
1414
1414
1414
54
1414
1414
1414
1414
1414
54
1414
1414
1414
1414
1414
1414
1414
54
1414
1414
1414
1414
1414
1414
54
1414
54
1414
1414
54
1414
1414
54
1414
1414
54
1414
1414
54
1414
1414
54
1414
1414
54
1414
1414
54
1414
1414
54
1414
1414
54
1414
1414
54
1414
1414
54
1414
1414
54
1414
1414
1414
1414
1414
1414
54
1414
1414
54
1414
1414
1414
1414
1414
1414
1414
54
1414
54
1414
1414
1414
1414
1414
1414
1414
54
1414
54
1414
1414
54
1414
1414
1414
1414
54
1414
1414
54
1414
1414
1414
54
1414
54
1414
1414
1414
1414
54
1414
1414
1414
54
1414
1414
1414
1414
54
1414
54
1414
1414
1414
1414
1414
1414
54
1414
1414
1414
1414
1414
54
1414
54
1414
1414
54
1414
1414
54
1414
1414
54
1414
1414
1414
1414
1414
1414
54
1414
1414
1414
1414
1414
1414
1414
54
1414
1414
54
1414
1414
1414
54
1414
1414
1414
1414
54
1414
1414
54
1414
1414
1414
54
1414
54
1414
1414
1414
1414
1414
1414
54
1414
1414
54
1414
1414
1414
1414
1414
1414
54
1414
1414
1414
54
1414
54
1414
1414
1414
1414
1414
54
1414
54
1414
1414
1414
1414
54
1414
1414
1414
1414
1414
1414
54
1414
1414
1414
1414
1414
54
1414
1414
54
1414
54
1414
1414
54
1414
1414
54
1414
1414
1414
1414
54
1414
1414
54
1414
1414
54
1414
1414
54
1414
1414
1414
1414
1414
1414
54
1414
1414
54
1414
1414
1414
1414
1414
1414
1414
54
1414
54
1414
1414
54
1414
1414
54
1414
1414
1414
1414
1414
1414
54
1414
1414
54
1414
1414
1414
54
1414
54
1414
1414
1414
54
1414
1286
1414
54
1414
1414
1414
1414
1414
1414
1414
54
1414
1414
54
1414
1414
54
1414
54
1414
1414
1414
1414
1414
54
1414
1414
54
1414
182
1414
1414
1414
1414
54
1414
54
1414
60
1414
1414
1414
1414
1414
54
54
1414
1414
1414
54
1414
1414
1414
1414
1414
54
1414
1414
1414
1414
1414
54
1414
1414
1414
1414
1414
54
1414
1414
1414
1414
1414
1414
54
1414
54
1414
1414
1414
1414
1414
1414
54
1414
1414
1414
54
1414
54
1414
1414
1414
1414
1414
54
1414
54
1414
1414
1414
1414
1414
54
1414
54
1414
1414
1414
1414
1414
1414
1414
54
1414
54
1414
1414
1414
54
1414
54
1414
1414
1414
54
1414
54
1414
1414
1414
1414
1414
1414
54
1414
1414
1414
1414
1414
1414
1414
54
1414
54
1414
1414
1414
1414
54
1414
1414
1414
1414
54
1414
1414
1414
1414
1414
54
1414
1414
54
1414
1414
1414
1414
1414
54
1414
1414
1414
1414
1414
1414
54
1414
1414
1414
1414
1414
1414
54
1414
1414
1414
1414
1414
1414
1414
54
1414
1414
54
1414
54
1414
1414
1414
1414
1414
1414
1414
54
1414
1414
1414
1414
1414
54
1414
1414
1414
1414
1414
54
1414
54
1414
1414
1414
1414
1414
54
1414
54
1414
1414
1414
1414
1414
54
1414
1414
1414
1414
1414
54
1414
1414
54
1414
1414
54
1414
1414
1414
1414
1414
1414
1414
54
1414
54
1414
1414
1414
54
1414
1414
1414
1414
1414
1414
54
1414
54
1414
1414
1414
54
1414
54
1414
1414
1414
1414
54
1414
1414
1414
1414
1414
54
1414
1414
54
1414
1414
1414
1414
1414
1414
54
1414
1414
1414
54
1414
1414
1414
1414
1414
1414
54
1414
1414
1414
1414
1414
1414
54
1414
1414
1414
54
1414
54
1414
1414
54
1414
1414
54
1414
1414
54
1414
1414
1414
1414
54
1414
1414
1414
54
1414
54
1414
1414
1414
1414
1414
1414
54
1414
1414
1414
54
1414
54
1414
1414
1414
1414
1414
1414
54
1414
1414
1414
1414
1414
1414
1414
54
1414
1414
54
1414
54
1414
1414
1414
1414
1414
1414
1414
54
1414
1414
54
1414
54
1414
1414
1414
1414
1414
1414
1414
54
1414
1414
54
1414
54
1414
1414
1414
1414
1414
1414
54
1414
1414
54
1414
1414
1414
1414
1414
1414
54
1414
1414
1414
1414
1414
1414
1414
54
1414
1414
54
1414
1414
1414
1414
1414
1414
54
1414
54
1414
1414
1414
1414
1414
1414
1414
54
1414
54
1414
1414
1414
1414
1414
1414
54
1414
1414
54
1414
1414
1414
1414
1414
1414
54
1414
1414
1414
54
1414
1414
1414
1414
54
1414
1414
1414
1414
1414
1414
54
1414
1414
54
1414
1414
54
1414
1414
54
1414
1414
54
1414
1414
54
1414
1414
54
1414
1414
54
1414
1414
54
1414
1414
1414
54
1414
1414
54
1414
54
1414
1414
1414
54
1414
1414
54
1414
1414
54
1414
1414
54
1414
1414
54
1414
1414
54
1414
54
1414
1414
1414
1414
54
1414
1414
54
1414
1414
1414
1414
1414
54
1414
54
1414
1414
1414
1414
1414
1414
1414
54
1414
54
1414
1414
54
1414
1414
54
1414
1414
54
1414
1414
1414
1414
1414
1414
1414
54
1414
54
1414
1414
1414
1414
1414
1414
1414
54
1414
54
1414
1414
54
1414
1414
1414
1414
1414
1414
1414
54
1414
54
1414
1414
54
1414
1414
1414
54
1414
54
1414
1414
54
1414
1414
1414
54
1414
54
1414
790
54
332
100
60
60
100
164
100
54
100
100
66
60
55
66
1329
1414
1414
1414
1414
1414
54
1414
54
1414
1414
54
1414
1414
1414
1414
1414
1414
1414
54
1414
54
1414
1414
1414
1414
1414
1414
54
1414
1414
54
1414
1414
1414
54
1414
54
1414
1414
1414
1414
1414
1414
54
1414
1414
54
1414
1414
54
1414
1414
1414
1414
54
1414
1414
1414
54
1414
1414
54
1414
54
1414
1414
1414
1414
1414
1414
54
1414
1414
54
1414
1414
1414
1414
1414
54
1414
54
1414
1414
54
1414
1414
54
1414
1414
1414
1414
54
1414
1414
54
1414
1414
1414
1414
1414
1414
54
1414
1414
1414
1414
54
1414
1414
1414
1414
1414
1414
54
1414
1414
1414
1414
1414
54
1414
1414
54
1414
54
1414
1414
1414
54
1414
54
1414
1414
1414
1414
1414
54
1414
1414
54
1414
54
1414
1414
1414
1414
1414
1414
1414
54
1414
54
1414
1414
1414
1414
1414
54
1414
54
1414
232
54
60
66
55
66
310
100
60
100
202
277
54
528
100
60
60
100
128
92
100
54
100
100
66
171
60
203
54
55
66
55
66
55
66
388
1414
407
60
55
66
139
60
155
155
54
55
66
55
66
107
107
155
54
66
442
100
60
60
100
128
92
100
54
100
60
66
66
54
571
60
1414
1414
192
54
180
296
1414
251
60
296
54
60
54
310
100
60
100
202
277
54
508
60
128
92
100
54
100
60
54
60
55
66
55
66
55
66
55
143
100
886
60
60
60
100
127
220
54
100
60
55
66
55
66
117
60
60
54
54
60
388
1414
407
60
55
66
117
60
54
54
60
55
66
302
258
60
60
629
54
231
307
307
66
100
60
509
100
60
60
100
128
92
100
54
100
100
66
171
60
203
54
310
100
60
100
202
277
54
442
55
60
128
138
54
100
66
60
66
66
54
571
60
214
270
60
107
104
96
362
60
60
60
60
110
96
54
92
92
259
135
100
54
100
60
107
155
139
54
60
155
155
54
117
60
54
54
60
54
60
55
66
55
66
85
54
60
54
55
66
508
100
60
60
100
128
92
100
54
100
60
310
100
60
100
201
277
54
55
66
432
520
221
100
60
60
60
60
128
92
100
105
92
100
54
100
100
100
1414
742
1128
54
100
60
60
54
60
388
1414
407
60
55
66
55
66
438
55
66
128
92
100
54
100
60
451
498
60
60
128
92
100
54
105
92
100
54
54
