frame.len
55
66
388
1474
347
54
66
66
54
256
54
1474
682
1474
54
351
54
345
54
107
104
96
448
54
54
54
54
404
92
96
92
54
1474
216
1474
54
682
54
1474
1474
1474
1474
54
1474
1474
54
1474
1474
1474
1474
261
54
100
54
55
54
66
66
54
257
54
1474
1474
1424
54
345
107
104
96
432
348
110
96
54
92
54
92
54
54
515
1474
54
1474
575
54
54
1474
1474
54
1474
1474
1474
1474
54
1474
1474
1474
54
1474
54
1474
1302
307
542
54
66
1474
1474
54
1474
1474
1474
1474
54
1474
1474
1474
54
1474
1474
1370
54
1474
1474
1474
1474
1474
1474
54
1474
548
601
92
100
54
100
54
66
66
54
266
54
66
54
571
1474
682
54
1474
796
54
345
54
107
104
96
339
54
54
54
54
348
152
54
92
92
279
54
138
100
54
66
1474
1474
72
54
180
66
54
276
54
54
1474
1474
846
54
345
364
465
270
1339
66
66
54
571
1474
1474
54
1474
1474
1474
1474
54
1474
1474
1474
1474
54
54
205
270
1341
1474
1474
1474
1474
1474
54
1474
1474
54
1474
54
1474
1474
1474
1474
1474
1474
1474
1474
1474
1474
1474
1474
54
54
1474
1474
54
1474
1474
1474
54
1474
1474
54
1474
54
1474
1474
1474
1474
1474
1474
54
1474
1474
1072
1474
1474
1474
54
54
1474
1474
1474
54
1474
1474
1474
54
1474
54
1474
1474
54
1474
1474
54
1474
1474
1474
1474
54
1474
1474
1474
1474
1474
1474
54
1474
1474
1474
54
1474
1474
54
1474
54
260
1474
1474
54
1474
1474
54
1474
1474
54
1474
1474
1474
1474
54
1474
1474
1474
54
1474
1474
54
1474
1474
54
1474
1474
1474
1474
1474
1474
1474
1474
1474
1474
1474
54
1474
1474
1474
1474
54
1474
1474
1474
1474
1474
1474
54
1474
1474
1474
1474
54
1474
1474
1474
54
1474
1474
54
1474
54
1474
1474
54
1474
1474
1474
54
1474
54
1474
1474
1474
1474
1474
1294
1474
1474
1474
54
1474
1474
1474
1474
54
1474
1474
1474
234
1474
54
1474
1474
54
1474
1474
54
1474
1474
1474
1294
1474
54
1474
54
1474
1474
1474
1474
54
1474
1474
54
1474
1474
1474
54
1474
54
1474
1474
234
296
54
1474
1474
54
1474
1294
1474
54
1474
1474
1474
1474
54
1474
1474
54
1474
1474
1474
1474
1474
1474
54
1474
1474
54
1474
1474
54
1474
1474
234
1474
54
974
1474
1474
54
1474
1474
1294
1474
1474
54
1474
1474
1294
54
1474
1474
54
1474
1474
1474
54
1474
1474
54
1474
1474
54
1474
1474
54
1474
414
54
1474
1474
1294
54
1474
1474
54
1474
1474
54
1474
1474
54
1294
1474
1474
1474
54
1474
1474
1474
54
1474
1474
54
1474
1474
54
1474
1474
1474
54
414
1474
54
1474
1474
54
1294
1474
1474
54
1474
54
1474
1474
1474
54
1474
1114
1474
1474
1474
54
1474
1474
1474
1474
54
1474
1474
1474
54
1474
594
1474
1474
1474
54
1114
1474
1474
1474
54
1474
1474
1474
1474
1474
54
1474
1294
1474
1474
1474
1474
54
1474
1474
1474
1474
54
1474
594
1474
1294
1474
54
1474
1474
1474
54
1294
54
1474
1474
1474
1474
54
1474
1474
54
1474
1474
1114
54
1474
1474
1474
54
1474
1474
1474
1474
774
54
1474
1474
1474
54
1474
1474
1474
54
1474
1474
1474
1474
1474
54
1474
934
1474
54
1474
1474
1474
54
1474
1294
54
1474
1474
54
66
1474
1474
774
54
151
1474
1474
1474
1474
54
1474
1474
1474
1474
1474
54
1474
1474
1474
1474
54
1474
1474
54
1474
574
1474
54
1474
1474
1474
1474
1474
954
54
1474
707
54
54
209
179
100
54
100
66
54
255
185
100
54
54
296
54
1474
1474
54
1310
167
54
345
54
107
104
96
829
348
110
96
54
92
54
92
357
92
100
54
100
54
583
557
557
54
1347
54
1474
1474
54
1474
1474
1474
1474
1474
1474
54
1474
1474
1474
54
1474
1474
1474
1474
1474
1474
1474
54
1474
1474
1474
1474
1474
54
1474
1474
54
1474
1474
1474
130
92
100
1474
54
54
100
1474
1474
54
1474
1474
1474
54
1474
1474
1474
1474
1474
54
1474
54
1474
1474
1474
1474
54
1474
1474
1294
1474
1368
54
105
92
100
54
100
1350
105
92
100
54
100
1474
1474
1474
54
1474
1474
54
1474
1474
1474
1474
1474
54
1474
1474
1474
54
1474
1474
1474
1474
54
1474
54
1474
1474
1474
1474
54
1474
1474
1474
1474
1474
1474
1474
54
1474
1474
1474
54
1474
1474
54
1474
1474
1474
1474
54
1474
1474
1474
1474
1474
54
1474
1474
54
1474
1294
234
1474
1474
54
1474
1474
1294
1474
1474
54
1474
54
1474
1474
54
1474
1474
1474
1474
1474
1474
54
1474
1474
1474
1474
1474
54
1474
1474
234
1474
1474
1474
1474
1474
1474
54
1474
1474
54
1474
1474
54
1474
1474
1474
1474
1474
1474
54
1348
1474
1474
1474
1474
54
1474
1294
1474
234
54
1474
1474
1474
54
1474
1474
1474
54
54
1474
1474
1114
54
1474
1474
54
1474
1474
1474
1474
1474
54
1474
1474
1474
54
1474
54
1474
1474
54
1474
414
1474
1474
1474
54
1474
1474
54
1474
1474
54
1474
54
1294
1474
54
1474
1474
1474
54
1474
54
1474
1474
1474
1474
1474
54
1474
1474
1474
1474
54
54
1474
1474
1474
1474
54
1474
1474
54
1474
1474
54
1474
1474
1474
1474
1474
54
54
1474
234
1474
54
1474
1474
1474
54
1474
1474
54
1474
1474
1474
54
1474
1474
54
1474
1474
1474
1474
54
54
1474
1474
934
66
66
1474
1474
1474
1474
66
66
1474
1474
74
66
1474
1474
1474
66
74
74
1474
1474
74
82
1474
1474
1474
82
90
90
1474
82
1474
90
1474
90
1474
1474
1474
90
90
90
1294
594
1474
90
90
90
1474
1474
1474
90
90
90
1474
90
1474
1474
1474
1474
90
90
90
90
1474
1474
90
90
1474
90
1474
1474
1474
90
90
90
1474
1474
1474
1474
90
90
90
90
1474
1474
90
90
1474
1474
1474
90
90
90
1474
1474
90
90
1474
1474
1474
90
90
90
1474
90
1474
1474
1474
234
1474
1474
1474
1474
1474
1474
1474
90
90
90
90
90
90
90
90
90
90
90
1474
1474
1474
1474
1474
1474
1474
1474
1474
1474
1474
1474
1474
1474
1474
1474
1474
90
90
90
90
90
90
90
90
90
90
90
90
90
90
90
90
90
1474
1474
1474
1474
1474
1474
1474
1474
1474
1474
90
90
90
90
90
90
90
90
90
90
1474
1474
1474
1474
1474
90
90
90
90
90
1474
1474
1474
1474
90
90
90
90
1474
1474
90
90
1474
1474
1474
90
90
90
1474
1474
1474
1474
1474
90
90
90
90
90
1474
1474
90
90
1474
1474
1474
90
90
90
1474
90
1474
1474
90
90
1474
1474
1474
90
90
90
1474
1474
90
90
1474
1474
1474
90
90
90
1474
1474
1474
90
90
90
1474
1474
90
90
1474
90
1474
1294
90
90
1474
1474
1474
1474
90
90
90
90
1474
1474
1474
82
90
90
1474
1474
1474
90
90
90
1474
90
1474
74
1474
90
1474
1474
1474
1474
1474
1474
1474
90
66
90
90
54
90
90
1474
1474
1474
1474
90
90
82
74
1474
1474
1474
1474
66
66
66
66
1474
1474
54
54
1474
1474
1474
54
1474
1474
54
1474
1474
1474
54
1474
1474
1474
1474
54
54
1474
1474
234
1474
54
1294
1474
54
1474
1474
54
54
1474
54
1458
1474
1474
1474
1474
1474
70
54
54
1474
54
1474
1474
1474
54
1474
1474
54
1474
54
1474
1474
1474
54
1474
1474
1474
54
54
1474
1246
1474
1474
54
1474
1474
1474
54
1474
1474
1474
54
54
1474
1474
1474
1474
54
54
1474
1474
54
1474
1474
1474
54
1474
1474
54
1474
282
54
1474
1474
1474
54
1474
1474
1474
1474
1474
54
54
1474
54
1474
1474
1474
1474
1474
54
54
1474
1474
234
54
1474
1474
54
1474
1474
66
66
1474
1247
1474
1474
66
66
66
54
1474
1474
1474
66
66
66
1474
1474
1474
1474
1474
66
74
74
74
74
1474
1474
1474
1474
74
82
90
90
1474
1474
1474
90
90
90
1352
1474
1474
1474
1474
1474
90
90
90
90
90
1474
1474
1474
90
90
90
1474
1474
1474
90
90
90
1474
1474
90
90
1474
1474
1474
1474
1474
90
90
90
90
90
1474
1474
1474
1474
90
90
90
90
1474
1474
1474
90
90
90
1474
1474
90
90
1474
90
1474
90
1474
1474
90
90
1474
1474
1474
1474
1474
90
90
90
90
90
1474
1474
90
90
1474
1474
1474
90
90
90
1474
90
1474
90
1474
1474
1474
90
90
90
1474
1474
90
90
1474
1474
90
90
1474
90
1474
1474
90
90
1474
1474
1474
90
90
90
1474
1474
1474
90
90
90
1474
1474
1474
1474
1474
90
90
90
82
82
1474
1474
74
66
1474
1474
1474
54
54
1474
1474
54
1474
1474
1474
1474
1474
1474
1474
1474
1474
54
1474
1474
1474
1474
1474
54
1474
1474
1474
54
1474
1254
170
54
1474
1474
1474
54
1474
1474
54
1474
1474
54
78
1474
1474
54
1474
1474
54
1358
1474
54
1474
1474
54
1474
250
1474
54
1474
1474
1474
54
1474
54
1474
1474
1474
54
1474
1474
1474
1474
1474
54
1474
1474
1474
1474
1474
1474
1474
1474
1474
54
1474
1474
1474
1474
54
1474
1474
1474
1474
54
1474
1474
1474
54
1474
1474
54
1474
1474
1474
54
1474
1474
54
1474
54
1474
1474
1474
1474
54
1474
1474
1474
1474
1474
1474
1474
1474
1474
54
54
1474
1474
1474
1474
54
54
1474
1474
54
776
1474
1474
54
1474
54
538
1474
1474
1474
1474
1474
54
54
1474
1474
54
1474
1474
54
1474
1474
54
278
1474
1474
1474
54
54
1474
1474
1474
66
1474
1474
1474
1474
1474
66
66
66
66
66
1474
1474
1474
66
66
66
1474
1474
74
74
1474
1474
66
66
1474
66
1474
1474
1474
74
82
82
1474
1474
1474
1474
66
74
90
90
1474
1474
1474
90
82
90
1474
1474
1474
90
90
90
1474
1474
1474
90
90
90
1474
1474
1474
1474
90
90
90
90
1474
1474
90
90
1474
90
1474
1474
1474
90
90
90
1474
1474
1474
1474
1474
1474
90
90
90
90
90
90
1474
1474
1474
90
90
90
1474
1474
1474
1474
1474
1474
1474
1474
1474
1474
1474
1474
90
90
90
90
90
90
90
90
90
90
90
90
1474
1474
90
90
1474
1474
1474
1474
1474
1474
90
90
90
90
90
90
1474
1474
1474
1474
1474
1474
1474
1474
90
90
90
90
90
90
90
90
1474
1474
1474
1474
1474
1474
1474
1474
1474
1474
1474
1474
1474
1474
1474
1474
1474
1474
1474
1474
90
90
90
90
90
90
90
90
90
90
90
90
90
90
90
90
90
90
90
90
1474
90
54
54
128
92
100
54
100
1474
90
1474
1474
90
90
1474
1474
90
90
1474
1474
1474
1474
1474
1474
90
90
90
90
90
90
1474
1474
1474
1474
90
90
90
90
1474
113
92
100
82
54
100
1474
1474
1474
90
90
82
1474
82
1474
1474
90
90
1474
1474
66
74
74
1474
1474
1474
1474
74
82
74
74
1474
1474
1474
74
66
54
54
1474
1474
74
74
1474
66
1474
54
1474
1474
54
1474
1474
1474
1474
54
1474
1474
54
1474
1474
105
54
92
100
1474
1474
54
1474
54
100
1474
1474
1474
54
1474
1474
54
1474
1474
54
1474
1474
1474
54
1474
54
1474
1474
54
1474
1474
1474
54
1474
1474
54
1474
1474
1474
54
1474
1474
1474
54
54
1474
1474
54
1474
1474
54
1474
1474
54
1474
54
1474
1474
1474
1474
54
1474
1474
54
1474
1474
1474
850
54
54
1474
1474
54
1474
1474
54
1474
1474
54
1474
1474
54
1474
1474
54
1474
1474
54
1474
1474
54
1474
1474
54
1474
1474
54
1474
1474
54
1474
1474
54
1474
1474
54
1474
1474
54
1474
1474
54
1474
1474
54
1474
1474
54
1474
1474
54
1474
1474
54
1474
1474
54
1474
1474
54
1474
1474
1474
1474
1474
54
1474
66
1474
54
54
269
1474
54
1474
1474
1474
1474
54
1474
1474
54
1474
1474
54
1474
1474
54
54
1474
1474
54
1474
1474
54
1474
1474
54
1474
1474
1474
1474
54
1474
1474
1474
1474
1474
1474
54
1474
1474
1474
54
1474
54
1474
1474
54
1474
1474
54
1474
1474
54
1474
1474
54
1474
1474
54
1474
1474
54
1474
1474
54
1474
1474
1474
54
1474
1474
54
1474
1474
1474
54
1474
1474
1474
54
1474
1474
1474
1474
1474
1474
1474
54
1474
1474
1474
1474
54
54
1474
1474
1474
1474
1474
54
1474
1474
1474
1474
54
1474
1474
1474
54
55
1474
1474
54
1474
1474
54
1474
1474
1474
1474
54
1474
1474
54
1474
1474
1474
54
1474
1474
54
1474
1474
54
1474
54
1474
1474
1474
54
1474
1474
1474
54
1474
1474
1474
1474
1474
1474
54
1474
1474
54
1474
1474
1474
54
1474
54
1474
1474
1474
1474
1474
54
1474
1474
54
1474
1474
1474
54
1474
1474
54
1474
1474
1474
54
1474
54
1474
1474
1474
1474
54
1474
1474
54
1474
1474
1474
54
1474
1474
1474
1474
54
1474
1474
1474
1474
54
1474
1474
54
1474
1474
54
1474
1474
54
1474
1474
54
1474
1474
1474
54
1474
1474
54
1474
1474
1474
54
1474
54
1474
1474
54
1474
1474
1474
1474
54
1474
1474
54
1474
1474
1474
54
1474
1474
54
1474
1474
54
1474
54
1474
54
1474
1474
1474
54
54
1187
1474
1474
1474
54
1474
1474
54
1474
1474
1474
54
1474
1474
54
1474
1474
54
1474
1474
54
1474
1474
1474
54
1474
1474
54
345
1474
1474
54
1474
1474
54
1474
1474
1474
54
1474
1474
54
1474
1474
54
1474
1474
1474
54
1474
1474
54
1474
54
1474
1474
1474
54
1474
1474
1474
1474
1474
1474
54
107
104
96
625
1474
1474
54
1474
1474
1474
1474
1474
1474
1474
1474
1474
1474
54
1474
1474
1474
1474
54
1474
1474
1474
1474
54
1474
1474
1474
54
1474
1474
54
1474
1474
54
1474
1474
54
1474
1474
54
1474
1474
1474
54
1474
54
1474
1474
1474
54
1474
1474
1474
54
1474
1474
1474
1474
54
1474
1474
54
1474
1474
54
1474
1474
1474
1474
1474
1474
54
1474
1474
1474
1474
54
1474
1474
54
1474
1474
1474
54
1474
54
1474
1474
1474
54
1474
1474
54
1474
1474
1474
54
1474
1474
1474
54
1474
54
1474
1474
1474
54
1474
1474
54
1474
1474
54
1474
1474
1474
1474
54
1474
1474
54
1474
54
1474
1474
54
1474
1474
1474
1474
54
1474
1474
1474
54
1474
1474
54
1474
1474
1474
54
1474
1474
54
1474
1474
1474
1474
1474
54
1474
1474
1474
54
1474
1474
1474
1474
54
1474
1474
54
1474
1474
54
1474
1474
54
1474
1474
54
1474
1474
1474
54
1474
54
1474
1474
1474
1474
1474
54
1474
1474
1474
54
1474
1474
1474
1474
1474
54
1474
1474
1474
1474
1474
1474
54
1474
1474
1474
1474
54
1474
1474
54
1474
1474
54
1474
1474
1474
54
1474
1474
1474
1474
54
1474
1474
54
1474
1474
1474
54
1474
54
1474
1474
1474
54
1474
1474
364
110
96
54
54
92
1474
1474
54
1474
1474
54
1474
54
1474
1474
54
1474
1474
54
1474
1474
54
1474
1474
1474
54
1474
54
1474
1474
1474
1474
54
1474
1474
1474
1474
1474
54
1474
1474
1474
54
1474
1474
54
92
54
1474
1474
54
54
1474
1474
1474
1474
54
1474
1474
1474
1474
54
1474
1474
1474
1474
54
1474
1474
54
54
1474
1474
1474
54
54
1474
1474
54
1474
54
1474
1474
54
1474
1474
1474
1474
1474
54
1474
1474
1474
54
1474
1474
1474
54
1474
54
1474
1474
1474
54
1474
1474
54
1474
54
1474
1474
1474
54
1474
1474
54
1474
1474
54
1474
1474
54
1474
1474
1474
54
1474
66
1474
1474
54
1474
54
1474
1474
54
1474
1474
1474
54
1474
1474
1474
1474
1474
1474
1474
1474
1474
54
1474
1474
1474
1474
1474
54
1474
1474
1474
1474
1474
1474
54
1474
1474
1474
1474
1474
1474
54
1474
1474
1474
1474
54
1474
54
1474
1474
54
1474
1474
1474
54
54
1474
54
1474
1474
1474
1474
54
1474
1474
1474
54
1474
54
1474
54
1474
54
1474
1474
54
1474
1474
54
1474
1474
54
1474
1474
54
1474
1474
1474
54
1474
1474
1474
1474
1474
54
1474
446
134
100
1474
54
54
100
1474
1474
54
1474
1474
1474
1474
1474
54
1474
1474
1474
54
1474
1474
54
1474
1474
1474
1474
54
1474
1474
1474
1474
54
1474
1474
54
1474
1474
54
1474
1474
1474
1474
1474
54
1474
1474
1474
54
1474
1474
54
1474
1474
54
1474
1474
1474
1474
54
1474
1474
1474
54
1474
54
1474
1474
1474
54
1474
1474
54
1474
1474
54
1474
1474
1474
54
1474
1474
54
1474
1474
54
54
1474
1474
1474
54
1474
54
1474
1474
1474
54
1474
1474
1474
54
1474
1474
1474
1474
1474
54
1474
1474
1474
54
1474
1474
1474
54
1474
54
1474
1474
1474
1474
1474
54
1474
1474
1474
54
1474
1474
54
1474
1474
1474
54
1474
1474
54
1474
1474
54
1474
1474
54
1474
1474
1474
54
1474
1474
54
1474
1474
1474
1474
54
1474
1474
54
1474
1474
54
1474
1474
54
1474
1474
1474
54
1474
1474
54
1474
1474
1474
54
1474
1474
1474
54
1474
1474
1474
54
1474
1474
1474
54
1474
1474
1474
54
1474
1474
1474
1474
54
1474
1474
54
1474
1474
1474
1474
54
1474
1474
1474
1474
54
1474
1474
1474
1474
1474
1474
54
1474
1474
1474
1474
54
1474
1474
54
1474
1474
1474
54
1474
1474
54
1474
1474
54
1474
1474
54
1474
54
1474
1474
54
1474
1474
54
1474
1474
1474
1474
54
1474
1474
1474
1474
54
1474
1474
54
1474
1474
54
1474
1474
54
1474
1474
1474
54
1474
1474
54
1474
1474
54
1474
1474
1474
54
1474
1474
54
1474
1474
54
1474
1474
54
1474
1474
1474
54
1474
54
1474
1474
1474
54
1474
1474
54
1474
1474
54
1474
1474
54
1474
1474
1474
1474
1474
1474
54
1474
1474
1474
1474
1474
1474
1474
54
1474
54
1474
1474
1474
54
1474
1474
1474
54
1474
1474
1474
54
1474
1474
1474
54
1474
1474
1474
54
1474
1474
54
1474
1474
54
1474
1474
1474
1474
54
1474
1474
1474
1474
1474
1474
1474
1474
54
1474
1474
1474
1474
54
1474
1474
54
1474
1474
1474
54
1474
1474
54
1474
54
1474
1474
54
1474
1474
1474
1474
1474
54
1474
1474
54
1474
1474
1474
54
1474
1474
1474
54
1474
1474
54
1474
1474
54
1474
1474
1474
54
1474
1474
54
1474
1474
54
1474
1474
1474
1474
54
1474
1474
1474
1474
54
1474
1474
1474
54
1474
1474
1474
1474
1474
54
1474
1474
54
1474
1474
1474
54
1474
54
1349
1474
1474
54
1474
1474
1474
54
1474
54
1474
1474
1474
1474
54
1474
1474
1474
1474
54
1474
1474
54
1474
1474
54
1474
1474
1474
54
1474
54
1474
1474
1474
1474
1474
54
1474
1474
1474
54
1474
1474
1474
54
1474
1474
54
1474
1474
54
1474
1474
1474
54
1474
1474
54
1474
1474
1474
1474
54
1474
54
1474
1116
54
1474
1474
54
1474
1474
1474
1474
1474
54
1474
1474
1474
54
1474
1474
1474
1474
54
1474
1474
54
1474
1474
54
1474
1474
54
1474
1474
1474
1474
54
1474
1474
54
1474
1474
1474
1474
54
1474
1474
54
1474
1474
1474
54
1474
1474
54
1474
1474
54
1474
54
1474
1474
54
1474
1474
54
1474
1474
54
1474
1474
1474
54
1474
1474
54
1474
1474
54
1474
54
1474
1474
1474
1474
1474
1474
54
1474
1474
54
1474
1474
54
1474
1474
1474
54
1474
1474
1474
1474
54
1474
1474
1474
54
1474
1474
1474
1474
54
1474
1474
1474
54
1474
1474
1474
54
1474
1474
54
1474
1474
1474
1474
54
1474
1474
54
1474
1474
54
1474
1474
54
1474
1474
54
1474
1474
1474
54
1474
54
1474
1474
54
1474
1474
54
1474
1474
1474
1474
1474
1474
1474
54
1474
1474
1474
54
1474
1474
1474
54
1474
1474
1474
54
1474
1474
1474
54
1474
1474
54
1474
54
1474
1474
54
1474
1474
54
1474
1115
54
1352
54
1474
1474
1474
54
1474
1474
1474
54
1474
1474
1474
54
1474
1474
1474
1474
1474
1474
54
1474
1474
1474
54
1474
1474
1474
1474
1474
1474
1474
1474
1474
54
1474
1474
1474
54
1474
1474
1474
54
1474
1474
54
1474
54
1474
1474
54
1474
1474
54
1474
1474
54
1474
1474
1474
1474
54
1474
1474
54
1474
1474
1474
54
1474
1474
1474
54
1474
1474
1474
54
1474
1474
54
1474
54
1474
1474
1474
54
1474
1474
1474
54
1474
1474
1474
1474
54
1474
1474
54
1474
1474
1474
54
1474
1474
54
1474
1474
1474
1474
1474
54
1474
1474
1474
54
1474
54
1474
1474
54
1474
1474
54
1474
1474
1474
54
1474
1474
1474
54
1474
1474
54
1474
1474
1474
54
1474
1474
54
1474
1474
54
1474
54
1474
1474
54
1474
1474
54
1474
1474
1474
1474
54
1474
1474
54
1474
1474
54
1474
1474
1474
1474
54
1474
1474
1474
1474
54
1474
1474
1474
54
1474
1474
54
1474
1474
54
1474
1474
1474
54
1474
1474
54
1474
1474
1474
54
1474
1474
1474
54
1474
1474
54
1474
1474
54
1474
1474
1474
54
1474
54
1474
1474
1474
54
1474
1474
54
1474
1474
1474
54
1474
1474
54
1474
1474
1474
1474
54
1474
1474
54
1474
1474
1474
1474
1474
54
1474
1474
54
1474
54
1474
1474
54
1474
1474
1474
54
1474
1474
1474
1474
1474
1474
1474
54
1474
1474
54
1474
1474
1474
1474
1474
1474
54
1474
1474
54
1474
1474
54
1474
1474
54
1474
1474
1474
1474
1474
1474
54
1474
1474
1474
1474
1474
1474
1474
1474
1474
54
1474
54
1474
1474
54
1474
1474
1474
1474
54
1474
1474
1474
1474
54
1474
1474
1474
1474
54
1474
1474
54
1474
1474
1474
1474
1474
54
1474
54
1474
1474
1474
1474
1474
1474
1474
1474
1474
1474
1474
1474
1474
1474
1474
1474
54
1474
1474
54
1474
1474
54
1474
1474
54
1474
1474
1474
54
1474
54
1474
1474
54
1474
1474
1474
1474
1474
1474
1474
1474
54
1474
1474
1474
1474
1474
1474
1474
1474
54
1474
1474
54
1474
1474
54
1474
1474
54
1474
1474
54
1474
1474
54
1474
1474
54
1474
1474
1474
54
1474
1474
54
1474
1474
1474
1474
1474
54
1474
1474
1474
54
1474
54
1474
1474
1474
54
1474
54
1474
1474
54
1474
1474
54
1474
1474
54
1474
1474
54
1474
1474
54
1474
1474
1474
54
1474
1474
54
1474
1474
54
1474
1474
1474
1474
54
1474
1474
1474
54
1474
1474
1474
1474
1474
54
1474
1474
54
1474
1474
54
1474
54
1474
1474
54
1474
1474
54
1474
1474
54
1474
1474
54
1474
1474
54
1474
1474
54
1474
1474
54
1474
1474
54
1474
1474
1474
54
1474
1474
54
1474
54
1474
1474
1474
54
1474
54
1474
1474
1474
1474
1474
1474
54
1474
1474
1474
1474
1474
1474
1474
1474
1474
1474
1474
54
1474
1474
1474
1474
54
1474
54
1474
1474
1474
1474
1474
54
1474
1474
1474
1474
54
1474
54
1474
1474
1474
54
1474
1474
54
1474
54
1474
1474
54
1474
1474
1474
54
1474
54
1474
1474
1474
1474
1474
1474
54
1474
1474
1474
54
1474
1474
1474
1474
54
1474
1474
1474
54
1474
1474
1474
1474
54
1474
1474
54
1474
1474
54
1474
1474
1474
1474
54
1474
1474
1474
54
1474
1474
1474
54
1474
1474
1474
54
1474
1474
1474
54
1474
1474
1474
1474
54
1474
1474
54
1474
1474
54
1474
1474
1474
1474
1474
1474
1474
1474
54
1474
1474
1474
1474
54
1474
1474
54
1474
1474
54
1474
1474
1474
1474
1474
54
1474
1474
54
1474
1474
1474
54
1474
1474
1474
54
1474
1474
1474
54
1474
1474
54
1474
1474
54
1474
1474
1474
54
1474
1474
1474
1474
54
1474
1474
54
1474
1474
54
1474
1474
1474
1474
54
1474
1474
1474
1474
54
1474
54
1474
1474
1474
1474
1474
1474
1474
1474
54
1474
1474
1474
1474
54
1474
1474
1474
54
1474
1474
1474
54
1474
1474
54
1474
1474
1474
1474
1474
54
1474
1474
1474
54
1474
1474
1474
1474
54
1474
1474
1474
54
1474
1474
54
1474
1474
1474
54
1474
1474
1474
54
1474
1474
54
1474
1474
1474
54
1474
1474
1474
1474
54
1474
1474
54
1474
1474
54
1474
1474
54
1474
1474
1474
1474
1474
1474
54
1474
1474
1474
1474
54
1474
1474
1474
54
1474
1474
54
1474
1474
1474
1474
1474
54
1474
1474
1474
54
1474
54
1474
1474
54
1474
1474
1474
1474
54
1474
1474
54
1474
1474
1474
54
1474
1474
1474
1474
54
1474
1474
54
1474
54
1474
1474
1474
1474
54
1474
1474
1474
54
1474
1474
54
1474
54
1474
1474
1474
54
1474
1474
1474
1474
54
1474
1474
1474
1474
1474
54
1474
1474
1474
1474
1474
1474
1474
1474
54
1474
1474
1474
1474
1474
54
1474
1474
1474
1474
1474
1474
1474
1474
1474
1474
1474
1474
54
1474
1474
54
1474
1474
1474
54
1474
1474
1474
1474
54
1474
1474
54
1474
1474
1474
54
1474
54
1474
1474
1474
54
1474
54
1474
1474
1474
54
1474
1474
1474
54
1474
1474
1474
1474
1474
54
1474
54
1474
1474
1474
54
1474
1474
1474
1474
1474
54
1474
1474
1474
54
1474
1474
1474
54
1474
1474
1474
54
1474
1474
1474
1474
54
1474
1474
1474
54
1474
1474
54
1474
1474
1474
1474
54
1474
1474
1474
1474
1474
54
1474
1474
1474
1474
1474
54
1474
1474
1474
1474
54
1474
1474
1474
1474
1474
1474
54
1474
1474
1474
54
1474
1474
1474
1474
54
1474
1474
1474
1474
54
1474
1474
1474
54
1474
1474
1474
54
1474
1474
54
1474
54
1474
1474
54
1474
1474
1474
54
1349
1474
1474
1474
1474
1474
54
1474
1474
1474
1474
1474
1474
1474
1474
1474
1474
1474
1474
1474
1474
1474
1474
1474
1474
54
1474
1474
1474
54
1474
1474
1474
1474
1474
1474
1474
54
1474
1474
54
1474
1474
54
1474
1474
54
1474
1474
1474
1474
54
1474
1474
1474
1474
1474
54
1474
1474
1474
1474
1474
54
1474
1474
1474
1474
1474
54
54
1474
1474
1474
1474
1474
54
1474
1474
1474
1474
1474
54
54
1474
1474
1474
54
1474
1474
54
1474
1474
1474
54
1474
1474
1474
1474
54
54
1474
1474
54
1474
1474
1474
54
1474
1474
1474
1474
1474
1474
1474
1474
54
54
1474
1474
1474
1474
54
54
1474
1474
54
54
1474
1474
1474
1474
54
54
1474
1474
1474
66
66
1474
1474
74
82
1474
1474
1474
1474
82
82
54
1474
1474
1474
82
82
1474
54
1474
1474
66
82
1474
1474
1474
1474
82
82
66
74
1474
1474
1474
1474
74
74
74
82
1474
1474
82
74
1474
1474
1474
1474
74
74
90
90
1474
1474
1474
1474
1474
1474
74
74
90
90
82
82
1474
1474
1474
1474
1474
1474
90
82
82
82
90
90
1474
1474
1474
1474
90
90
90
90
1474
1474
1474
1474
90
90
90
90
1474
1474
90
90
1474
1474
1474
90
90
90
1474
1474
90
90
1474
1474
1474
90
90
90
1474
90
1474
1474
90
90
1474
1474
90
90
1474
1474
90
90
1474
1474
1474
90
90
90
1474
1474
1474
1474
1474
90
90
90
90
90
1474
1474
90
90
1474
1474
1474
1474
90
90
90
90
1474
1474
90
90
1474
90
1474
1474
1474
90
90
90
1474
1474
1474
90
90
90
1474
1474
90
82
1474
74
1474
1474
1474
1474
1474
90
90
66
66
90
1474
82
1474
1474
1474
1474
1474
1474
1474
54
74
66
66
54
1474
1474
66
1474
1474
66
54
1474
1474
66
1474
1474
1474
1474
1474
66
66
54
1474
1474
1474
1474
1474
1474
54
54
54
1474
1474
1474
1474
54
54
1474
1474
54
1474
1474
1474
1474
54
1474
1474
54
1474
1474
54
1474
1474
1474
54
54
1474
1474
1474
1474
54
54
1474
1474
708
54
1474
54
1474
1474
1474
54
1474
1474
1474
54
1474
1474
1474
1474
1474
1474
54
1474
1474
54
1474
1474
1474
1474
54
1474
1474
54
1474
1474
54
1474
1474
1474
54
1474
54
1474
1474
54
1474
1474
1474
54
1474
54
1474
1474
54
1474
1474
1474
54
1474
54
1474
1474
1474
1474
54
1474
1474
54
1474
1474
1474
54
1474
1474
54
1474
54
1474
1474
1474
54
1474
1474
1474
54
1474
1474
54
1474
1474
54
1474
1474
1474
1474
54
1474
1474
1474
1474
1474
54
1474
54
1474
1474
54
1474
1474
1474
54
1474
1474
54
1474
54
1474
1474
1474
54
1474
1474
54
1474
1474
54
1474
54
1474
1474
54
1474
1474
54
1474
1474
1474
1474
54
1474
1474
54
1474
1474
54
1474
1474
1474
54
1474
1474
54
1474
1474
1474
54
1474
1474
1474
54
1474
1474
1474
54
1474
1474
1474
1474
1474
54
490
54
199
54
195
1474
54
170
100
54
165
279
54
96
54
305
100
172
54
54
100
1352
1474
1474
54
1474
1474
1474
1474
1474
54
1474
1474
1474
54
1474
1474
54
1474
1474
1474
1474
54
54
1474
1474
1474
54
1474
1474
1474
1474
1474
1474
54
1474
1474
1474
54
1474
1474
1474
54
54
1474
1474
54
1474
1474
1474
1474
1474
54
1474
1474
1474
1474
54
1474
1474
54
1474
1474
54
1474
1474
54
1474
1474
1474
54
1474
54
1474
1474
1474
54
1474
1474
1474
54
1474
1474
54
1474
1474
1474
54
301
54
1474
1474
54
1474
1474
1474
54
1474
1474
54
1474
1474
54
1474
1474
54
1474
1474
1474
54
1474
1474
1474
1474
1474
1474
1474
1474
1474
1474
1474
1474
1474
1474
1474
1474
54
1474
1474
1474
1474
1474
1474
1474
54
1474
1474
54
1474
54
1474
1474
54
1474
1474
1474
54
1474
1474
54
1474
1474
54
1474
1474
54
1474
1474
54
1474
1474
54
1474
1474
54
1474
1474
1474
54
1474
1474
54
1474
1474
1474
1474
1474
1474
1474
1474
1474
1474
1474
1474
1474
1474
1474
54
1474
1474
1474
1474
1474
1474
54
1474
1474
1474
1474
54
1474
1474
54
1474
54
1474
1474
54
1474
1474
1474
54
1474
54
1474
1474
1474
1474
54
1474
1474
1474
54
1474
54
1474
1474
1474
1474
1474
54
1474
1474
1474
1474
54
1474
54
1474
1474
54
1474
1474
1474
54
1474
54
1474
1474
1474
54
1474
1474
54
1474
1474
54
1474
1474
1474
54
1474
1474
54
1474
1474
54
1474
1474
54
1474
1474
1474
54
1474
54
1474
1474
1474
1474
54
1474
1474
1474
54
1474
1474
54
1474
1474
1474
54
1474
1474
54
1474
1474
1474
54
1474
1474
1474
54
1474
1474
1474
54
1474
1474
1474
1474
1474
54
1474
1474
54
1474
1474
1474
1474
1474
54
1474
1474
54
1474
54
1474
1474
1474
54
1474
54
1474
1474
54
1474
1474
54
1474
1474
54
1474
1474
1474
54
1474
54
1474
1474
54
1474
1474
54
1474
1474
54
1474
1474
1474
54
1474
1474
1474
1474
1474
1474
1474
1474
1474
54
1474
1474
1474
1474
54
1474
1474
1474
1474
1474
54
1474
1474
54
1474
1474
1474
54
1474
1474
1474
1474
1474
54
1474
1474
54
1474
1474
54
1474
54
1474
1474
54
1474
1474
1474
54
1474
1474
1474
54
1474
1474
54
1474
1474
1474
1474
54
1474
1474
1474
1474
54
1474
1474
1474
1474
54
1474
1474
1474
54
1474
1474
1474
54
1474
1474
54
1474
1474
1474
54
1474
1474
54
1474
1474
1474
1474
1474
54
1474
1474
1474
54
1474
1474
1474
1474
1474
54
1474
1474
54
1474
1474
1474
1474
54
1474
1474
1474
1474
1474
1474
1474
54
1474
1474
1474
1474
54
1474
1474
1474
1474
54
1474
1474
1474
1474
54
1474
1474
1474
54
1474
1474
1474
54
1474
1474
1474
1474
54
1474
54
1474
1474
54
1474
1474
1474
54
1474
1474
54
1474
1474
1474
54
1474
1474
1474
1474
54
1474
1474
54
1474
1474
1474
1474
1474
1474
1474
1474
1474
54
1474
1474
1474
1474
1474
1474
1474
1474
54
1474
1474
1474
54
1474
1474
1474
1474
1474
1474
54
1474
1474
1474
1474
1474
54
1474
1474
54
1474
54
1474
1474
54
1474
1474
1474
1474
54
1474
1474
54
1474
1474
1474
54
1474
54
1474
1474
1474
54
1474
1474
54
1474
1474
1474
1474
1474
1474
1474
1474
1474
54
1474
1474
1474
1474
54
1474
1474
1474
54
1474
1474
1474
1474
54
1474
1474
1474
54
1474
1474
54
1474
1474
1474
1474
54
1474
1474
54
1474
1474
54
1474
130
381
54
1474
1474
1474
1474
297
100
54
54
1474
1474
54
1474
54
100
1474
1474
54
1474
1474
54
1474
1474
54
1474
1474
1474
1474
1474
54
1474
1474
1474
54
1474
1474
1474
54
1474
54
1474
1474
54
1474
1474
1474
54
1474
54
1474
1474
54
1474
1474
1474
1474
1474
54
1474
1474
1474
54
1474
1474
1474
54
1474
54
1474
1474
54
1474
1474
54
1474
1474
1474
1474
1474
54
1474
54
1474
1474
1474
54
1474
1474
1474
54
1474
1474
1474
1474
54
1474
1474
54
1474
1474
54
1474
1474
54
1474
1474
54
1474
1474
1474
1474
54
1474
1474
1474
1474
1474
1474
54
1474
1474
1474
54
1474
1474
54
1474
1474
54
1474
1474
54
1474
54
1474
1474
54
1474
1474
1474
1474
54
1474
1474
1474
54
1474
1474
1474
1474
54
1474
1474
1474
54
1474
1474
54
1474
1474
54
1474
1474
1474
1474
54
1474
1474
1474
54
1474
1474
1474
54
1474
1474
1474
54
1474
1474
1474
54
1474
1474
1474
54
1474
1474
1474
54
1474
1474
1474
1474
1474
1474
1474
1474
1474
54
1474
1474
1474
1474
54
1474
1474
1474
54
1474
1474
1474
54
1474
54
1474
1474
1474
1474
1474
1474
54
1474
1474
1474
54
54
1474
54
1474
1474
54
1474
1474
54
1474
1474
1474
54
1474
54
1474
1474
54
1474
1474
1474
54
1474
1474
1474
54
1474
1474
54
1474
1474
1474
1474
1474
54
1474
1474
54
1474
1474
1474
1474
54
1474
1474
1474
54
1474
1474
1474
1474
1474
54
1474
1474
54
1474
1474
1474
54
1474
1474
54
1474
1474
54
1474
1474
54
1474
1474
1474
1474
54
1474
1474
54
1474
1474
1474
54
1474
54
1474
1474
1474
54
1474
1474
54
1474
1474
1474
1474
54
1474
1474
1474
1474
1474
54
1474
1474
1474
1474
54
1474
1474
1474
1474
1474
54
1474
1474
1474
1474
1474
54
1474
1474
1474
54
1474
1474
1474
54
1474
1474
1474
1474
1474
1474
1474
54
1474
1474
1474
1474
1474
54
1474
1474
1474
54
1474
1474
1474
54
1474
1474
54
1474
1474
54
1474
1474
54
1474
1474
1474
54
1474
1474
54
1474
1474
1474
54
1474
1474
1474
1474
54
1474
1474
54
1474
1474
1474
54
1474
1474
1474
54
1474
1474
1474
1474
54
1474
1474
54
1474
1474
54
1474
1474
54
1474
1474
1474
54
1474
1474
1474
54
1474
1474
1474
54
1474
1474
54
1474
1474
1474
54
1474
1474
54
1474
1474
1474
54
1474
54
1474
1474
1474
54
1474
1474
54
1474
1474
1474
54
1474
1474
1474
54
1474
1474
1474
1474
1474
54
1474
1474
1474
54
1474
54
1474
1474
1474
1474
1474
54
1474
1474
54
1474
1474
1474
54
1474
1474
1474
54
1474
1474
54
1474
54
1474
1474
1474
54
1474
1474
1474
1474
54
1474
1474
54
1474
1474
1474
1474
54
1474
1474
54
1474
1474
1474
1474
1474
54
1474
1474
1474
1474
54
1474
1474
1474
54
1474
54
1474
1474
54
1474
1474
1474
54
1474
1474
54
1474
54
1474
1474
1474
54
1474
54
1474
1474
1474
54
1474
1474
1474
1474
1474
1474
1474
1474
1474
54
1474
1474
1474
1474
1474
1474
1474
1474
1474
54
1474
1474
1474
1474
1474
54
1474
1474
54
1474
1474
1474
1474
1474
54
1474
1474
1474
54
1474
1474
54
1474
1474
1474
54
1474
1474
1474
54
1474
1474
1474
54
1474
1474
54
1474
1474
54
1474
54
1474
1474
1474
1474
54
1474
1474
1474
1474
1474
1474
54
1474
1474
1474
54
1474
1474
1474
1474
1474
54
1474
1474
54
1474
1474
54
1474
1474
1474
54
1474
1474
54
1474
1474
1474
54
1474
1474
1474
1474
54
1474
1474
1474
1474
1474
54
1474
1474
1474
1474
54
1474
1474
1474
54
1474
1474
1474
54
1474
1474
1474
54
1474
1474
54
1474
1474
54
1474
1474
1474
1474
1474
54
1474
1474
54
1474
1474
1474
54
1474
1474
54
1474
1474
54
1474
1474
1474
1474
54
1474
1474
54
1474
1474
1474
54
1474
1474
54
1474
1474
1474
54
1474
1474
1474
1474
1474
54
1474
1474
1474
1474
1474
54
1474
1474
1474
1474
54
1474
1474
54
1474
1474
1474
54
1474
1474
54
1474
1474
54
1474
1474
54
1474
1474
1474
1474
1474
54
1474
1474
54
1474
1474
54
1474
1474
1474
54
1474
1474
1474
1474
54
1474
1474
54
1474
1474
54
1474
54
1474
1474
54
1474
1474
1474
54
1474
1474
1474
1474
1474
1474
54
1474
1474
1474
54
1474
1474
1474
1474
1474
54
1474
1474
1474
1474
54
1474
1474
1474
1474
54
1474
1474
54
1474
1474
54
1474
1474
1474
54
1474
1474
1474
54
1474
1474
54
1474
1474
1474
1474
54
1474
1474
1474
54
1474
1474
1474
54
1474
1474
1474
54
1474
1474
54
1474
1474
54
1474
1474
54
1474
1474
1474
54
1474
1474
1474
54
1474
1474
1474
1474
1474
54
1474
1474
1474
54
1474
1474
54
1474
1474
1474
54
1474
1474
54
1474
1474
54
1474
1474
54
1474
54
1474
1474
54
1474
1474
54
1474
1474
1474
54
1474
1474
1474
54
1474
1474
1474
54
1474
1474
1474
1474
1474
54
1474
1474
54
1474
1474
1474
1474
1474
1474
54
1474
1474
1474
1474
1474
1474
54
1474
1474
54
1474
1474
54
1474
1474
1474
54
1474
1474
54
1474
1474
54
1474
1474
54
1474
1474
1474
54
1474
1474
54
1474
1474
1474
54
1474
1474
54
1474
1474
1474
1474
1474
54
1474
1474
1474
1474
54
1474
1474
54
1474
1474
54
1474
1474
54
1474
1474
1474
54
1474
1474
54
1474
1474
1474
54
1474
1474
1474
54
1474
1474
1474
54
1474
1474
1474
1474
1474
1474
1474
54
1474
1474
54
1474
1474
1474
54
1474
1474
54
1474
1474
54
1474
1474
1474
54
1474
1474
54
1474
1474
54
1474
1474
54
1474
1474
1474
1474
1474
1474
1474
54
1474
1474
1474
1474
1474
1474
54
1474
1474
54
1474
1474
1474
54
1474
54
1474
1474
1474
1474
1474
1474
54
1474
1474
1474
54
1474
1474
1474
1474
1474
1474
1474
1474
1474
1474
1474
1474
1474
54
1474
1474
54
1474
1474
1474
1474
1474
1474
1474
1474
1474
1474
1474
1474
1474
1474
1474
1474
1474
1474
54
1474
1474
54
1474
1474
1474
1474
1474
1474
1474
1474
54
1474
1474
54
1474
1474
54
1474
1474
1474
1474
1474
54
1474
1474
1474
1474
1474
54
1474
1474
54
1474
1474
1474
54
1474
1474
54
1474
54
1474
1474
54
1474
1474
1474
54
1474
1474
1474
54
1474
1474
1474
54
1474
1474
54
1474
1474
54
1474
1474
1474
1474
54
1474
1474
1474
1474
54
1474
1474
1474
1474
1474
1474
54
1474
1474
1474
1474
54
1474
1474
1474
54
1474
1474
1474
1474
54
1474
1474
54
1474
1474
54
1474
1474
1474
54
1474
1474
54
1474
1474
54
1474
1474
1474
1474
1474
1474
1474
1474
1474
54
1474
1474
1474
1474
1474
1474
54
1474
1474
1474
1474
1474
1474
1474
1474
1474
1474
54
1474
1474
1474
1474
1474
1474
1474
1474
54
1474
1474
1192
54
192
439
54
166
1474
54
1441
100
54
100
54
431
54
55
128
92
100
54
100
66
54
666
1044
54
54
218
92
100
54
100
54
1353
1474
1474
54
1474
1474
1474
54
1474
54
1474
1474
1474
1474
1474
54
1474
1474
54
1474
1474
1474
54
1474
1474
54
1474
1474
1474
54
1474
1474
54
1474
1474
54
1474
1474
1474
1474
1474
1474
54
1474
1474
1474
54
1474
1474
1474
1474
1474
1474
1474
1474
1474
54
1474
1474
1474
1474
54
1474
1474
1474
54
1474
1474
54
1474
1474
1474
54
1474
54
1474
1474
54
1474
1474
1474
1474
54
1474
1474
1474
1474
54
1474
1474
54
1474
1474
1474
1474
54
1474
1474
1474
54
1474
1474
54
1474
1474
54
1474
1474
54
1474
1474
1474
54
1474
1474
54
1474
1474
54
1474
1474
54
1474
1474
486
1474
1474
54
1474
54
1474
1474
1474
1474
1474
54
1474
1474
1474
1474
54
1474
1474
54
1474
1474
1474
1474
54
1474
1474
54
1474
1474
1474
1474
54
1474
1474
1474
1474
1474
1474
1474
1474
54
1474
1474
1474
1474
1474
54
1474
1474
1474
54
1474
1474
1474
54
1474
1474
54
1474
1474
1474
54
1474
1474
54
1474
1474
1474
1474
1474
54
1474
1474
1474
54
1474
1474
54
1474
1474
1474
54
1474
1474
1474
1474
54
1474
1474
54
1474
1474
1474
1474
1474
54
1474
1474
1474
1474
54
1474
1474
1474
54
1474
1474
1474
54
1474
1474
54
1474
1474
1474
54
1474
1474
54
1474
1474
1474
1474
1474
1474
1474
1474
1474
1474
54
1474
1474
1474
1474
1474
1474
1474
54
1474
1474
1474
54
1474
1474
1474
1474
1474
54
1474
1474
1474
1474
54
1474
1474
1474
1474
54
1474
1474
54
1474
1474
1474
54
1474
1474
54
1474
1474
1474
54
1474
1474
54
1474
54
1474
1474
54
1474
1474
1474
1474
1474
1474
54
1474
1474
54
1474
1474
54
1474
1474
1474
54
1474
1474
1474
1474
1474
1474
1474
1474
54
1474
1474
1474
1474
1474
1474
1474
1474
1474
1474
1474
1474
1474
1474
1474
1474
1474
1474
1474
1474
1474
1474
54
1474
1474
1474
1474
1474
1474
54
1474
1474
1474
1474
1474
1474
1474
1474
1474
1474
1474
1474
1474
1474
1474
1474
1474
1474
1474
54
1474
1474
1474
1474
1474
1474
1474
1474
1474
1474
1474
1474
1474
1474
54
1474
1474
1474
1474
1474
1474
1474
1474
1474
1474
1474
1474
54
1474
1474
1474
1474
1474
54
1474
1474
54
1474
1474
54
1474
1474
54
1474
1474
54
1474
1474
54
1474
1474
54
1474
1474
54
1474
1474
54
1474
1474
54
1474
1474
54
1474
1474
54
1474
1474
1474
54
1474
54
1474
1474
1474
1474
1474
1474
1474
1474
1474
54
1474
1474
1474
1474
54
1474
1474
54
1474
1474
1474
1474
1474
1474
54
1474
1474
1474
1474
1474
54
1474
1474
1474
54
1474
1474
1474
1474
54
1474
1474
54
1474
1474
1474
54
1474
1474
1474
54
1474
1474
1474
54
1474
1474
54
1474
1474
54
1474
1474
1474
54
1474
1474
1474
1474
1474
1474
1474
1474
54
1474
1474
1474
1474
1474
1474
1474
1474
1474
1474
54
1474
1474
1474
1474
1474
1474
1474
54
1474
1474
1474
1474
1474
54
1474
1474
1474
1474
54
1474
1474
1474
54
1474
1474
1474
1474
1474
54
1474
1474
1474
1474
54
1474
1474
1474
1474
54
1474
1474
1474
1474
1474
54
1474
1474
54
1474
1474
1474
1474
54
1474
1474
54
1474
1474
1474
54
1474
1474
54
1474
1474
1474
1474
1474
1474
1474
1474
54
1474
1474
1474
1474
1474
54
1474
1474
1474
1474
1474
1474
54
1474
1474
1474
1474
54
1474
1474
1474
1474
54
1474
1474
1474
54
1474
1474
1474
54
1474
1474
54
1474
1474
1474
54
1474
1474
1474
1474
54
1474
1474
1474
54
1474
1474
1474
54
1474
1474
54
1474
1474
1474
1474
1474
54
1474
1474
1474
1474
54
1474
1474
1474
1474
1474
1474
54
1474
1474
1474
1474
54
1474
1474
1474
1474
1474
54
1474
54
1474
1474
1474
1474
1474
1474
1474
54
1474
1474
1474
1474
1474
54
1474
1474
1474
54
1474
1474
1474
54
1474
1474
54
1474
1474
1474
54
1474
54
1474
1474
1474
1474
54
1474
1474
54
1474
1474
1474
54
1474
1474
54
1474
1474
1474
1474
54
1474
1474
1474
54
1474
1474
54
1474
1474
1474
54
1474
1474
1474
54
1474
1474
54
1474
1474
1474
54
1474
1474
54
1474
1474
1474
54
1474
1474
1474
1474
1474
1474
54
1474
1474
1474
54
1474
1474
1474
1474
1474
1474
1474
1474
54
1474
1474
1474
1474
1474
54
1474
1474
1474
1474
54
1474
1474
1474
54
1474
1474
1474
54
1474
1474
1474
1474
1474
1474
54
1474
1474
1474
54
1474
1474
1474
1474
1474
1474
1474
1474
1474
54
1474
1474
1474
1474
1474
54
1474
1474
1474
54
1474
1474
1474
54
1474
1474
54
1474
1474
1474
54
1474
1474
54
1474
1474
54
1474
1474
1474
54
1474
1474
1474
54
1474
1474
1474
54
1474
1474
1474
1474
54
1474
1474
1474
54
1474
1474
1474
54
1474
1474
54
1474
1474
54
1474
1474
1474
54
1474
1474
54
1474
1474
1474
54
1474
54
1474
1474
1474
54
1474
1474
1474
54
1474
1474
1474
1474
1474
1474
54
1474
1474
1474
54
1474
1474
1474
1474
54
1474
1474
54
1474
1474
1474
54
1474
1474
54
1474
1474
54
1474
1474
1474
54
1474
1474
1474
1474
1474
1474
54
1474
1474
1474
1474
54
1474
1474
1474
1474
54
1474
54
1474
1474
1474
54
1474
1474
1474
1474
54
1474
1474
54
1474
1474
1474
54
1474
1474
54
1474
1474
1474
54
1474
1474
1474
1474
1474
1474
54
1474
1474
1474
1474
54
1474
1474
1474
1474
1474
1474
1474
1474
1474
1474
1474
1474
1474
1474
1474
54
1474
1474
1474
1474
1474
1474
1474
1474
1474
54
1474
54
1474
1474
54
1474
1474
1474
1474
1474
1474
1474
1474
54
1474
1474
1474
1474
54
1474
1474
1474
54
1474
1474
1474
1474
1474
54
1474
1474
54
1474
1474
54
1474
1474
54
1474
1474
54
1474
1474
54
1474
1474
54
1474
1474
1474
54
1474
1474
1474
1474
54
1474
1474
54
1474
1474
1474
54
1474
1474
1474
54
1474
1474
1474
54
1474
1474
54
1474
1474
1474
54
1474
1474
1474
1474
54
1474
1474
1474
1474
54
1474
54
1474
1474
1474
1474
54
1474
1474
1474
54
1474
1474
1474
54
1474
1474
1474
1474
1474
1474
54
1474
1474
54
1474
1474
1474
54
1474
1474
1474
54
1474
1474
1474
1474
1474
54
1474
1474
1474
54
1474
1474
1474
1474
1474
1474
54
1474
1474
1474
1474
1474
1474
1474
1474
54
1474
1474
1474
1474
1474
1474
54
1474
1474
1474
1474
1474
1474
54
1474
1474
1474
1474
1474
1474
1474
54
1474
1474
1474
1474
1474
54
1474
1474
1474
54
1474
1474
1474
1474
54
1474
1474
54
1474
1474
1474
54
1474
1474
54
1474
1474
54
1474
1474
1474
54
1474
1474
1474
1474
1474
54
1474
1474
1474
1474
54
1474
1474
1474
1474
54
1474
1474
1474
54
1474
1474
1474
54
1474
1474
1474
1474
1474
54
1474
1474
1474
1474
54
1474
1474
1474
1474
1474
1474
1474
54
1474
1474
1474
1474
1474
1474
54
1474
1474
54
1474
1474
1474
54
1474
1474
1474
54
1474
1474
1474
1474
1474
1474
1474
54
1474
1474
1474
1474
1474
54
1474
1474
1474
1474
1474
54
1474
54
1474
1474
1474
1474
1474
1474
1474
1474
54
1474
1474
1474
1474
1474
54
1474
1474
1474
1474
54
1474
1474
1474
54
1474
1474
1474
54
1474
1474
54
1474
1474
1474
54
1474
1474
54
1474
1474
1474
54
1474
1474
1474
54
1474
1474
54
1474
1474
54
1474
1474
1474
54
1474
1474
1474
54
1474
1474
1474
54
1474
1474
1474
1474
1474
54
1474
1474
1474
54
1474
1474
1474
1474
54
1474
1474
1474
54
1474
1474
1474
54
1474
1474
54
1474
1474
1474
54
1474
1474
1474
1474
1474
1474
54
1474
1474
1474
1474
1474
54
1474
1474
1474
1474
54
1474
1474
1474
1474
54
1474
1474
1474
54
1474
1474
1474
54
1474
1474
1474
54
1474
1474
1474
1474
54
1474
1474
54
1474
1474
1474
1474
1474
1474
54
1474
1474
1474
1474
54
1474
1474
1474
1474
54
1474
1474
1474
1474
54
1474
1474
1474
54
1474
1474
1474
54
1474
1474
1474
1474
1474
1474
54
1474
1474
1474
1474
54
1474
1474
1474
1474
1474
54
1474
1474
1474
1474
54
1474
1474
1474
54
1474
1474
1474
54
1474
1474
54
1474
1474
1474
54
1474
1474
54
1474
1474
1474
1474
1474
1474
1474
1474
54
1474
1474
1474
1474
1474
54
1474
1474
1474
1474
54
1474
1474
1474
54
1474
1474
1474
54
1474
54
1474
1474
54
1474
1474
1474
54
1474
1474
54
1474
1474
1474
54
1474
1474
54
1474
1474
1474
1474
1474
54
1474
1474
1474
1474
1474
54
1474
1474
1474
1474
54
1474
1474
1474
1474
1474
1474
1474
1474
1474
54
1474
1474
1474
54
1474
1474
54
1474
1474
1474
1474
1474
1474
1474
1474
1474
1474
1474
1474
54
1474
1474
1474
1474
1474
1474
1474
54
1474
1474
1474
1474
1474
54
1474
1474
54
1474
1474
1474
1474
54
1474
1474
1474
54
1474
1474
54
1474
1474
1474
54
1474
1474
1474
54
1474
1474
1474
54
1474
1474
1474
54
1474
1474
54
1474
1474
1474
54
1036
1351
1474
1474
54
1474
1474
1474
1474
1474
1474
1474
1474
1474
1474
54
1474
1474
1474
1474
1474
1474
54
1474
1474
1474
1474
54
1474
1474
1474
1474
54
1474
1474
54
1474
1474
1474
54
1474
1474
1474
54
1474
1474
1474
54
1474
1474
54
1474
1474
1474
54
1474
1474
54
1474
1474
1474
54
1474
1474
54
1474
1474
1474
54
1474
1474
54
1474
1474
1474
54
1474
1474
1474
1474
54
1474
1474
54
1474
1474
54
1474
1474
1474
54
1474
1474
54
1474
1474
1474
54
1474
54
1474
1474
1474
54
1474
1474
54
1474
1474
54
1474
1474
1474
54
1474
1474
1474
54
1474
1474
54
1474
1474
1474
54
1474
1474
1474
54
1474
1474
1474
1474
1474
54
1474
1474
1474
54
1474
1474
54
1474
1474
1474
54
1474
1474
54
1474
1474
54
1474
1474
1474
54
1474
54
1474
1474
54
1474
1474
1474
1474
1474
54
1474
1474
1474
1474
1474
54
1474
1474
1474
54
1474
1474
1474
54
1474
1474
1474
54
1474
1474
54
1474
1474
1474
54
1474
1474
1474
1474
1474
54
1474
1474
1474
1474
1474
1474
54
1474
54
1474
1474
1474
1474
54
1474
1474
1474
1474
54
1474
1474
1474
54
1474
1474
1474
54
1474
1474
1474
54
1474
1474
54
1474
1474
1474
1474
54
1474
1474
1474
54
1474
1474
54
1474
1474
1474
54
1474
1474
1474
1474
1474
1474
54
1474
1474
1474
1474
54
1474
1474
54
1474
1474
1474
1474
54
1474
1474
1474
1474
1474
54
1474
1474
1474
1474
1474
54
1474
1474
1474
1474
54
1474
1474
54
1474
1474
529
54
550
54
128
92
100
54
100
54
1354
1474
1474
54
1474
1474
54
1474
1474
1474
54
1474
1474
1474
1474
1474
54
1474
1474
54
1474
1474
54
1474
1474
1474
1474
1474
54
1474
1474
1474
54
1474
1474
1474
54
1474
1474
54
1474
1474
1474
1474
1474
1474
54
1474
1474
54
1474
54
1474
1474
54
1474
1474
1474
54
1474
54
1474
1474
1474
54
1474
1474
54
1474
54
1474
1474
1474
54
1474
1474
1474
54
1474
1474
1474
54
1474
1474
1474
54
1474
1474
54
1474
1474
54
1474
1474
54
1474
1474
54
1474
1474
1474
54
1474
1474
1474
1474
1474
1474
1474
1474
1474
54
1474
1474
1474
1474
1474
54
1474
1474
1474
54
1474
1474
1474
54
1474
1474
54
1474
1474
1474
54
1474
1474
1474
54
1474
1474
1474
1474
54
1474
1474
1474
1474
54
1474
1474
54
1474
54
1474
1474
1474
1474
54
1474
1474
1474
1474
1474
54
1474
1474
1474
54
1474
1474
1474
1474
54
1474
1474
1474
1474
1474
54
1474
1474
1474
54
1474
1474
1474
54
1474
1474
54
1474
1474
1474
1474
1474
54
1474
1474
54
1474
1474
1474
1474
1474
1474
1474
1474
1474
1474
54
1474
1474
1474
1474
54
1474
1474
1474
54
1474
1474
1474
54
1474
1474
1474
1474
1474
54
1474
1474
1474
1474
54
1474
1474
54
1474
1474
1474
54
1474
1474
54
1474
1474
54
1474
1474
54
1474
1474
1474
54
1474
1474
54
1474
1474
1474
54
1474
1474
1474
54
1474
1474
1474
1474
1474
1474
1474
1474
1474
1474
1474
1474
1474
1474
54
1474
1474
1474
1474
1474
1474
1474
54
1474
1474
1474
1474
1474
1474
1474
54
1474
1474
1474
1474
54
1474
1474
54
1474
1474
1474
54
1474
1474
54
1474
1474
54
1474
1474
54
1474
1474
1474
54
1474
1474
54
1474
54
1474
1474
1474
54
1474
54
1474
1474
1474
1474
54
1474
1474
54
1474
1474
1474
54
1474
1474
54
1474
1474
1474
54
1474
1474
1474
1474
54
1474
1474
1474
54
1474
54
1474
1474
1474
1474
54
1474
1474
1474
54
1474
1474
54
1474
54
1474
1474
1474
54
1474
1474
1474
1474
1474
1474
54
1474
1474
1474
1474
54
1474
54
1474
1474
1474
1474
54
1474
1474
1474
1474
1474
1474
54
1474
1474
1474
1474
54
1474
1474
1474
54
1474
1474
1474
54
1474
1474
1474
54
1474
54
1474
1474
1474
1474
1474
54
1474
54
1474
1474
54
1474
1474
1474
54
1474
1474
1474
1474
1474
1474
1474
1474
1474
1474
1474
1474
1474
1474
1474
1474
54
1474
54
1474
1474
1474
1474
1474
1474
1474
1474
54
1474
1474
1474
1474
54
1474
1474
1474
1474
1474
1474
1474
1474
54
1474
1474
1474
1474
54
1474
1474
54
1474
1474
1474
1474
54
1474
1474
1474
54
1474
54
1474
1474
1474
1474
1474
54
1474
54
1474
1474
54
1474
1474
1474
1474
1474
54
1474
1474
54
1474
1474
54
1474
54
1474
1474
54
1474
1474
54
1474
1474
1474
1474
1474
1474
1474
54
1474
1474
54
1474
54
1474
1474
54
1474
1474
54
1474
1474
54
1474
1474
1474
54
1474
1474
1474
1474
54
1474
1474
54
1474
1474
54
1474
1474
1474
54
1474
1474
1474
1474
1474
54
1474
1474
54
1474
1474
54
1474
1474
1474
54
1474
1474
1474
1474
54
1474
1474
54
1474
1474
1474
1474
1474
1474
1474
1474
54
1474
1474
1474
1474
54
1474
1474
1474
1474
54
1474
1474
1474
1474
1474
1474
1474
1474
1474
1474
54
1474
1474
1474
1474
1474
54
1474
1474
54
1474
1474
54
1474
1474
1474
54
1474
1474
1474
54
1474
1474
1474
1474
54
1474
1474
54
1474
54
1474
1474
1474
54
1474
1474
54
1474
1474
1474
66
74
74
1474
74
1474
1474
1474
74
74
74
1474
1474
74
74
1474
1474
1474
1474
1474
1474
1474
74
74
74
74
74
74
74
1474
1474
74
74
1474
1474
1474
1474
1474
1474
1474
1474
1474
1474
1474
74
74
74
74
74
74
74
74
74
74
74
1474
1474
1474
1474
1474
74
74
74
74
74
1474
1474
74
74
1474
1474
1474
74
74
74
1474
1474
1474
1474
1474
1474
74
74
74
74
74
74
1474
1474
1474
1474
74
74
74
74
1474
1474
1474
1474
74
74
74
74
1474
1474
74
74
1474
74
1474
1474
1474
74
74
74
1474
1474
1474
74
74
74
1474
1474
74
66
1474
1474
1474
1474
66
54
54
54
1474
1474
54
1474
1474
54
1474
1474
54
1474
1474
54
1474
1474
1474
54
1474
1474
54
1474
1474
54
1474
1474
54
1474
1474
1474
1474
1474
1474
1474
1474
54
1474
1474
1474
1474
1474
54
1474
1474
54
1474
1474
54
1474
1474
1474
54
1474
1474
54
1474
1474
1474
54
1474
1474
54
1474
1474
54
1474
1474
54
1474
1474
54
1474
54
1474
1474
54
1474
1474
1474
54
1474
54
1474
1474
1474
54
1474
1474
54
1474
54
1474
1474
1474
54
1474
54
1474
1474
1474
1474
54
1474
1474
54
1474
1474
1474
1474
1474
1474
54
1474
1474
54
1474
1474
1474
1474
54
1474
1474
1474
54
1474
54
1474
1474
54
1474
1474
1474
1474
54
1474
1474
1474
1474
54
1474
1474
1474
1474
54
1474
1474
54
1474
1474
54
1474
1474
54
1474
1474
1474
54
1474
1474
54
1474
1474
1474
54
1474
1474
54
1474
1474
1474
1474
54
1474
1474
54
1474
1474
1474
54
1474
1474
54
1474
54
1474
1474
54
1474
1474
1474
54
1474
1474
1474
1474
54
1474
1474
1474
54
1474
1474
1474
54
1474
1474
54
1474
1474
54
1474
1474
1474
54
1474
1474
1474
1474
54
1474
1474
1474
1474
54
1474
1474
1474
1474
54
1474
1474
1474
1474
1474
1474
1474
1474
54
1474
1474
1474
1474
1474
54
1474
1474
54
1474
1474
54
1474
1474
54
1474
1474
54
1474
1474
1474
54
1474
1474
54
1474
1474
54
1474
1474
54
1474
1474
1474
54
1474
1474
1474
1474
1474
1474
1474
1474
54
1474
1474
1474
1474
1474
1474
1474
1474
1474
1474
1474
1474
54
1474
1474
1474
1474
1474
1474
1474
1474
1474
1474
1474
1474
1474
54
1474
1474
1474
54
1474
54
1474
1474
54
1474
1474
1474
1474
54
1474
1474
54
1474
1474
1474
54
1474
54
1474
1474
1474
54
1474
1474
1474
54
1474
1474
54
1474
1474
1474
54
1474
1474
1474
54
1474
1474
54
1474
1474
1474
1474
54
1474
1474
54
1474
1474
54
1474
1474
54
1474
1474
1474
1474
54
1474
1474
1474
1474
54
1474
1474
1474
1474
1474
54
1474
1474
54
1474
1474
54
1474
1474
54
1474
1474
54
1474
1474
1474
54
1474
1474
54
1474
1474
1474
1474
1474
1474
54
1474
1474
1474
1474
54
1474
1474
54
1474
1474
54
1474
1474
1474
54
1474
54
1474
1474
54
1474
1474
1474
54
1474
54
1474
1474
1474
54
1474
1474
54
1474
54
1474
1474
54
1474
1474
1474
54
1474
1474
54
1474
1474
54
1474
1474
1474
54
1474
1474
1474
1474
54
1474
1474
1474
1474
1474
1474
1474
54
1474
54
1474
1474
1474
54
1474
1474
54
1474
1474
1474
54
1474
1474
54
1474
1474
54
1474
1474
1474
54
1474
54
1474
1474
1474
1474
1474
1474
54
1474
1474
1474
1474
54
1474
1474
1474
54
1474
1474
54
1474
1474
1474
1474
54
1474
1474
1474
54
1474
1474
54
1474
1474
1474
54
1474
54
1474
1474
1474
54
1474
1474
1474
1474
54
1474
1474
1474
1474
1474
1474
1474
1474
1474
54
1474
1474
1474
1474
54
1474
1474
1474
54
1474
1474
54
1474
1474
54
1474
1474
54
1474
54
1474
1474
1474
54
1474
1474
54
1474
1474
54
1474
1474
54
1474
1474
54
1474
1474
1474
1474
54
1474
1474
1474
54
1474
1474
54
1474
1474
1474
54
1474
1474
54
1474
1474
1474
1474
1474
54
1474
1474
1474
54
1474
1474
1474
1474
1474
54
1474
1474
1474
54
1474
1474
1474
54
1474
1474
1474
1474
54
1474
1474
54
1474
1474
1474
1474
54
1474
1474
54
1474
1474
54
1474
1474
54
1474
1474
1474
1474
54
1474
1474
54
1474
1474
1474
1474
54
1474
1474
1474
1474
54
1474
1474
54
1474
1474
1474
54
1474
1474
1474
1474
1474
54
1474
1474
54
1474
1474
54
1474
1474
54
1474
1474
1474
54
1474
1474
1474
54
1474
1474
54
1474
1474
54
1474
1474
1474
1474
54
1474
1474
1474
1474
54
1474
1474
54
1474
1474
54
1474
1474
1474
54
1474
1474
54
1474
1474
54
1474
1474
1474
1474
54
1474
1474
54
1474
1474
1474
54
1474
1474
54
1474
1474
54
1474
1474
54
1474
1474
54
1474
1474
1474
54
1474
1474
54
1474
1474
54
1474
1474
1474
1474
1474
54
1474
1474
1474
1474
54
1474
1474
54
1474
1474
54
1474
1474
54
1474
1474
1474
1474
54
1474
1474
1474
1474
54
1474
1474
54
1474
1474
1474
54
1474
1474
54
1474
1474
54
1474
1474
54
1474
1474
1474
54
1474
1474
1474
54
1474
1474
1474
54
1474
1474
54
1474
1474
1474
1474
1474
54
1474
1474
1474
54
1474
1474
54
1474
1474
1474
54
1474
1474
54
1474
1474
54
1474
1474
54
1474
1474
1474
54
1474
1474
54
1474
1474
54
1474
1474
54
1474
1474
1474
54
1474
1474
1474
1474
54
1474
1474
1474
1474
54
1474
1474
1474
1474
54
1474
1474
54
1474
1474
1474
54
1474
1474
1474
1474
1474
54
1474
1474
1474
54
1474
1474
54
1474
1474
54
1474
1474
1474
54
1474
54
1474
1474
1474
54
1474
1474
1474
1474
54
1474
1474
1474
1474
1474
54
1474
1474
1474
1474
1474
1474
1474
54
1474
54
1474
1474
1474
1474
1474
54
1474
1474
1474
1474
1474
1474
54
1474
1474
1474
1474
1474
1474
1474
1474
1474
54
1474
1474
54
1474
1474
54
1474
1474
54
1474
1474
1474
54
1474
1474
54
1474
1474
1474
54
1474
1474
54
1474
1474
1474
1474
54
1474
1474
54
1474
1474
1474
1474
54
1474
1474
1474
1474
1474
1474
1474
1474
1474
1474
1474
1474
1474
1474
1474
1474
1474
54
1474
1474
1474
1474
1474
1474
1474
54
1474
1474
1474
1474
54
1474
1474
1474
1474
54
1474
1474
54
1474
1474
1474
1474
54
1474
1474
1474
1474
54
1474
1474
54
1474
1474
54
1474
1474
54
1474
1474
54
1474
1474
1474
54
1474
1474
54
1474
1474
54
1474
1474
1474
1474
54
1474
1474
54
1474
1474
1474
54
1474
1474
1474
1474
1474
1474
54
1474
1474
54
1474
1474
1474
54
1474
1474
54
1474
1474
1474
1474
54
1474
1474
54
1474
1474
1474
54
1474
1474
1474
1474
1474
54
1474
1474
54
1474
1474
54
1474
1474
1474
54
1474
1474
54
1474
1474
1474
1474
1474
54
1474
1474
54
1474
1474
1474
54
1474
1474
54
1474
1474
1474
1474
1474
1474
1474
1474
1474
1474
1474
1474
1474
1474
1474
1474
54
1474
1474
1474
1474
1474
1474
1474
1474
54
1474
1474
1474
1474
1474
68
54
55
66
1355
1474
1474
1474
54
1474
1474
1474
54
1474
1474
1474
1474
1474
1474
54
1474
1474
1474
1474
54
1474
1474
1474
1474
54
1474
1474
1474
54
1474
1474
54
1474
1474
54
1474
1474
1474
54
1474
1474
1474
54
1474
1474
1474
54
1474
1474
54
1474
1474
1474
1474
54
1474
1474
1474
54
1474
1474
1474
54
1474
1474
54
1474
1474
54
1474
1474
1474
1474
54
1474
1474
1474
54
1474
1474
54
1474
1474
54
1474
1474
54
1474
1474
54
1474
1474
1474
1474
54
1474
1474
1474
1474
54
1474
1474
1474
54
1474
1474
1474
1474
54
1474
1474
1474
1474
54
1474
1474
54
1474
1474
1474
1474
54
1474
1474
1474
1474
1474
54
1474
1474
1474
54
1474
1474
1474
54
1474
1474
1474
54
1474
1474
1474
54
1474
1474
1474
54
1474
1474
54
1474
1474
1474
1474
54
1474
1474
1474
54
1474
1474
54
1474
1474
54
1474
1474
54
1474
1474
1474
54
1474
1474
1474
54
1474
1474
1474
1474
1474
54
1474
1474
1474
1474
1474
54
1474
1474
1474
1474
54
1474
1474
1474
54
1474
1474
1474
54
1474
1474
1474
1474
54
1474
1474
1474
54
1474
1474
54
1474
1474
54
1474
1474
1474
1474
54
1474
1474
1474
1474
1474
54
1474
1474
1474
54
1474
1474
54
1474
1474
1474
1474
54
1474
1474
54
1474
1474
54
1474
1474
54
1474
1474
54
1474
1474
1474
54
1474
1474
1474
54
1474
1474
1474
1474
54
1474
1474
1474
1474
54
1474
1474
1474
1474
54
1474
1474
1474
1474
1474
1474
1474
1474
1474
1474
1474
1474
1474
1474
1474
1474
1474
1474
1474
1474
1474
1474
54
1474
1474
54
1474
1474
1474
1474
54
1474
1474
54
1474
1474
54
1474
1474
54
1474
1474
1474
1474
54
1474
1474
54
1474
1474
54
1474
1474
1474
1474
54
1474
1474
1474
54
1474
1474
54
1474
54
1474
1474
1474
1474
54
1474
1474
54
1474
1474
54
1474
1474
54
1474
1474
54
1474
1474
54
1474
1474
54
1474
1474
54
1474
1474
54
1474
1474
1474
1474
1474
1474
54
1474
1474
1474
1474
54
1474
1474
54
1474
1474
1474
54
1474
54
1474
1474
54
1474
1474
54
1474
1474
1474
54
1474
1474
1474
1474
54
1474
1474
54
1474
1474
54
1474
1474
54
1474
1474
54
1474
1474
1474
54
1474
1474
54
1474
1474
1474
1474
1474
1474
54
1474
1474
54
1474
1474
54
1474
1474
54
1474
1474
1474
54
1474
1474
1474
54
1474
1474
54
1474
1474
1474
54
1474
1474
54
1474
1474
1474
54
1474
1474
54
1474
1474
54
1474
1474
54
1474
1474
1474
54
1474
1474
54
1474
1474
1474
1474
54
1474
1474
54
1474
1474
1474
54
1474
1474
54
1474
1474
1474
54
1474
1474
1474
1474
1474
54
1474
1474
1474
1474
1474
1474
1474
1474
54
1474
1474
1474
1474
1474
1474
1474
54
1474
1474
1474
1474
54
1474
1474
1474
54
1474
1474
1474
1474
54
1474
1474
1474
1474
1474
1474
1474
54
1474
1474
1474
54
1474
1474
54
1474
1474
1474
1474
54
1474
1474
1474
1474
1474
54
1474
1474
1474
1474
1474
1474
54
1474
1474
1474
1474
54
1474
54
1474
1474
1474
54
1474
1474
1474
1474
54
1474
1474
1474
54
1474
1474
54
1474
1474
1474
54
1474
1474
54
1474
1474
1474
1474
54
1474
54
1474
1474
1474
1474
54
1474
1474
1474
1474
1474
1474
54
1474
1474
1474
1474
54
1474
1474
54
1474
1474
1474
1474
1474
1474
1474
1474
1474
1474
1474
1474
1474
1474
1474
54
1474
1474
1474
54
1474
1474
1474
1474
54
1474
1474
1474
1474
54
1474
1474
1474
1474
1474
1474
1474
1474
1474
1474
54
1474
1474
1474
54
1474
1474
1474
1474
1474
54
1474
1474
1474
1474
54
1474
1474
54
1474
1474
1474
54
1474
54
1474
1474
1474
1474
54
1474
1474
54
1474
1474
1474
54
1474
54
1474
1474
1474
1474
54
1474
1474
54
1474
1474
1474
1474
54
1474
1474
54
1474
1474
1474
54
1474
54
1474
1474
54
1474
1474
1474
1474
54
1474
1474
54
1474
1474
1474
54
1474
1474
1474
1474
1474
1474
1474
1474
1474
54
1474
1474
1474
1474
1474
54
1474
1474
54
1474
1474
1474
54
1474
1474
54
1474
1474
1474
54
1474
54
1474
1474
1474
1474
1474
54
1474
1474
1474
54
1474
1474
54
1474
1474
1474
54
1474
54
1474
1474
1474
1474
54
1474
1474
1474
1474
1474
54
1474
1474
1474
1474
54
1474
1474
1474
1474
1474
1474
1474
1474
1474
54
1474
1474
1474
1474
54
1474
1474
54
1474
1474
1474
1474
1474
1474
1474
1474
1474
1474
1474
1474
1474
1474
54
1474
1474
1474
1474
1474
54
1474
1474
1474
1474
54
1474
1474
1474
54
1474
1474
1474
1474
54
1474
1474
1474
1474
1474
1474
1474
1474
1474
1474
54
1474
1474
1474
1474
54
1474
1474
1474
1474
1474
1474
1474
1474
1474
1474
54
1474
1474
1474
1474
1474
1474
1474
1474
54
1474
1474
1474
1474
1474
54
1474
1474
54
1474
1474
1474
1474
54
1474
1474
1474
54
1474
1474
54
1474
1474
1474
1474
54
1474
1474
1474
1474
54
1474
1474
1474
54
1474
1474
1474
54
1474
1474
1474
54
1474
1474
1474
1474
1474
54
1474
1474
1474
1474
1474
54
1474
1474
54
1474
1474
1474
54
1474
1474
1474
1474
1474
1474
54
1474
1474
1474
1474
1474
54
1474
1474
1474
1474
54
1474
1474
1474
1474
1474
1474
1474
54
1474
1474
1474
1474
54
1474
1474
1474
1474
1474
54
1474
54
1474
1474
1474
1474
1474
1474
1474
54
1474
1474
1474
1474
1474
54
1474
1474
54
1474
1474
1474
54
1474
1474
54
1474
1474
54
1474
1474
1474
54
1474
1474
1474
1474
1474
1474
1474
1474
54
1474
1474
1474
1474
1474
1474
1474
1474
1474
1474
1474
1474
1474
1474
1474
1474
1474
1474
54
1474
1474
1474
1474
1474
1474
1474
54
1474
1474
54
1474
1474
54
1474
1474
1474
1474
54
1474
1474
1474
1474
1474
1474
1474
1474
1474
1474
54
1474
1474
1474
54
1474
1474
54
1474
1474
1474
1474
54
1474
1474
1474
54
1474
1474
54
1474
54
1474
1474
54
1474
1474
1474
54
1474
1474
54
1474
1474
1474
1474
1474
1474
1474
1474
1474
1474
54
1474
1474
1474
1474
1474
54
1474
1474
1474
1474
54
1474
1474
1474
1474
54
1474
1474
54
1474
1474
1474
1474
54
1474
1474
54
1474
1474
54
1474
1474
54
1474
1474
1474
1474
54
1474
1474
54
1474
1474
1474
54
1474
1474
1474
54
1474
1474
1474
54
1474
1474
1474
1474
1474
1474
54
1474
1474
54
1474
1474
54
1474
1474
1474
1474
1474
54
1474
1474
1474
54
1474
1474
1474
54
1474
1474
54
1474
1474
54
1474
1474
1474
1474
1474
1474
54
1474
1474
1474
1474
54
1474
1474
1474
1474
1474
54
1474
1474
1474
54
1474
1474
54
1474
1474
1474
1474
54
1474
1474
54
1474
1474
1474
1474
54
1474
1474
1474
1474
54
1474
1474
54
1474
1474
1474
1474
1474
54
1474
1474
1474
54
1474
1474
54
1474
1474
1474
54
1474
1474
1474
1474
1474
54
1474
1474
1474
1474
1474
54
1474
1474
54
1474
1474
1474
54
1474
1474
1474
54
1474
1474
1474
54
1474
1474
54
1474
1474
54
1474
1474
54
1474
1474
1474
54
1474
54
1474
1474
1474
54
1474
1474
54
1474
54
1474
1474
1474
54
1474
1474
1474
54
1474
1474
54
1474
1474
1474
1474
1474
54
1474
54
1474
1474
54
1474
1474
1474
1474
1474
54
1474
1474
54
1474
1474
1474
1474
1474
54
1474
1474
1474
1474
54
1474
1474
1474
54
1474
1474
1474
54
1474
1474
1474
54
1474
1474
54
1474
1474
1474
54
1474
1474
54
1474
1474
1474
1474
54
1474
1474
1474
54
1474
54
1474
1474
1474
1474
54
1474
1474
54
1474
1474
1474
54
1474
1474
1474
1474
1474
1474
54
1474
1474
54
1474
1474
1474
54
1474
1474
1474
1474
54
1474
1474
1474
54
1474
1474
1474
1474
1474
1474
54
1474
1474
54
1474
54
1474
1474
54
1474
1474
1474
54
1474
54
1474
1474
1474
1474
66
1474
1474
1474
66
66
66
1474
1474
66
66
1474
66
1474
1474
1474
66
66
66
1474
1474
1474
1474
66
66
66
66
1474
1474
66
66
1474
1474
1474
66
66
66
1474
66
1474
1474
1474
1474
1474
1474
1474
1474
1474
1474
1474
1474
66
66
66
66
66
66
66
66
66
66
66
66
1474
1474
1474
1474
1474
66
66
66
66
66
1474
1474
1474
66
66
66
1474
1474
1474
66
66
66
1474
1474
1474
54
54
1474
54
1474
1474
1474
1474
54
1474
1474
54
1474
1474
54
1474
1474
54
1474
1474
1474
54
1474
1474
54
1474
1474
54
1474
1474
54
1474
1474
1474
54
1474
1474
54
1474
1474
1474
1474
54
1474
1474
1474
1474
54
1474
1474
1474
54
1474
1474
54
1474
54
1474
1474
1474
54
1474
1474
1474
54
1474
1474
54
1474
1474
1474
1474
54
1474
1474
1474
54
1474
1474
1474
54
1474
1474
1474
1474
54
1474
1474
1474
54
1474
1474
54
1474
54
1474
1474
1474
1474
1474
54
1474
1474
1474
1474
54
1474
1474
1474
54
1474
1264
54
438
66
54
128
92
100
54
100
66
54
264
54
54
1474
1474
54
1071
345
1352
1474
1474
1474
54
1474
54
1474
1474
1474
1474
54
1474
1474
54
1474
1474
1474
1474
54
107
104
96
1474
1474
1474
1474
1474
1474
1474
1474
1474
1474
54
901
722
1474
1474
1474
1474
54
1474
1474
54
1474
1474
1474
1474
54
1474
1474
1474
54
1474
1474
1474
54
1474
1474
1474
1474
54
1474
1474
54
1474
1474
1474
54
1474
54
1474
1474
1474
54
1474
1474
54
1474
54
1474
1474
1474
54
1474
1474
54
1474
1474
1474
1474
1474
54
1474
1474
1474
54
1474
1474
1474
54
1474
1474
1474
54
1474
1474
1474
54
1474
1474
1474
54
1474
54
1474
1474
54
1474
1474
1474
1474
1474
54
1474
1474
1474
54
1474
1474
1474
1474
54
1474
1474
1474
1474
1474
1474
54
1474
1474
1474
1474
54
1474
1474
1474
54
1474
1474
54
1474
1474
54
1474
1474
1474
54
1474
1474
54
1474
1474
1474
54
1474
54
1474
1474
1474
54
1474
1474
1474
54
1474
1474
1474
54
1474
1474
54
1474
1474
1474
1474
54
1474
1474
1474
54
1474
1474
54
1474
1474
54
1474
1474
54
1474
1474
54
1474
1474
54
1474
1474
1474
1474
54
1474
1474
1474
54
1474
54
1474
1474
1474
54
1474
1474
54
1474
54
1474
1474
54
1474
1474
1474
1474
1474
54
1474
1474
54
1474
1474
1474
54
1474
1474
54
1474
1474
1474
1474
54
1474
1474
54
1474
1474
54
1474
1474
54
1474
1474
1474
54
1474
54
1474
1474
54
1474
1474
1474
54
1474
1474
1474
1474
54
1474
1474
54
1474
54
1474
1474
1474
54
1474
54
1474
1474
54
1474
1474
1474
1474
54
1474
1474
1474
1474
54
1474
1474
1474
54
1474
1063
54
348
110
96
54
92
54
92
54
389
54
511
100
54
100
54
54
1355
1474
1474
54
1474
1474
54
1474
1474
54
1474
1474
1474
54
1474
1474
1474
1474
1474
1474
54
1474
1474
1474
1474
1474
1474
1474
54
1474
1474
1474
1474
54
1474
1474
54
1474
1474
1474
54
1474
1474
1474
1474
1474
54
1474
1474
1474
54
1474
1474
1474
54
1474
1474
1474
54
1474
1474
54
1474
54
1474
1474
1474
54
1474
1474
54
1474
1474
54
1474
1474
54
1474
1474
1474
1474
1474
1474
54
1474
1474
1474
1474
54
1474
1474
1474
54
1474
1474
1474
1474
1474
54
1474
1474
54
1474
1474
1474
54
1474
1474
1474
54
1474
1474
1474
1474
54
1474
1474
1474
1474
54
1474
1474
54
1474
1474
1474
54
1474
1474
1474
54
1474
1474
1474
54
1474
1474
1474
1474
54
1474
1474
54
1474
1474
1474
54
1474
1474
54
1474
1474
1474
54
1474
1474
54
1474
1474
1474
54
1474
1474
54
1474
1474
1474
1474
1474
1474
1474
1474
54
1474
54
1474
1474
1474
1474
1474
1474
1474
1474
1474
1474
1474
54
1474
1474
54
1474
54
1474
1474
1474
1474
1474
1474
1474
1474
1474
1474
1474
1474
1474
1474
1474
1474
1474
1474
1474
1474
1474
1474
1474
54
1474
1474
1474
1474
1474
1474
1474
1474
1474
54
1474
1474
54
1474
1474
54
1474
1474
1474
54
1474
54
1474
1474
1474
1474
1474
1474
54
1474
1474
54
1474
1474
54
1474
1474
1474
54
1474
54
1474
1474
1474
54
1474
54
1474
1474
54
1474
1474
1474
54
1474
54
1474
1474
1474
1474
1474
1474
1474
1474
1474
1474
54
1474
1474
1474
1474
1474
54
1474
1474
54
1474
1474
1474
54
1474
1474
1474
1474
1474
54
1474
1474
1474
1474
54
1474
1474
54
1474
1474
1474
54
1474
1474
1474
54
1474
1474
1474
54
1474
1474
54
1474
1474
54
1474
1474
54
1474
1474
1474
54
1474
1474
54
1474
1474
1474
54
1474
1474
1474
54
1474
1474
1474
54
1474
1474
1474
1474
54
1474
1474
54
1474
1474
1474
1474
54
1474
1474
54
1474
1474
1474
1474
54
1474
1474
1474
54
1474
54
1474
1474
54
1474
1474
1474
54
1474
54
1474
1474
1474
54
1474
1474
54
1474
1474
54
1474
1474
1474
1474
1474
1474
54
1474
1474
1474
54
1474
1474
54
1474
1474
1474
1474
54
1474
1474
1474
1474
54
1474
1474
54
1474
1474
1474
1474
1474
1474
54
1474
1474
1474
54
1474
1474
54
1474
1474
54
1474
1474
54
1474
1474
1474
54
1474
1474
1474
54
1474
1474
1474
54
1474
1474
54
1474
1474
54
1474
1474
54
1474
1474
1474
54
1474
1474
1474
54
1474
1474
1474
54
1474
1474
54
1474
1474
1474
1474
54
1474
54
1474
1474
1474
54
1474
1474
1474
54
1474
1474
1474
1474
1474
1474
1474
54
1474
1474
1474
1474
1474
1474
54
1474
1474
1474
54
1474
1474
1474
1474
1474
54
1474
1474
1474
54
1474
1474
1474
54
1474
1474
54
1474
1474
54
1474
1474
54
1474
1474
1474
54
1474
1474
1474
54
1474
1474
1474
54
1474
1474
1474
1474
54
1474
1474
54
1474
1474
1474
1474
54
1474
1474
54
1474
1474
1474
54
1474
1474
1474
54
1474
1474
1474
1474
1474
54
1474
1474
54
1474
1474
1474
1474
1474
1474
1474
1474
1474
54
1474
1474
1474
1474
54
1474
1474
1474
54
1474
1474
1474
1474
1474
54
1474
1474
54
1474
1474
54
1474
1474
54
1474
1474
1474
54
1474
1474
1474
1474
54
1474
1474
54
1474
1474
1474
54
1474
1474
54
1474
1474
1474
1474
54
1474
1474
1474
54
1474
1474
1474
54
1474
1474
1474
54
1474
1474
54
1474
1474
1474
1474
1474
1474
1474
1474
1474
1474
1474
1474
54
1474
1474
1474
1474
1474
1474
1474
1474
54
1474
1474
1474
1474
54
1474
1474
1474
1474
54
1474
1474
1474
54
1474
1474
1474
1474
1474
54
1474
1474
1474
54
1474
1474
54
1474
1474
54
1474
1474
1474
1474
54
1474
1474
54
1474
1474
1474
1474
54
1474
1474
1474
1474
54
1474
1474
54
1474
1474
54
1474
1474
54
1474
1474
1474
1474
54
1474
1474
54
1474
1474
54
1474
1474
54
1474
1474
54
1474
1474
1474
1474
1474
54
1474
1474
1474
1474
54
1474
1474
1474
1474
54
1474
1474
1474
1474
54
1474
1474
54
1474
1474
1474
54
1474
1474
1474
54
1474
1474
54
1474
1474
1474
54
1474
1474
1474
54
1474
1474
54
1474
1474
1474
54
1474
1474
1474
54
1474
1474
1474
1474
1474
1474
1474
1474
54
1474
1474
1474
1474
54
1474
1474
54
1474
1474
1474
54
1474
1474
1474
1474
1474
1474
54
1474
1474
54
1474
1474
1474
54
1474
1474
1474
1474
1474
54
1474
1474
1474
54
1474
1474
1474
1474
1474
1474
54
1474
1474
1474
54
1474
1474
1474
1474
1474
54
1474
1474
54
1474
1474
1474
1474
54
1474
1474
1474
54
1474
1474
1474
1474
1474
54
1474
54
1474
1474
1474
1474
1474
54
1474
1474
1474
54
1474
1474
54
1474
1474
1474
1474
54
1474
1474
1474
54
1474
1474
54
1474
1474
54
1474
54
1474
1474
54
1474
1474
1474
1474
1474
54
1474
1474
54
1474
1474
1474
1474
54
1474
54
1474
1474
1474
54
1474
1474
1474
1474
1474
54
1474
1474
1474
54
1474
1474
1474
54
1474
1474
1474
1474
1474
54
1474
1474
1474
1474
54
1474
1474
54
1474
1474
1474
54
1474
1474
1474
1474
1474
54
1474
1474
54
1474
54
1474
1474
1474
54
1474
1474
1474
1474
54
1474
1474
1474
1474
54
1474
1474
1474
1474
1474
1474
1474
1474
54
1474
1474
1474
54
1474
1474
54
1474
1474
1474
54
1474
1474
54
1474
1474
1474
1474
1474
1474
54
1474
1474
1474
54
1474
1474
1474
1474
1474
1474
1474
1474
1474
54
1474
1474
1474
54
1474
1474
1474
54
1474
1474
54
1474
1474
1474
1474
1474
54
1474
1474
1474
54
1474
1474
54
1474
1474
1474
54
1474
1474
1474
54
1474
1474
1474
54
1474
1474
54
1474
1474
1474
54
1474
1474
1474
1474
54
1474
1474
1474
54
1474
1474
54
1474
1474
1474
1474
54
1474
1474
1474
1474
1474
54
1474
1474
1474
1474
1474
54
1474
1474
54
1474
1474
1474
54
1474
1474
1474
1474
1474
54
1474
1474
1474
54
1474
54
1474
1474
1474
1474
54
1474
1474
1474
54
1474
1474
54
1474
1474
54
1474
1474
1474
1474
54
1474
1474
1474
1474
54
1474
54
1474
1474
1474
1474
1474
54
1474
1474
54
1474
1474
54
1474
1474
54
1474
54
1474
1474
54
1474
1474
54
1474
1474
1474
1474
54
1474
1474
1474
1474
1474
1474
1474
54
1474
54
1474
1474
1474
54
1474
1474
1474
1474
1474
54
1474
1474
1474
54
1474
1474
1474
1474
1474
54
1474
1474
54
1474
1474
1474
54
1474
1474
54
1474
1474
54
1474
1474
54
1474
1474
54
1474
1474
1474
54
1474
1474
1474
1474
54
1474
1474
54
1474
1474
1474
54
1474
54
1474
1474
54
1474
1474
1474
54
1474
54
1474
1474
54
1474
1474
1474
1474
54
1474
1474
1474
54
1474
1474
1474
1474
54
1474
1474
54
1474
1474
1474
1474
54
1474
1474
54
1474
1474
1474
54
1474
1474
54
1474
1474
54
1474
1474
54
1474
1474
54
1474
1474
54
1474
1474
54
1474
1474
1474
54
1474
54
1474
1474
54
1474
1474
1474
54
1474
1474
54
1474
1474
1474
1474
1474
1474
1474
1474
54
1474
1474
1474
1474
54
1474
1474
1474
1474
1474
1474
1474
54
1474
1474
1474
1474
54
1474
1474
54
1474
1474
1474
1474
54
1474
1474
54
1474
1474
1474
1474
54
1474
1474
1474
1474
54
1474
1474
54
1474
1474
1474
54
1474
54
1474
1474
1474
1474
1474
1474
1474
54
1474
1474
1474
1474
54
1474
1474
1474
1474
1474
1474
1474
1474
54
1474
1474
54
1474
1474
1474
1474
54
1474
1474
1474
1474
1474
1474
54
1474
1474
1474
1474
54
1474
1474
1474
54
1474
1474
1474
54
1474
1474
1474
1474
1474
54
1474
1474
1474
54
1474
1474
1474
54
1474
1474
54
1474
1474
54
1474
1474
1474
1474
54
1474
1474
1474
54
1474
1474
1474
54
1474
1474
1474
1474
54
1474
1474
54
1474
1474
54
1474
1474
54
1474
1474
1474
1474
54
1474
1474
54
1474
1474
54
1474
1474
54
1474
1474
54
1474
1474
54
1474
1474
54
1474
1474
1474
1474
54
1474
1474
1474
1474
54
1474
1474
1474
1474
1474
1474
54
1474
1474
54
1474
1474
1474
54
1474
1474
54
1474
54
1474
1474
1474
54
1474
1474
1474
1474
54
1474
1474
54
1474
1474
1474
1474
54
1474
1474
54
1474
1474
54
1474
1474
1474
1474
54
1474
1474
1474
54
1474
1474
54
1474
1474
1474
54
1474
54
1474
1474
1474
1474
1474
1474
54
1474
1474
1474
54
1474
1474
54
1474
1474
1474
54
1474
1474
1474
1474
1474
54
1474
1474
54
1474
1474
1474
54
1474
1474
1474
1474
54
1474
1474
54
1474
1474
1474
54
1474
54
1474
1474
54
1474
1474
1474
54
1474
1474
1474
1474
1474
1474
1474
54
1474
1474
1474
1474
1474
54
1474
1474
1474
54
1474
1474
1474
1474
54
1474
1474
54
1474
1474
54
1474
1474
1474
1474
54
1474
1474
1474
1474
1474
1474
1474
1474
1474
1474
54
1474
1474
1474
1474
1474
54
1474
1474
1474
1474
54
1474
1474
54
1474
54
1474
1474
54
1474
1474
1474
1474
54
1474
1474
1474
54
1474
1474
1474
54
1474
1474
1474
1474
54
1474
1474
54
1474
1474
54
1474
1474
1474
1474
1474
1474
54
1474
1474
1474
54
1474
1474
1474
54
1474
1474
1474
1474
54
1474
1474
54
1474
1474
1474
1474
1474
54
1474
1474
1474
1474
1474
54
1474
1474
54
1474
1474
1474
54
1474
1474
1474
54
1474
1474
1474
54
1474
1474
54
1474
1474
1474
1474
1474
1474
1474
1474
1474
1474
1474
1474
1474
54
1474
1474
1474
1474
1474
1474
1474
54
1474
1474
1474
54
1474
1474
1474
1474
54
1474
1474
1474
54
1474
1474
1474
1474
1474
54
1474
1474
1474
54
1474
1474
54
1474
1474
1474
54
1474
1474
1474
1474
1474
1474
54
1474
1474
1474
1474
1474
54
1474
1474
1474
54
1474
1474
54
1474
1474
1474
54
1474
1474
1474
54
1474
1474
54
1474
1474
54
1474
1474
54
1474
1474
54
1474
1474
54
1474
1474
1474
54
1474
1474
54
1474
1474
1474
54
1474
1474
54
1474
1474
54
1474
1474
1474
54
1474
54
1474
1474
54
1474
1474
54
1474
1474
1474
54
1474
1474
54
1474
1474
1474
54
1474
1474
1474
1474
1474
54
1474
1474
336
54
139
54
155
155
54
1352
1474
1474
1474
54
1474
1474
54
1474
1474
1474
1474
1474
1474
1474
1474
54
1474
1474
1474
1474
1474
54
1474
1474
1474
1474
54
1474
1474
1474
1474
1474
1474
1474
1474
1474
54
1474
1474
1474
1474
1474
54
1474
1474
1474
1474
54
1474
1474
1474
1474
54
1474
1474
1474
1474
1474
1474
54
1474
1474
1474
1474
1474
54
1474
1474
1474
54
1474
1474
1474
54
1474
54
1474
1474
54
1474
1474
54
1474
1474
1474
1474
54
1474
1474
54
1474
1474
1474
1474
54
1474
1474
1474
54
1474
1474
54
1474
1474
1474
1474
1474
1474
54
1474
54
1474
1474
1474
54
1474
1474
1474
54
1474
1474
1474
1474
54
1474
1474
1474
1474
54
1474
1474
1474
54
1474
1474
1474
54
1474
1474
1474
54
1474
54
1474
1474
1474
1474
1474
54
1474
1474
1474
1474
1474
1474
1474
54
1474
1474
1474
1474
54
1474
1474
1474
1474
54
1474
1474
1474
1474
1474
1474
1474
1474
1474
54
1474
1474
1474
1474
1474
54
1474
1474
1474
1474
1474
1474
1474
1474
54
1474
1474
1474
1474
1474
54
1474
1474
1474
1474
54
1474
1474
1474
54
1474
1474
1474
54
1474
1474
1474
54
1474
1474
1474
1474
54
1474
1474
1474
1474
54
1474
1474
1474
54
1474
54
1474
1474
1474
54
1474
54
1474
1474
1474
1474
1474
1474
1474
1474
1474
1474
1474
54
1474
54
1474
1474
1474
1474
1474
1474
1474
1474
1474
1474
1474
1474
1474
1474
1474
1474
1474
1474
54
1474
1474
1474
1474
1474
734
54
1355
1474
1474
54
1474
1474
1474
54
1474
1474
54
1474
1474
1474
54
1474
1474
54
1474
1474
1474
54
1474
54
1474
1474
1474
1474
54
1474
1474
54
1474
1474
54
1474
1474
1474
54
1474
1474
54
1474
1474
1474
1474
1474
54
1474
1474
1474
1474
54
1474
1474
1474
1474
1474
54
1474
1474
1474
54
1474
1474
54
1474
1474
1474
54
1474
1474
1474
1474
1474
1474
54
1474
1474
1474
1474
1474
54
1474
1474
1474
54
1474
1474
1474
1474
1474
54
1474
1474
1474
54
1474
1474
1474
54
1474
1474
1474
54
1474
1474
1474
54
1474
1474
1474
1474
54
1474
1474
54
1474
1474
1474
1474
54
1474
1474
54
1474
1474
1474
54
1474
1474
54
1474
1474
1474
54
1474
1474
1474
1474
1474
1474
54
1474
1474
1474
54
1474
1474
54
1474
1474
1474
1474
1474
1474
54
1474
1474
1474
1474
54
1474
1474
1474
1474
54
1474
1474
1474
1474
1474
1474
1474
1474
1474
54
1474
1474
1474
54
1474
1474
1474
1474
1474
54
1474
1474
1474
54
1474
1474
1474
54
1474
1474
1474
1474
54
1474
1474
1474
1474
54
1474
1474
1474
54
1474
1474
1474
54
1474
1474
54
1474
1474
1474
54
1474
1474
54
1474
1474
1474
54
1474
1474
1474
54
1474
1474
1474
54
1474
1474
1474
1474
1474
1474
1474
1474
1474
1474
1474
1474
54
1474
1474
1474
1474
1474
1474
1474
54
1474
1474
54
1474
1474
1474
54
1474
1474
1474
1474
1474
1474
1474
54
1474
1474
1474
1474
1474
54
1474
1474
1474
54
1474
1474
1474
1474
54
1474
1474
54
1474
1474
54
1474
1474
1474
54
1474
1474
54
1474
1474
1474
54
1474
1474
1474
1474
1474
1474
1474
1474
1474
54
1474
1474
1474
1474
1474
1474
1474
1474
1474
1474
1474
1474
1474
54
1474
1474
1474
1474
1474
1474
1474
1474
54
1474
1474
1474
1474
1474
1474
1474
1474
54
1474
1474
1474
1474
1474
1474
1474
1474
1474
1474
1474
1474
1474
1474
1474
1474
1474
54
1474
1474
1474
1474
1474
1474
1474
1474
1474
1474
1474
1474
54
1474
1474
1474
54
1474
1474
1474
1474
1474
1474
1474
1474
1474
54
1474
1474
1474
1474
1474
1474
54
1474
1474
1474
1474
1474
1474
1474
1474
54
1474
1474
1474
1474
1474
1474
54
1474
1474
1474
1474
54
1474
1474
54
1474
1474
1474
1474
1474
1474
1474
54
1474
1474
1474
1474
54
1474
1474
54
1474
1474
54
1474
1474
1474
54
1474
1474
54
1474
1474
1474
1474
1474
1474
54
1474
1474
1474
1474
54
1474
1474
1474
1474
54
1474
1474
1474
1474
1474
54
1474
1474
1474
1474
1474
54
1474
1474
1474
1474
1474
1474
1474
54
1474
1474
1474
1474
1474
1474
1474
1474
1474
1474
54
1474
1474
1474
1474
1474
1474
1474
1474
1474
54
1474
1474
1474
54
1474
54
1474
1474
1474
1474
54
1474
1474
1474
1474
1474
1474
54
1474
1474
1474
1474
1474
54
1474
1474
1474
54
1474
1474
1474
54
1474
1474
1474
54
1474
1474
1474
1474
1474
54
1474
1474
54
1474
1474
1474
54
1474
1474
54
1474
1474
1474
54
1474
1474
1474
1474
1474
54
1474
1474
1474
1474
1474
1474
1474
54
1474
1474
1474
1474
54
1474
1474
1474
1474
54
1474
54
1474
1474
54
1474
1474
1474
54
1474
1474
1474
54
1474
1474
1474
54
1474
1474
54
1474
1474
1474
54
1474
1474
54
1474
1474
1474
1474
1474
54
1474
1474
1474
1474
1474
54
1474
1474
1474
1474
1474
1474
1474
1474
54
1474
1474
1474
1474
1474
1474
1474
66
66
66
66
66
66
66
1474
1474
1474
1474
1474
66
66
66
66
66
1474
1474
1474
66
66
66
1474
1474
1474
66
66
66
1474
1474
1474
66
66
66
1474
1474
1474
1474
66
66
66
66
1474
1474
66
66
1474
1474
1474
1474
66
66
66
66
1474
1474
1474
66
66
66
1474
1474
1474
66
66
66
1474
1474
1474
66
66
66
1474
1474
1474
1474
1474
1474
1474
1474
1474
1474
66
66
66
66
66
66
66
66
66
66
1474
1474
1474
1474
1474
1474
66
66
66
66
66
66
1474
1474
1474
66
66
66
1474
1474
1474
54
54
54
1474
1474
1474
1474
54
1474
1474
54
1474
1474
1474
1474
54
1474
1474
1474
1474
1474
1474
54
1474
1474
1474
1474
54
1474
1474
1474
1474
54
1474
1474
1474
54
1474
1474
1474
1474
1474
1474
54
1474
1474
1474
54
1474
1474
1474
54
1474
1474
1474
1474
1474
1474
54
1474
1474
1474
1474
54
1474
1474
1474
54
1474
1474
1474
54
1474
1474
54
1474
1474
1474
54
1474
1474
54
1474
1474
1474
54
1474
1474
54
1474
1474
1474
1474
54
1474
1474
1474
54
1474
1474
54
1474
1474
1474
1474
1474
1474
54
1474
1474
1474
1474
54
1474
1474
1474
54
1474
1474
54
1474
1474
1474
54
1474
1474
54
1474
1474
1474
54
1474
1474
1474
1474
54
1474
1474
54
1474
1474
1474
1474
1474
54
1474
1474
1474
1474
1474
1474
1474
1474
54
1474
1474
1474
1474
1474
1474
1474
54
1474
1474
1474
54
1474
1474
54
1474
1474
1474
54
1474
1474
54
1474
54
1474
1474
1474
1474
54
1474
1474
1474
1474
54
1474
1474
1474
1474
1474
1474
54
1474
1474
1474
1474
54
1474
1474
1474
1474
1474
54
1474
1474
1474
1474
1474
1474
54
1474
1474
1474
54
1474
1474
1474
1474
1474
1474
54
1474
1474
1474
54
1474
1474
54
1474
1474
1474
54
1474
1474
54
1474
1474
54
1474
1474
1474
54
1474
1474
1474
1474
1474
54
1474
1474
1474
54
1474
1474
1474
54
1474
1474
1474
54
1474
1474
1474
1474
1474
1474
54
1474
1474
54
1474
1474
1474
1474
54
1474
1474
1474
1474
54
1474
1474
1474
54
1474
1474
1474
54
1474
1474
1474
54
1474
1474
54
1474
1474
1474
1474
1474
54
1474
1474
1474
1474
54
1474
1474
1474
1474
54
1474
1474
54
1474
1474
1474
1474
54
1474
1474
1474
54
1474
1474
54
1474
1474
1474
54
1474
1474
1474
1474
1474
1474
54
1474
1474
1474
1474
1474
1474
1474
1474
1474
1474
54
1474
1474
1474
1474
1474
1474
54
1474
1474
1474
1474
1474
1474
54
1474
1474
54
1474
1474
1474
1474
54
1474
1474
1474
1474
54
1474
1474
1474
1474
54
1474
1474
54
1474
1474
1474
54
1474
1474
1474
54
1474
1474
54
1474
1474
1474
54
1474
1474
1474
1474
1474
54
1474
1474
1474
54
1474
1474
1474
1474
1474
1474
54
1474
1474
1474
1474
54
1474
1474
1474
54
1474
1474
1474
1474
54
1474
1474
1474
54
1474
1474
1474
54
1474
1474
1474
1474
1474
54
1474
1474
1474
54
1474
1474
1474
1474
1474
54
1474
1474
1474
1474
54
1474
1474
1474
54
1474
54
1474
1474
1474
1474
1474
54
1474
1474
1474
1474
54
1474
1474
1474
1474
54
1474
1474
1474
1474
1474
1474
54
1474
1474
1474
54
1474
1474
1474
54
1474
1474
1474
54
1474
1474
1474
54
1474
1474
1474
54
1474
1474
54
1474
1474
1474
54
1474
1474
1474
54
1474
1474
1474
54
1474
1474
54
1474
1474
1474
54
1474
1474
1474
54
1474
1474
54
1474
1474
1474
54
1474
1474
54
1474
1474
1474
54
1474
1474
1474
54
1474
1474
1474
54
1474
1474
1474
54
1474
1474
1474
54
1474
1474
1474
1474
54
1474
1474
54
1474
1474
1474
54
1474
1474
1474
54
1474
1474
54
1474
54
1474
1474
1474
1474
54
1474
1474
1474
54
1474
1474
1474
1474
54
1474
1474
1474
54
1474
1474
1474
54
1474
1474
54
1474
1474
1474
1474
1474
54
1474
1474
1474
1474
54
1474
1474
1474
1474
54
1474
1474
1474
1474
54
1474
1474
1474
1474
54
1474
1474
1474
54
1474
1474
54
1474
1474
1474
1474
1474
1474
1474
54
1474
1474
1474
1474
1474
54
1474
1474
54
1474
1474
1474
54
1474
1474
54
1474
1474
1474
54
1474
1474
411
1474
1474
1474
1067
54
54
1474
1474
1474
1474
1474
1474
54
1474
1474
1474
1474
1474
54
1474
1474
1474
1474
54
1474
1474
1474
54
1474
1474
1474
1474
1474
1474
1474
1474
1474
54
1474
1474
1474
1474
1474
1474
1474
54
1474
1474
1474
54
1474
1474
1474
1474
1474
1474
1474
1474
1474
687
55
66
54
438
54
128
92
100
54
100
54
117
54
54
54
1355
1474
1474
1474
54
1474
54
66
1474
1474
54
1474
1474
1474
54
1474
1474
54
1474
1474
1474
54
1474
1474
54
1474
1474
1474
54
1474
1474
54
1474
1474
1474
54
1474
1474
54
1474
1474
54
1474
1474
54
1474
1474
1474
1474
54
1474
1474
54
1474
1474
54
1474
1474
54
1474
1474
54
1474
1474
54
1474
1474
54
1474
1474
1474
1474
54
1474
1474
1474
54
1474
1474
1474
1474
1474
1474
1474
1474
54
1474
1474
1474
1474
54
1474
1474
1474
1474
54
1474
1474
1474
1474
1474
54
1474
1474
54
1474
1474
1474
54
1474
1474
54
1474
1474
1474
54
1474
1474
54
1474
1474
1474
1474
54
1474
1474
1474
54
1474
1474
54
54
1474
1474
1474
1474
54
1474
1474
1474
1474
1474
54
1474
1474
54
1474
1474
54
1474
1474
1474
54
1474
54
1474
1474
1474
1474
1474
54
1474
1474
1474
1474
1474
1474
54
1474
54
1474
1474
1474
1474
1474
54
1474
1474
54
1474
1474
54
1474
1474
1474
1474
1474
1474
1474
1474
1474
54
1474
1474
1474
1474
54
1474
1474
1474
1474
1474
1474
54
1474
1474
54
1474
1474
54
1474
1474
1474
1474
1474
1474
54
1474
1474
1474
54
1474
1474
1474
54
1474
1474
1474
1474
54
1474
1474
1474
54
1474
1474
1474
54
1474
1474
1474
1474
1474
54
1474
1474
54
1474
1474
1474
1474
1474
1474
1474
1474
54
1474
1474
1474
1474
54
1474
1474
54
1474
1474
1474
1474
1474
1474
54
1474
1474
54
1474
1474
54
1474
1474
1474
54
1474
1474
54
1474
1474
1474
54
1474
1474
54
1474
1474
1474
54
1474
1474
54
1474
1474
1474
1474
54
1474
1474
1474
54
1474
66
1474
54
54
271
1474
1474
1474
54
1474
1474
54
1474
1474
1474
54
1474
1474
1474
1474
54
1474
1474
1474
54
1474
1474
1474
54
1474
54
1474
1474
54
1474
1474
1474
1474
54
1474
1474
1474
54
1474
1474
54
1474
1474
1474
54
1474
1474
1474
1474
54
1474
1474
1474
54
1474
1474
54
1474
1474
54
1474
1474
54
1474
1474
54
1474
1474
54
1474
1474
1474
1474
54
1474
1474
1474
54
1474
1474
54
1474
1474
54
1474
1474
1474
54
1474
1474
54
1474
1474
54
1474
1474
1474
54
1474
1474
1474
1474
54
1474
1474
54
1474
1474
54
1474
1474
54
1474
1474
1474
1474
54
1474
1474
1474
1474
54
1474
1474
1474
1474
1474
54
1474
1474
1474
1474
1474
54
1474
1474
1474
1474
54
1474
1474
1474
1474
54
1474
1474
54
1474
1474
1474
54
1474
1474
1474
1474
1474
54
1474
1474
54
1474
1474
1474
54
1474
54
1474
1474
1474
54
1474
1474
1474
1474
54
1474
1474
54
1474
1474
54
1474
1474
54
1474
1474
54
1474
1474
1474
54
1474
1474
1474
54
1474
1474
1474
1474
1474
1474
1474
1474
1474
54
1474
1474
1474
1474
54
1474
1474
1474
1474
54
1474
1474
1474
1474
1474
54
1474
1474
1474
54
1474
1474
1474
54
1474
1474
54
1474
1474
1474
54
1474
1474
1474
1474
1474
1474
1474
1474
1474
1474
54
1474
1474
1474
1474
54
1474
1474
1474
1474
1474
1474
54
1474
1474
1474
1474
54
1474
1474
54
1474
1474
54
1474
1474
54
1474
1474
1474
54
1474
1474
1474
54
1474
1474
1474
1474
54
1474
1474
54
1474
1474
54
1474
1474
54
1474
1474
1474
54
54
1474
1474
1310
651
1474
54
54
1474
1474
1474
54
1474
1474
1474
54
1474
1474
1474
54
180
1474
1474
54
1474
1474
54
1474
1474
1474
1474
1474
1474
1474
54
1474
1474
1474
1474
1474
1474
1474
1474
54
1474
1474
1474
54
1474
1474
54
1474
1474
54
1474
1474
1474
1474
54
1474
1474
1474
1474
54
1474
1474
54
1474
1474
1474
54
1474
1474
1474
54
1474
1474
1474
54
1474
1474
1474
54
1474
54
1474
1474
1474
54
1474
1474
1474
1474
1474
1474
1474
54
1474
1474
1474
1474
1474
54
1474
1474
1474
54
1474
1474
1474
1474
1474
54
1474
1474
1474
1474
54
1474
54
1474
1474
1474
54
1474
1474
1474
54
1474
1474
54
1474
1474
54
1474
1474
1474
1474
1474
54
1474
1474
54
1474
1474
1474
54
1474
1474
1474
54
1474
1474
54
1474
1474
54
1474
1474
1474
1474
1474
1474
1474
1474
1474
54
1474
1474
1474
1474
54
1474
1474
54
1474
1474
1474
54
1474
1474
1474
1474
1474
54
1474
1474
54
1474
1474
1474
54
1474
1474
54
1474
54
1474
1474
1474
54
1474
1474
54
1474
1474
54
1474
1474
54
1474
1474
1474
1474
1474
54
1474
1474
1474
54
1474
1474
1474
54
1474
1474
54
1474
1474
1474
1474
54
1474
1474
54
1474
1474
54
1474
1474
1474
54
1474
1474
54
1474
1474
54
1474
1474
54
1474
1474
1474
1474
54
1474
1474
1474
1474
54
1474
1474
54
1474
1474
54
1474
1474
54
1474
1474
54
1474
1474
1474
54
1474
1474
54
1474
1474
54
1474
1474
1474
54
1474
1474
54
1474
54
1474
1474
1474
1474
54
1474
1474
1474
1474
1474
54
1474
1474
1474
1474
1474
1474
1474
1474
1474
1474
1474
54
1474
1474
54
1474
1474
332
1474
1474
1474
1474
1474
1474
1474
1474
1474
1474
1474
1474
54
1474
1474
1474
1474
1474
1474
1474
1474
1474
1474
54
1474
1474
1474
1474
1474
1474
1474
54
1474
1474
54
1474
1474
1474
54
1474
1474
54
1474
1474
1474
1474
54
811
1474
1474
1474
1474
1474
54
1474
1474
1474
1474
1474
1474
1474
1474
1474
1474
54
1474
1474
1474
1474
1474
54
1474
1474
1474
1474
54
1474
1474
54
1474
1474
1474
1474
54
1474
1474
54
1474
1474
54
1474
1474
54
1474
1474
1474
54
1474
54
1474
1474
1474
1474
1474
54
1474
1474
54
1474
1474
1474
54
1474
1474
1474
54
1474
1474
54
1474
1474
54
1474
1474
1474
54
1474
1474
1474
54
1474
1474
1474
1474
54
1474
1474
1474
54
1474
1474
1474
54
1474
1474
1474
1474
1474
54
1474
1474
1474
1474
1474
1474
1474
54
1474
1474
1474
1474
1474
1474
1474
54
1474
1474
1474
1474
54
1474
1474
54
1474
1474
1474
1474
1474
54
1474
1474
1474
54
1474
1474
54
1474
1474
1474
54
1474
54
1474
1474
54
1474
1474
54
1474
1474
54
1474
1474
1474
54
1474
1474
1474
1474
54
1474
54
1474
1474
1474
54
1474
54
1474
1474
1474
54
1474
1474
1474
1474
54
1474
1474
1474
1474
1474
54
1474
1474
1474
1474
1474
54
1474
1474
1474
54
1474
1474
54
1474
1474
54
1474
1474
54
1474
1474
54
1474
1474
54
1474
1474
1474
1474
1474
54
1474
1474
1474
1474
1474
1474
54
1474
1474
1474
1474
54
1474
1474
54
1474
1474
54
1474
1474
54
1474
1474
1474
54
1474
1474
54
1474
1474
54
1474
1474
1474
1474
1474
1474
54
1474
1474
54
1474
1474
1474
54
1474
1474
54
1474
1474
1474
54
1474
1474
1474
1474
54
1474
1474
1474
54
1474
1474
54
1474
1474
1474
54
1474
1474
1474
1474
54
1474
1474
54
1474
1474
1474
1474
54
1474
1474
1474
1474
54
1474
1474
1474
54
1474
1474
1474
1474
1474
1474
1474
1474
1474
183
54
54
54
1474
1474
1474
1474
1474
1474
1474
1474
1474
1474
54
1474
1474
1474
1474
1474
1474
1474
1474
1474
1474
1474
1474
1474
66
66
66
66
66
66
66
66
66
66
1474
1474
1474
1474
1474
1474
74
74
74
74
74
74
1474
1474
1474
1474
1474
74
74
74
74
74
1474
1474
74
74
1474
1474
1474
1474
1474
74
74
74
74
74
1474
1474
1474
74
74
74
1474
1474
74
74
1474
1474
74
74
1474
74
1474
74
1474
1474
1474
1474
74
74
74
74
1474
1474
1474
1474
74
74
74
74
1474
1474
1474
1474
1474
74
74
74
74
74
1474
1474
1474
1474
74
74
74
74
1474
1474
74
74
1474
1474
1474
74
66
66
1474
66
1474
1474
1474
66
66
66
1474
1474
1474
1474
1474
1474
66
66
54
54
1474
1474
54
1474
1474
1474
1474
1474
1474
1474
54
1474
1474
54
1474
1474
1474
54
1474
1474
1474
54
1474
1474
1474
54
1474
1474
54
1474
1474
1474
54
1474
1474
1474
1474
1474
1474
1474
54
1474
1474
54
1474
1474
1474
54
1474
1474
1474
54
1474
1474
54
1474
1474
1474
54
1474
1474
54
1474
1474
1474
54
1474
1474
1474
54
1474
1474
1474
54
1474
1474
1474
54
1474
1474
54
1474
1474
1474
54
1474
1474
54
1474
1474
1474
1474
1474
54
1474
1474
1474
1474
54
1474
1474
54
1474
1474
1474
1474
1474
54
1474
1474
54
1474
1474
54
1474
1474
1474
54
1474
54
1474
1474
54
1474
1474
1474
54
1474
1474
54
1474
1474
1474
54
1474
1474
54
1474
1474
1474
1474
1474
54
1474
54
1474
1474
1474
1474
54
1474
1474
1474
54
1474
1474
54
1474
1474
54
1474
1474
1474
1474
1474
1474
1474
54
1474
1474
1474
1474
1474
1474
1474
1474
1474
54
1474
1474
1474
1474
1474
54
1474
1474
54
1474
1474
1474
54
1474
1474
1474
54
1474
1474
1474
54
1474
1474
1474
1474
54
1474
1474
1474
1474
54
1474
54
1474
1474
54
1474
1474
1474
54
1474
1474
1474
54
1474
1474
54
1474
1474
54
1474
1474
54
1474
1474
1474
1474
1474
1474
54
1474
1474
1474
54
1474
1474
1474
1474
54
1474
1474
54
1352
1474
1474
1474
1474
1474
1474
1474
1474
1474
1474
1474
1474
1474
1474
1474
1474
54
1474
1474
1474
1474
1474
1474
1474
1474
54
1474
1474
54
1474
54
1474
1474
1474
54
54
1474
54
1474
1474
54
1474
1474
54
1474
1474
1474
54
1474
54
54
1474
1474
1474
54
1474
1474
54
1474
1474
1474
1474
1474
1474
1474
54
1474
1474
1474
1474
1474
1474
1474
54
54
1474
1474
1474
1474
54
54
1474
1474
1474
54
54
1474
1474
54
1474
1474
1474
1474
54
54
1474
1474
54
1474
1474
1474
1474
1474
54
54
1474
1474
1474
54
1474
1474
1474
1474
1474
54
54
1474
1474
1474
1474
54
54
1474
1474
1474
1474
1474
1474
54
54
1474
1474
1474
1474
54
1474
1474
1474
54
1474
54
1474
1474
1474
1474
1474
54
54
54
1474
519
1474
1474
1474
1474
1474
54
54
1474
1474
1474
54
1474
1474
1474
1474
1474
1474
1474
1474
1474
1474
1474
1474
54
1474
1474
54
1474
1474
1474
54
1474
1474
54
1474
1474
54
1474
1474
54
1474
1474
54
1474
1474
54
1474
1474
54
1474
1474
54
1474
1474
54
1474
1474
54
1474
1474
54
1474
1474
54
1474
1474
54
1474
1474
1474
1474
54
1474
1474
54
1474
1474
54
1474
1474
1474
54
1474
1474
1474
54
1474
1474
1474
54
1474
1474
54
1474
1474
1474
54
1474
1474
54
1474
1474
1474
1474
1474
1474
54
1474
1474
1474
54
1474
1474
1474
1474
54
1474
54
1474
1474
54
1474
1474
54
1474
1474
54
1474
1474
54
1474
1474
54
1474
1474
1474
1474
1474
54
1474
1474
54
1474
54
1474
1474
1474
1474
1474
54
1474
54
1474
1474
1474
54
1474
1474
1474
1474
54
1474
1474
1474
54
1474
1474
54
1474
1474
1474
1474
1474
1474
1474
1474
1474
1474
1474
1474
54
1474
1474
1474
1474
1474
1474
54
1474
1474
54
1474
1474
1474
1474
54
1474
1474
1474
1474
54
1474
1474
54
1474
1474
1474
54
1474
1474
54
1474
1474
54
1474
1474
54
1474
54
1474
1474
1474
1474
54
1474
1474
1474
1474
1474
54
1474
1474
1474
1474
1474
1474
1474
1474
1474
54
1474
1474
1474
1474
54
1474
1474
1474
1474
1474
1474
54
1474
1474
54
1474
1474
1474
1474
1474
1474
1474
846
846
66
55
66
55
66
1355
1474
1474
54
1474
1474
1474
1474
1474
54
1474
1474
1474
54
1474
1474
54
1474
1474
1474
54
1474
1474
1474
54
1474
1474
1474
1474
54
1474
1474
1474
54
1474
54
1474
1474
1474
54
1474
1474
1474
1474
54
1474
54
1474
1474
1474
54
1474
1474
54
1474
1474
54
1474
1474
54
1474
1474
1474
1474
1474
1474
54
1474
1474
54
1474
1474
1474
54
1474
1474
1474
54
1474
1474
1474
1474
54
1474
1474
1474
1474
54
1474
1474
54
1474
1474
54
1474
1474
1474
54
1474
1474
1474
54
1474
1474
1474
1474
54
1474
1474
1474
54
1474
1474
54
1474
1474
1474
1474
54
1474
1474
54
1474
1474
1474
54
1474
54
1474
1474
1474
1474
54
1474
1474
54
1474
1474
54
1474
1474
1474
1474
54
1474
1474
54
1474
1474
1474
1474
1474
54
1474
1474
1474
1474
1474
1474
1474
54
1474
1474
1474
1474
54
1474
1474
54
1474
1474
1474
54
1474
1474
1474
1474
1474
1474
54
1474
1474
1474
1474
1474
1474
54
1474
1474
1474
1474
1474
1474
1474
1474
1474
1474
1474
54
1474
1474
1474
54
1474
54
1474
1474
54
1474
1474
54
1474
1474
54
1474
1474
54
1474
1474
1474
1474
54
1474
1474
1474
54
1474
1474
1474
54
1474
1474
1474
54
1474
1474
1474
54
1474
1474
54
1474
1474
1474
54
1474
1474
1474
1474
1474
54
1474
1474
54
1474
1474
54
1474
1474
1474
1474
54
1474
1474
1474
54
1474
1474
54
1474
1474
54
1474
54
1474
1474
54
1474
1474
1474
1474
1474
1474
54
1474
1474
1474
1474
54
1474
1474
1474
1474
1474
54
1474
1474
1474
54
1474
1474
54
1474
1474
1474
1474
1474
1474
1474
1474
1474
1474
1474
54
1474
1474
1474
1474
1474
1474
54
1474
1474
1474
54
1474
1474
54
1474
1474
54
1474
1474
1474
54
1474
54
1474
1474
54
1474
1474
54
1474
1474
54
1474
1474
54
1474
1474
54
1474
1474
1474
54
1474
1474
1474
54
1474
1474
1474
1474
54
1474
1474
54
1474
1474
1474
54
1474
1474
54
1474
1474
1474
1474
54
1474
1474
1474
1474
1474
1474
54
1474
1474
1474
1474
54
1474
1474
1474
54
1474
1474
1474
1474
54
1474
1474
1474
54
1474
1474
1474
1474
54
1474
1474
54
1474
54
1474
1474
54
1474
1474
1474
1474
54
1474
1474
54
1474
1474
1474
54
1474
1474
1474
1474
1474
1474
1474
1474
1474
54
1474
1474
54
1474
1474
54
1474
1474
1474
1474
54
1474
1474
54
1474
1474
54
1474
1474
54
1474
1474
54
1474
1474
1474
1474
1474
54
1474
1474
54
1474
1474
1474
1474
54
1474
54
1474
1474
1474
1474
54
1474
1474
1474
54
1474
1474
54
1474
54
1474
1474
54
1474
1474
54
1474
1474
1474
54
1474
1474
1474
1474
54
1474
1474
1474
1474
1474
1474
1474
1474
1474
1474
1474
1474
1474
54
1474
1474
1474
1474
54
1474
1474
1474
1474
1474
1474
1474
54
1474
1474
54
1474
54
1474
1474
1474
54
1474
1474
54
1474
54
1474
1474
54
1474
1474
54
1474
1474
54
1474
1474
54
1474
1474
1474
54
1474
1474
1474
1474
1474
1474
54
1474
1474
54
1474
1474
1474
1474
54
1474
1474
1474
54
1474
1474
54
1474
1474
1474
54
1474
54
1474
1474
1474
1474
1474
1474
54
1474
1474
1474
1474
54
1474
1474
1474
1474
1474
54
1474
1474
54
1474
54
1474
1474
1474
54
1474
1474
54
1474
1474
54
1474
1474
54
1474
1474
54
1474
54
1474
1474
1474
1474
1474
1474
1474
54
1474
1474
1474
1474
1474
1474
54
1474
1474
1474
1474
54
1474
1474
1474
1474
54
1474
1474
1474
1474
1474
1474
54
1474
1474
1474
1474
54
1474
1474
54
1474
1474
1474
54
1474
1474
54
1474
1474
54
1474
1474
1474
54
1474
1474
1474
54
1474
1474
54
1474
1474
54
1474
1474
1474
1474
1474
1474
1474
1474
54
1474
1474
1474
1474
54
1474
1474
54
1474
1474
1474
54
1474
1474
54
1474
1474
54
1474
1474
1474
1474
1474
54
1474
1474
1474
54
1474
54
1474
1474
54
1474
1474
54
1474
1474
54
1474
1474
54
1474
1474
1474
1474
1474
54
1474
1474
1474
1474
1474
1474
54
1474
54
1474
1474
1474
54
1474
1474
1474
54
1474
1474
54
1474
1474
1474
54
1474
1474
54
1474
1474
54
1474
1474
54
1474
54
1474
1474
1474
1474
1474
54
1474
1474
1474
54
1474
1474
54
1474
1474
1474
54
1474
1474
54
1474
1474
54
1474
1474
1474
1474
1474
54
1474
1474
1474
54
1474
1474
1474
54
1474
1474
54
1474
1474
54
1474
1474
54
1474
1474
1474
54
1474
54
1474
1474
54
1474
1474
1474
54
1474
1474
54
1474
1474
54
1474
1474
54
1474
1474
1474
1474
1474
1474
1474
1474
1474
54
1474
1474
1474
1474
54
1474
1474
1474
54
1474
1474
1474
54
1474
1474
54
1474
1474
54
1474
1474
54
1474
1474
1474
54
1474
54
1474
1474
1474
54
1474
1474
54
1474
1474
1474
54
1474
1474
1474
54
1474
1474
1474
54
1474
1474
54
1474
1474
1474
1474
54
1474
1474
1474
1474
1474
54
1474
54
1474
1474
1474
1474
54
1474
1474
1474
1474
1474
54
1474
1474
54
1474
1474
1474
1474
1474
54
1474
1474
1474
54
1474
1474
54
1474
1474
1474
54
1474
1474
54
1474
1474
1474
54
1474
54
1474
1474
54
1474
1474
1474
54
1474
1474
1474
54
1474
1474
54
1474
1474
1474
1474
54
1474
1474
54
1474
1474
1474
1474
54
1474
1474
1474
54
1474
1474
54
1474
1474
54
1474
1474
1474
54
1474
1474
1474
1474
54
1474
1474
54
1474
1474
1474
54
1474
1474
1474
54
1474
1474
54
1474
1474
1474
54
1474
54
1474
1474
1474
1474
1474
54
1474
1474
1474
1474
54
1474
1474
54
1474
1474
1474
54
1474
1474
1474
1474
1474
54
1474
1474
1474
1474
54
1474
54
1474
1474
54
1474
1474
54
1474
1474
54
1474
1474
1474
54
1474
1474
54
1474
1474
1474
54
1474
1474
1474
1474
1474
54
1474
1474
54
1474
1474
1474
1474
54
1474
1474
54
1474
1474
1474
54
1474
1474
54
1474
1474
54
1474
1474
54
1474
1474
1474
54
1474
54
1474
1474
54
1474
1474
1474
1474
54
1474
1474
1474
54
1474
1474
54
1474
54
1474
1474
54
1474
1474
1474
1474
1474
1474
54
1474
1474
1474
1474
54
1474
1474
1474
1474
1474
1474
54
1474
1474
1474
1474
54
1474
1474
54
1474
1474
54
1474
1474
1474
1474
54
1474
1474
1474
54
1474
1474
54
1474
1474
1474
1474
1474
54
1474
1474
1474
54
1474
1474
54
1474
1474
1474
54
1474
1474
1474
54
1474
1474
54
1474
1474
54
1474
1474
1474
1474
54
1474
1474
1474
54
1474
1474
54
1474
1474
1474
54
1474
1474
54
1474
1474
1474
54
1474
1474
1474
1474
54
1474
1474
1474
1474
1474
1474
1474
1474
54
1474
1474
1474
1474
1474
54
1474
1474
1474
54
1474
1474
54
1474
1474
1474
54
1474
1474
54
1474
1474
1474
1474
54
1474
1474
54
1474
1474
54
1474
1474
1474
54
1474
1474
1474
1474
1474
1474
1474
1474
1474
1474
1474
1474
1474
1474
1474
1474
1474
1474
1474
54
1474
1474
1474
1474
1474
1474
1474
1474
1474
1474
1474
1474
1474
1474
54
1474
1474
1474
1474
54
1474
54
1474
1474
54
1474
1474
54
1474
1474
54
1474
1474
54
1474
1474
54
1474
1474
54
1474
1474
54
1474
1474
54
1474
1474
54
1474
1474
54
1474
1474
54
1474
1474
54
1474
1474
54
1474
1474
54
1474
1474
1474
54
1474
54
1474
1474
54
1474
1474
1474
1474
1474
1474
1474
1474
1474
54
1474
1474
1474
54
1474
1474
1474
1474
1474
54
1474
1474
1474
54
1474
1474
1474
1474
1474
1474
54
1474
1474
1474
54
1474
1474
54
1474
1474
1474
54
1474
1474
54
1474
1474
1474
1474
1474
1474
1474
1474
1474
1474
1474
1474
54
1474
1474
54
1474
1474
1474
1474
1474
1474
54
1474
1474
1474
1474
1474
54
1474
1474
1474
1474
54
1474
1474
1474
1474
1474
1474
54
1474
1474
1474
1474
54
1474
1474
54
1474
1474
1474
54
1474
1474
54
1474
1474
54
1474
1474
54
1474
1474
1474
1474
54
1474
1474
1474
54
1474
54
1474
1474
1474
54
1474
1474
1474
54
1474
1474
54
1474
1474
1474
1474
54
1474
1474
1474
54
1474
54
1474
1474
1474
1474
54
1474
1474
54
1474
1474
1474
54
1474
1474
54
1474
1474
54
1474
1474
54
1474
1474
1474
1474
54
1474
1474
1474
54
1474
1474
54
1474
1474
1474
54
1474
1474
54
1474
1474
54
1474
1474
1474
1474
54
1474
1474
1474
1474
54
1474
1474
1474
54
1474
1474
54
1474
1474
1474
1474
1474
1474
1474
1474
1474
1474
54
1474
1474
1474
1474
1474
1474
1474
1474
1474
1474
1474
1474
1474
1474
1474
1474
1474
1474
54
1474
1474
54
1474
1474
298
54
1352
1474
1474
1474
1474
1474
1474
54
1474
1474
1474
1474
1474
1474
54
1474
1474
1474
54
1474
1474
54
1474
1474
1474
1474
1474
54
1474
1474
1474
54
1474
1474
54
1474
1474
1474
1474
1474
1474
54
1474
1474
54
1474
1474
54
1474
1474
1474
1474
1474
1474
54
1474
1474
1474
54
1474
1474
1474
54
1474
1474
1474
1474
1474
54
1474
1474
1474
1474
54
1474
1474
1474
1474
54
1474
1474
1474
54
1474
1474
1474
54
1474
1474
1474
1474
54
1474
1474
54
1474
1474
1474
54
1474
1474
54
1474
1474
1474
1474
54
1474
1474
54
1474
1474
1474
54
1474
1474
54
1474
1474
1474
54
1474
1474
54
1474
1474
54
1474
54
1474
1474
54
1474
1474
1474
54
1474
1474
1474
1474
54
1474
54
1474
1474
54
1474
1474
1474
1474
1474
54
1474
1474
1474
1474
1474
1474
1474
54
1474
1474
1474
1474
1474
54
1474
54
1474
1474
54
1474
1474
1474
54
1474
1474
54
1474
1474
1474
54
1474
1474
54
1474
1474
1474
54
1474
54
1474
1474
54
1474
1474
54
1474
1474
1474
54
1474
1474
54
1474
1474
1474
54
1474
1474
1474
1474
54
1474
1474
54
1474
1474
1474
54
1474
1474
54
1474
1474
1474
54
1474
1474
54
1474
1474
54
1474
1474
1474
1474
1474
54
1474
54
1474
1474
54
1474
1474
1474
1474
1474
1474
54
1474
1474
1474
1474
1474
1474
1474
1474
1474
1474
1474
1474
1474
1474
1474
1474
1474
54
1474
1474
1474
1474
1474
1474
1474
1474
1474
1474
54
1474
1474
1474
1474
1474
1474
497
497
66
66
66
54
571
54
210
105
107
104
96
1110
110
96
54
54
92
92
375
92
100
54
100
66
54
66
54
571
54
214
270
107
104
96
1474
165
1474
120
110
92
96
54
92
54
54
54
749
239
100
54
100
54
54
55
66
1356
1474
1474
54
1474
1474
54
1474
1474
1474
1474
54
1474
1474
54
1474
1474
54
1474
1474
54
1474
1474
54
1474
1474
54
1474
1474
54
1474
1474
54
1474
1474
54
1474
1474
54
1474
1474
1474
54
1474
54
1474
1474
1474
54
1474
1474
1474
54
1474
1474
1474
54
1474
1474
54
1474
1474
54
1474
54
1474
1474
54
1474
1474
1474
54
1474
1474
1474
1474
1474
54
1474
1474
54
1474
1474
1474
54
1474
1474
54
1474
1474
1474
1474
1474
1474
1474
1474
1474
1474
1474
1474
1474
54
1474
1474
1474
1474
1474
1474
1474
54
1474
1474
1474
1474
1474
54
1474
1474
54
1474
1474
1474
54
1474
1474
54
1474
1474
54
1474
1474
54
1474
1474
54
1474
1474
1474
54
1474
1474
54
1474
1474
54
1474
1474
54
1474
1474
1474
1474
54
1474
1474
1474
1474
54
1474
1474
54
1474
1474
1474
54
1474
1474
54
1474
1474
1474
54
1474
1474
1474
54
1474
1474
1474
54
1474
1474
1474
54
1474
1474
1474
54
1474
1474
1474
1474
54
1474
1474
54
1474
1474
54
1474
1474
54
1474
1474
1474
1474
1474
54
1474
1474
1474
1474
54
1474
1474
1474
54
1474
1474
54
1474
1474
54
1474
1474
1474
1474
1474
54
1474
1474
54
1474
1474
54
1474
1474
1474
54
1474
1474
1474
54
1474
1474
1474
54
1474
1474
54
1474
1474
1474
1474
54
1474
1474
54
1474
1474
1474
54
1474
54
1474
1474
1474
54
1474
1474
54
1474
54
1474
1474
1474
54
1474
54
1474
1474
1474
54
1474
1474
54
1474
1474
1474
54
1474
1474
1474
1474
54
1474
1474
1474
54
1474
1474
1474
1474
1474
1474
54
1474
1474
1474
1474
1474
1474
1474
1474
1474
54
1474
1474
1474
1474
1474
1474
1474
1474
1474
54
1474
1474
1474
1474
54
1474
1474
1474
54
1474
1474
54
1474
1474
1474
54
1474
54
1474
1474
1474
1474
1474
54
1474
54
1474
1474
54
1474
1474
1474
1474
1474
1474
1474
54
1474
1474
1474
1474
54
1474
1474
54
1474
1474
1474
54
1474
1474
1474
1474
54
1474
1474
54
1474
1474
1474
1474
1474
54
1474
1474
1474
54
1474
1474
54
1474
1474
1474
54
1474
1474
54
1474
54
1474
1474
1474
1474
54
1474
1474
1474
54
1474
1474
1474
1474
54
1474
1474
54
1474
1474
54
1474
1474
1474
54
1474
1474
1474
1474
54
1474
1474
54
1474
1474
1474
54
1474
1474
54
1474
1474
1474
1474
54
1474
1474
1474
54
1474
1474
1474
54
1474
54
1474
1474
1474
54
1474
54
1474
1474
1474
54
1474
1474
1474
1474
1474
54
1474
1474
1474
54
1474
1474
1474
54
1474
1474
54
1474
1474
1474
1474
54
1474
1474
54
1474
1474
54
1474
1474
54
1474
1474
1474
54
1474
1474
54
1474
54
1474
1474
1474
54
1474
54
1474
1474
1474
54
1474
1474
1474
54
1474
1474
1474
54
1474
1474
1474
54
1474
1474
54
1474
1474
1474
54
1474
54
1474
1474
1474
1474
54
1474
1474
1474
1474
54
1474
1474
54
1474
1474
1474
54
1474
1474
54
1474
1474
1474
54
1474
1474
54
1474
1474
54
1474
1474
1474
1474
1474
1474
1474
54
1474
1474
1474
1474
54
1474
1474
1474
54
1474
1474
1474
1474
1474
1474
1474
54
1474
1474
1474
1474
54
1474
1474
54
1474
1474
1474
54
1474
1474
54
1474
1474
1474
54
1474
54
1474
1474
1474
1474
1474
1474
54
1474
1474
1474
1474
1474
54
1474
1474
54
1474
1474
1474
54
1474
1474
1474
54
1474
1474
1474
54
1474
1474
1474
54
1474
1474
1474
54
1474
1474
54
1474
1474
54
1474
1474
1474
54
1474
54
1474
1474
1474
1474
54
1474
1474
54
1474
1474
1474
1474
1474
1474
1474
54
1474
54
1474
1474
1474
1474
1474
1474
1474
1474
1474
1474
1474
1474
1474
1474
1474
1474
54
1474
1474
1474
1474
1474
1474
54
1474
1474
1474
1474
54
1474
1474
1474
1474
54
1474
1474
54
1474
1474
1474
1474
54
1474
1474
1474
1474
54
1474
1474
54
1474
1474
1474
54
1474
1474
54
1474
1474
1474
1474
54
1474
1474
54
1474
1474
1474
54
1474
1474
54
1474
1474
1474
54
1474
1474
1474
1474
54
1474
1474
1474
1474
1474
1474
1474
1474
1474
1474
54
1474
1474
1474
1474
54
1474
1474
1474
1474
54
1474
1474
54
1474
1474
1474
54
1474
1474
54
1474
1474
54
1474
1474
1474
54
1474
1474
54
1474
1474
54
1474
1474
1474
54
1474
1474
54
1474
1474
54
1474
1474
1474
54
1474
54
1474
1474
1474
54
1474
1474
54
1474
1474
1474
1474
1474
54
1474
1474
1474
1474
1474
1474
1474
1474
54
1474
1474
1474
1474
1474
1474
54
1474
1474
1474
1474
54
1474
1474
54
1474
1474
1474
54
1474
54
1474
1474
54
1474
1474
1474
54
1474
54
1474
1474
1474
1474
54
1474
1474
54
1474
1474
54
1474
1474
54
1474
1474
1474
54
1474
1474
54
1474
1474
1474
54
1474
1474
1474
1474
54
1474
1474
54
1474
1474
54
1474
1474
1474
54
1474
1474
1474
1474
54
1474
1474
54
1474
1474
1474
54
1474
1474
1474
54
1474
54
1474
1474
54
1474
1474
1474
1474
1474
1474
1474
54
1474
1474
1474
1474
54
1474
1474
1474
54
1474
1474
1474
54
1474
1474
54
1474
1474
54
1474
1474
1474
54
1474
1474
1474
1474
54
1474
1474
54
1474
1474
1474
54
1474
1474
54
1474
54
1474
1474
1474
1474
54
1474
1474
54
1474
1474
54
1474
1474
54
1474
1474
54
1474
1474
54
1474
1474
54
1474
1474
54
1474
1474
1474
1474
1474
1474
1474
1474
1474
54
1474
1474
1474
54
1474
1474
1474
1474
54
1474
1474
1474
1474
1474
1474
1474
1474
1474
1474
54
1474
1474
1474
54
1474
1474
54
1474
1474
1474
54
1474
1474
1474
54
1474
1474
1474
1474
54
1474
1474
1474
54
1474
1474
1474
54
1474
1474
1474
1474
54
1474
1474
54
1474
1474
54
1474
1474
54
1474
1474
1474
1474
1474
54
1474
1474
54
1474
1474
1474
54
1474
1474
1474
1474
1474
54
1474
1474
54
1474
1474
1474
54
1474
1474
54
1474
1474
1474
54
1474
1474
1474
1474
54
1474
1474
54
1474
1474
1474
1474
54
1474
1474
54
1474
1474
1474
54
1474
1474
54
1474
1474
1474
54
1474
1474
54
1474
1474
54
1474
1474
54
1474
1474
1474
54
1474
54
1474
1474
1474
1474
54
1474
1474
1474
1474
54
1474
1474
54
1474
1474
54
1474
1474
1474
1474
54
1474
1474
1474
1474
54
1474
1474
1474
1474
1474
1474
1474
1474
54
1474
1474
1474
1474
54
1474
1474
54
1474
1474
1474
54
1474
1474
54
1474
54
1474
1474
1474
54
1474
1474
1474
1474
1474
1474
1474
54
1474
1474
1474
1474
54
1474
1474
54
1474
1474
54
1474
1474
1474
1474
1474
1474
54
1474
1474
1474
54
1474
1474
54
1474
1474
54
1474
54
1474
1474
54
1474
1474
54
1474
1474
1474
1474
1474
1474
1474
54
1474
54
1474
1474
1474
1474
1474
1474
1474
1474
54
1474
1474
1474
54
1474
1474
1474
54
1474
1474
1474
1474
54
1474
1474
1474
1474
54
1474
1474
1474
54
1474
1474
54
1474
1474
1474
1474
54
1474
1474
54
1474
1474
1474
54
1474
1474
1474
1474
54
1474
1474
54
1474
1474
54
1474
1474
54
1474
1474
1474
54
1474
1474
1474
54
1474
1474
1474
1474
54
1474
1474
1474
1474
1474
54
1474
1474
1474
54
1474
1474
1474
54
1474
1474
54
1474
1474
54
1474
1474
1474
54
1474
1474
1474
54
1474
1474
1474
54
1474
1474
1474
1474
1474
1474
1474
1474
1474
1474
1474
54
1474
1474
1474
1474
1474
54
1474
1474
1474
54
1474
1474
1474
54
1474
1474
54
1474
1474
54
1474
1474
1474
1474
54
1474
1474
1474
54
1474
54
1474
1474
1474
1474
1474
1474
1474
1474
1474
1474
1474
1474
1474
1474
1474
1474
1474
1474
1474
1474
1474
1474
1474
1474
1474
54
1474
1474
54
1474
1474
1474
1474
1474
1474
1474
1474
1474
54
1474
1474
1474
1474
1474
1474
1474
54
1474
1474
1474
1474
54
1474
1474
54
1474
1474
1474
1474
54
1474
54
1474
1474
54
1474
1474
54
1474
1474
1474
1474
1474
1474
54
1474
1474
54
1474
1474
54
1474
1474
1474
54
1474
54
1474
1474
1474
1474
54
1474
1474
1474
1474
54
1474
1474
1474
1474
1474
1474
54
1474
1474
1474
1474
54
1474
1474
1474
54
1474
1474
1474
1474
1474
54
1474
1474
1474
1474
1474
54
1474
1474
54
1474
1474
54
1474
1474
54
1474
1474
1474
54
1474
1474
1474
54
1474
1474
1474
1474
1474
1474
54
1474
1474
54
1474
1474
54
1474
1474
1474
1474
1474
1474
54
1474
1474
1474
54
1474
1474
54
1474
1474
1474
54
1474
54
1474
1474
1474
1474
54
1474
1474
54
1474
1474
1474
1474
1474
1474
1474
1474
54
1474
1474
1474
1474
1474
54
1474
54
1474
1474
1474
1474
1474
54
1474
1474
1474
1474
54
1474
1474
1474
54
1474
1474
1474
1474
1474
54
1474
1474
54
1474
1474
1474
54
1474
1474
1474
54
1474
1474
1474
54
1474
1474
1474
54
1474
1474
1474
1474
1474
54
1474
1474
1474
54
1474
1474
1474
66
1474
1474
66
66
883
66
1474
54
523
100
54
54
100
128
92
100
54
100
54
1356
1474
1474
54
1474
1474
1474
54
1474
1474
54
1474
1474
1474
54
1474
1474
1474
1474
54
1474
1474
54
1474
1474
1474
54
1474
1474
54
1474
1474
54
1474
54
1474
1474
54
1474
1474
54
1474
1474
1474
54
1474
54
1474
1474
54
1474
1474
1474
54
1474
54
1474
1474
54
1474
1474
1474
1474
1474
54
1474
1474
1474
54
1474
1474
1474
1474
1474
1474
54
1474
1474
1474
1474
1474
54
1474
54
1474
1474
54
1474
1474
1474
54
1474
1474
54
1474
1474
54
1474
1474
1474
54
1474
1474
54
1474
1474
54
1474
1474
54
1474
1474
1474
54
1474
1474
1474
1474
1474
1474
1474
1474
1474
54
1474
1474
1474
1474
54
1474
1474
1474
54
1474
1474
1474
54
1474
1474
54
1474
1474
1474
1474
54
1474
1474
1474
1474
54
1474
1474
54
1474
1474
54
1474
1474
1474
54
1474
1474
54
1474
1474
54
1474
1474
54
1474
1474
1474
54
1474
1474
54
1474
1474
54
1474
1474
1474
1474
1474
1474
1474
54
1474
1474
1474
54
1474
1474
54
1474
1474
54
1474
1474
54
1474
1474
54
1474
1474
1474
1474
54
1474
1474
1474
54
1474
1474
1474
1474
54
1474
1474
1474
54
1474
1474
1474
54
1474
1474
54
1474
1474
1474
1474
1474
1474
1474
1474
1474
54
1474
1474
1474
1474
1474
1474
1474
54
1474
1474
54
1474
1474
1474
54
1474
1474
1474
54
1474
1474
1474
54
1474
1474
1474
54
1474
1474
1474
54
1474
1474
1474
1474
54
1474
1474
54
1474
1474
54
1474
1474
1474
54
1474
1474
1474
54
1474
1474
1474
1474
1474
1474
1474
1474
1474
1474
1474
54
1474
1474
54
1474
54
1474
1474
1474
1474
54
1474
1474
1474
54
1474
1474
1474
54
1474
1474
1474
1474
1474
1474
54
1474
1474
1474
54
1474
1474
54
1474
54
1474
1474
54
1474
1474
1474
1474
54
1474
1474
54
1474
1474
1474
1474
54
1474
1474
1474
1474
54
1474
1474
54
1474
1474
54
1474
1474
54
1474
1474
1474
54
1474
1474
54
1474
54
1474
1474
1474
54
1474
1474
54
1474
1474
1474
54
1474
1474
54
1474
1474
1474
54
1474
1474
1474
1474
54
1474
1474
1474
54
1474
1474
54
1474
1474
54
1474
1474
1474
1474
54
1474
1474
1474
54
1474
1474
1474
54
1474
1474
1474
54
1474
1474
54
1474
1474
1474
54
1474
1474
1474
1474
1474
54
1474
1474
54
1474
1474
1474
54
1474
1474
1474
54
1474
1474
1474
1474
54
1474
1474
1474
54
1474
1474
54
1474
1474
1474
1474
54
1474
1474
54
1474
1474
54
107
1474
1474
54
1474
1474
1474
1474
54
1474
1474
1474
54
1474
1474
54
1474
1474
1474
1474
54
1474
1474
1474
1474
1474
1474
54
1474
1474
1474
1474
1474
1474
1474
54
1474
1474
1474
54
1474
1474
1474
54
1474
1474
54
1474
1474
1474
1474
1474
54
1474
1474
54
1474
1474
1474
54
1474
1474
54
1474
1474
54
1474
1474
54
1474
1474
1474
54
1474
1474
1474
1474
54
1474
1474
54
1474
1474
54
1474
1474
1474
54
1474
1474
1474
1474
54
1474
1474
54
1474
1474
1474
54
1474
1474
1474
1474
54
1474
1474
54
1474
1474
1474
1474
1474
54
1474
1474
1474
1474
54
1474
1474
1474
1474
1474
1474
54
1474
1474
1474
54
1474
1474
54
1474
1474
1474
54
1474
1474
1474
54
1474
1474
54
1474
1474
54
1474
1474
1474
1474
54
1474
1474
1474
54
1474
1474
54
1474
1474
1474
54
1474
1474
54
1474
1474
1474
1474
1474
54
1474
1474
1474
1474
1474
1474
54
1474
1474
1474
1474
54
1474
1474
1474
54
1474
1474
54
1474
54
1474
1474
54
1474
1474
1474
54
1474
1474
1474
54
1474
1474
54
1474
1474
1474
1474
1474
1474
54
1474
1474
1474
54
1474
1474
1474
1474
1474
1474
1474
1474
1474
54
1474
1474
1474
1474
1474
1474
1474
1474
1474
1474
54
1474
1474
1474
1474
54
1474
1474
54
1474
1474
1474
1474
1474
1474
54
1474
1474
54
1474
1474
54
1474
1474
54
1474
1474
54
1474
1474
1474
54
1474
54
1474
1474
1474
1474
54
1474
1474
1474
1474
1474
1474
54
1474
1474
54
1474
1474
1474
54
1474
1474
1474
1474
54
1474
1474
1474
54
1474
1474
1474
1474
54
1474
1474
54
1474
1474
1474
1474
1474
1474
1474
1474
1474
54
1474
1474
1474
1474
1474
1474
1474
1474
1474
1474
54
1474
1474
1474
1474
1474
54
1474
1474
1474
1474
54
1474
1474
54
1474
1474
1474
54
1474
54
1474
1474
1474
1474
54
1474
1474
54
1474
1474
54
1474
1474
54
1474
1474
54
1474
1474
1474
1474
1474
1474
1474
1474
1474
54
1474
1474
1474
1474
54
1474
1474
54
1474
1474
1474
54
1474
1474
1474
54
1474
1474
1474
54
1474
1474
1474
1474
1474
1474
54
1474
1474
1474
1474
54
1474
1474
54
1474
1474
1474
1474
1474
54
1474
1474
1474
54
1474
1474
54
1474
1474
54
1474
1474
54
1474
1474
1474
54
1474
1474
54
1474
1474
1474
54
1474
1474
1474
54
1474
1474
1474
54
1474
1474
1474
1474
1474
1474
54
1474
1474
1474
1474
1474
1474
1474
1474
1474
1474
1474
1474
1474
1474
54
1474
1474
1474
1474
1474
1474
1474
1474
1474
1474
1474
1474
1474
1474
54
1474
1474
1474
1474
1474
1474
1474
1474
54
1474
1474
54
1474
1474
1474
54
1474
54
1474
1474
54
1474
1474
1474
54
1474
54
1474
1474
54
1474
1474
1474
54
1474
1474
54
1474
1474
1474
54
1474
1474
54
1474
1474
54
1474
1474
1474
54
1474
1474
1474
54
1474
1474
54
1474
1474
1474
54
1474
1474
1474
54
1474
1474
1474
54
1474
1474
1474
54
1474
1474
1474
1474
1474
1474
54
1474
1474
54
1474
1474
1474
54
1474
54
1474
1474
54
1474
1474
54
1474
1474
1474
54
1474
1474
1474
1474
1474
54
1474
1474
54
1474
1474
1474
54
1474
1474
1474
1474
1474
1474
1474
1474
54
1474
1474
1474
1474
1474
54
1474
1474
1474
54
1474
1474
54
1474
1474
54
1474
1474
1474
54
1474
1474
1474
54
1474
1474
1474
54
1474
1474
54
1474
1474
1474
54
1474
1474
1474
1474
54
1474
1474
54
1474
1474
1474
54
1474
1474
1474
1474
1474
1474
1474
1474
1474
1474
1474
54
1474
1474
1474
1474
1474
54
1474
1474
1474
1474
1474
1474
54
1474
1474
1474
54
1474
54
1474
1474
1474
54
1474
1474
54
1474
54
1474
1474
1474
54
1474
1474
54
1474
1474
1474
54
1474
1474
54
1474
1474
1474
54
1474
1474
1474
1474
1474
1474
54
1474
1474
1474
1474
54
1474
54
1474
1474
54
1474
1474
1474
1474
54
1474
1474
1474
54
1474
54
1474
1474
1474
1474
1474
1474
1474
1474
1474
1474
1474
1474
1474
1474
54
1474
1474
1474
1474
1474
1474
1474
1474
1474
54
1474
1474
1474
54
1474
1474
1474
1474
1474
54
1474
1474
1474
54
1474
1474
1474
54
1474
1474
54
1474
1474
54
1474
54
1474
1474
1474
54
1474
1474
54
1474
1474
54
1474
54
1474
1474
54
1474
1474
54
1474
1474
1474
1474
1474
54
1474
1474
54
1474
54
1474
1474
1474
1474
54
1474
1474
54
1474
1474
1474
54
1474
1474
54
1474
1474
54
1474
1474
1474
1474
1474
1474
1474
54
1474
1474
1474
1474
1474
54
1474
1474
1474
54
1474
1474
1474
1474
1474
1474
1474
54
1474
54
1474
1474
54
1474
1474
1474
54
1474
1474
54
1474
1474
1474
1474
54
1474
1474
1474
54
1474
1474
1474
54
1474
1474
54
1474
1474
54
1474
1474
1474
54
1474
1474
54
1474
1474
1474
54
1474
1474
54
1474
54
1474
1474
1474
54
1474
1474
1474
1474
54
1474
1474
54
1474
1474
1474
1474
54
1474
1474
54
1474
1474
54
1474
1474
54
1474
1474
1474
1474
54
1474
1474
1474
1474
1474
1474
1474
1474
1474
1474
54
1474
1474
1474
1474
1474
1474
54
1474
1474
1474
54
1474
1474
54
1474
1474
1474
54
1474
1474
54
1474
1474
1474
1474
54
1474
1474
54
1474
1474
1474
54
1474
1474
54
1474
1474
54
1474
1474
54
1474
1474
1474
54
1474
1474
1474
1474
1474
54
1474
1474
54
1474
1474
1474
54
1474
1474
54
1474
54
1474
1474
1474
54
1474
1474
54
1474
1474
1474
1474
54
1474
1474
54
1474
1474
1474
54
1474
1474
54
1474
1474
1474
54
1474
1474
54
1474
1474
54
1474
1474
1474
54
1474
1474
54
1474
1474
1474
1474
54
1474
1474
54
1474
1474
1474
1474
1474
1474
54
1474
1474
1474
1474
54
1474
1474
54
1474
1474
54
1474
1474
54
1474
1474
1474
54
1474
54
1474
1474
1474
54
1474
1474
1474
1474
1474
54
1474
1474
1474
1474
54
1474
1474
54
1474
1474
1474
54
1474
54
1474
1474
1474
1474
54
1474
1474
1474
54
1474
1474
1474
155
1474
54
1474
1474
1474
54
1474
1474
54
1474
1474
1474
54
1474
1474
54
1474
1474
1474
54
1474
1474
1474
54
1474
54
1474
1474
54
1474
1474
1474
54
1474
1474
1474
54
1474
1474
1474
54
1474
1474
54
1474
54
1474
1474
1474
54
1474
1474
1474
1474
1474
54
1474
1474
54
1474
1474
1474
1474
1474
1474
1474
1474
54
1474
1474
1474
1474
1474
54
1474
1474
54
1474
1474
1474
54
1474
1474
54
1474
1474
54
1474
1474
54
1474
1474
1474
54
1474
1474
1474
1474
54
1474
1474
1474
54
1474
1474
1474
1474
54
1474
1474
1474
1474
54
1474
1474
54
1474
1474
1474
54
1474
1474
1474
54
1474
1474
1474
54
1474
1474
54
1474
54
1474
1474
1474
54
1474
1474
54
1474
1474
54
1474
1474
54
1474
1474
1474
54
1474
1474
1474
1474
54
1474
1474
1474
54
1474
1474
1474
1474
54
1474
1474
54
1474
1474
1474
1474
1474
1474
54
1474
1474
54
1474
54
1474
1474
1474
54
1474
54
1474
1474
1474
54
54
1474
1474
1474
1474
1474
54
1474
1474
54
1474
1474
54
1474
1474
1474
1474
1474
1474
1474
1474
1474
1474
54
1474
1474
1474
1474
1474
54
1474
1474
1474
1474
54
1474
1474
54
1474
1474
1474
54
1474
1474
1474
54
1474
1474
1474
54
1474
1474
1474
1474
54
1474
1474
54
1474
1474
1474
1474
54
1474
1474
54
1474
1474
1474
1474
1474
1474
1474
54
1474
1474
54
1474
1474
54
1474
1474
1474
54
1474
1474
1474
1474
54
1474
1474
54
1474
1474
1474
54
1474
1474
54
1474
1474
1474
54
1474
1474
1474
1474
1474
54
520
54
388
1474
347
55
66
54
55
66
55
66
55
55
66
66
55
66
55
54
55
66
439
54
128
92
100
54
100
55
54
1353
66
1474
1474
54
1474
1474
54
1474
1474
54
1474
1474
1474
1474
54
1474
1474
54
1474
1474
1474
1474
1474
1474
1474
1474
1474
54
1474
1474
1474
1474
1474
1474
54
1474
1474
54
1474
54
1474
1474
1474
54
1474
54
1474
1474
1474
1474
1474
1474
1474
1474
54
1474
1474
1474
1474
54
1474
1474
1474
1474
1474
1474
1474
1474
1474
54
1474
1474
1474
1474
54
1474
1474
1474
1474
1474
1474
54
1474
1474
1474
1474
54
1474
1474
1474
1474
1474
54
1474
1474
1474
1474
1474
1474
1474
54
1474
1474
1474
54
1474
1474
54
1474
1474
1474
54
1474
1474
54
1474
1474
1474
1474
54
1474
1474
54
1474
1474
54
1474
1474
54
1474
54
1474
1474
1474
54
1474
1474
54
1474
1474
54
1474
1474
1474
54
1474
1474
54
1474
1474
54
1474
1474
1474
54
1474
54
1474
1474
1474
54
1474
1474
54
1474
1474
54
1474
1474
54
1474
1474
1474
54
1474
1474
54
1474
1474
1474
54
1474
54
1474
1474
1474
1474
1474
54
1474
1474
1474
54
1474
1474
1474
54
1474
1474
54
1474
1474
54
1474
1474
1474
54
1474
1474
54
1474
1474
1474
54
1474
1474
1474
1474
1474
54
1474
1474
1474
1474
1474
54
1474
1474
1474
54
1474
1474
1474
1474
1474
1474
1474
1474
54
1474
1474
1474
1474
1474
1474
1474
1474
54
1474
1474
1474
1474
1474
1474
1474
1474
54
1474
1474
1474
1474
1474
54
1474
1474
54
1474
54
1474
1474
1474
54
1474
1474
1474
1474
54
1474
1474
54
1474
1474
54
1474
1474
54
1474
1474
1474
1474
54
1474
1474
1474
54
1474
771
54
55
66
165
279
54
96
54
1356
1474
1474
54
1474
1474
1474
1474
1474
54
1474
1474
54
1474
1474
1474
54
1474
1474
1474
54
1474
1474
54
1474
1474
1474
54
1474
1474
1474
54
1474
1474
1474
54
1474
1474
1474
1474
54
1474
1474
1474
1474
1474
1474
1474
1474
54
1474
1474
1474
1474
54
1474
1474
1474
54
1474
1474
1474
1474
1474
54
1474
1474
1474
54
1474
1474
54
1474
1474
54
1474
1474
54
1474
1474
54
1474
54
1474
1474
1474
54
1474
1474
54
1474
1474
1474
1474
54
1474
1474
1474
1474
1474
1474
1474
1474
1474
54
1474
1474
1474
1474
54
1474
1474
1474
54
1474
1474
1474
1474
1474
54
1474
1474
1474
54
1474
1474
1474
1474
1474
54
1474
1474
1474
1474
1474
1474
1474
54
1474
1474
1474
1474
1474
1474
54
1474
1474
1474
54
1474
1474
1474
54
1474
1474
1474
1474
54
1474
1474
54
1474
1474
1474
1474
54
1474
1474
54
1474
1474
1474
1474
1474
54
1474
1474
1474
1474
54
1474
1474
1474
54
1474
1474
1474
54
1474
1474
1474
1474
54
1474
1474
1474
1474
54
1474
1474
54
1474
1474
1474
54
1474
1474
54
1474
1474
1474
1474
1474
1474
1474
54
1474
1474
1474
54
1474
1474
1474
54
1474
1474
1474
1474
54
1474
1474
1474
1474
1474
1474
1474
54
1474
1474
1474
1474
1474
54
1474
1474
1474
54
1474
1474
54
1474
1474
1474
54
1474
1474
54
1474
1474
1474
1474
1474
1474
1474
1474
54
1474
1474
1474
54
1474
1474
1474
1474
54
1474
1474
1474
1474
1474
1474
1474
1474
1474
54
1474
1474
1474
1474
1474
1474
1474
1474
1474
1474
1474
1474
1474
54
1474
1474
1474
1474
1474
1474
1474
1474
1474
1474
1474
1474
1474
54
1474
1474
1474
1474
54
1474
1474
1474
1474
1474
54
1474
1474
1474
54
1474
1474
54
1474
1474
54
1474
1474
1474
54
1474
1474
54
1474
1474
1474
54
1474
1474
54
1474
1474
54
1474
1474
1474
1474
54
1474
1474
54
1474
1474
1474
54
1474
1474
54
1474
1474
1474
54
1474
1474
1474
1474
1474
54
1474
1474
1474
1474
54
1474
54
1474
1474
1474
1474
1474
1474
54
1474
1474
1474
1474
54
1474
1474
54
1474
1474
1474
54
1474
1474
54
1474
1474
1474
54
1474
1474
54
1474
1474
1474
1474
1474
54
1474
1474
1474
1474
54
1474
1474
1474
1474
1474
1474
54
1474
54
1474
1474
1474
1474
54
1474
1474
1474
54
1474
1474
54
1474
1474
1474
54
1474
1474
1474
54
1474
1474
1474
54
1474
1474
54
1474
1474
54
1474
1474
1474
1474
1474
1474
1474
1474
1474
1474
1474
1474
1474
1474
1474
1474
1474
1474
54
1474
1474
1474
1474
1474
1474
54
1474
1474
1474
1474
1474
1474
1474
1474
1474
1474
1474
1474
54
1474
1474
1474
1474
1474
1474
1474
54
1474
1474
1474
1474
1474
54
1474
1474
1474
1474
54
1474
1474
1474
1474
54
1474
1474
54
1474
1474
1474
54
1474
1474
54
1474
1474
1474
54
1474
1474
54
1474
1474
54
1474
1474
1474
1474
1474
54
1474
1474
1474
54
1474
1474
1474
54
1474
1474
54
1474
1474
1474
54
1474
1474
54
1474
1474
1474
54
1474
1474
54
1474
1474
1474
54
1474
1474
54
1474
1474
1474
1474
54
1474
1474
1474
1474
1474
1474
1474
54
1474
1474
1474
1474
54
1474
1474
1474
54
1474
1474
1474
1474
1474
1474
1474
54
1474
1474
1474
1474
1474
54
1474
1474
54
1474
1474
1474
1474
54
1474
1474
1474
1474
1474
1474
54
1474
1474
1474
1474
1474
1474
54
1474
1474
1474
1474
1474
1474
1474
1474
54
1474
1474
1474
1474
1474
54
1474
1474
1474
1474
54
1474
1474
1474
1474
54
1474
1474
1474
54
1474
1474
1474
54
1474
1474
54
1474
1474
1474
54
1474
1474
54
1474
1474
1474
54
1474
1474
54
1474
54
1474
1474
1474
1474
54
1474
1474
1474
1474
1474
54
1474
1474
1474
54
1474
1474
1474
54
1474
1474
1474
1474
54
1474
1474
1474
54
1474
1474
54
1474
1474
1474
1474
54
1474
1474
54
1474
1474
1474
54
1474
1474
54
1474
1474
1474
54
1474
1474
54
1474
1474
1474
54
1474
1474
54
1474
1474
1474
54
1474
1474
54
1474
1474
1474
54
1474
1474
1474
54
1474
1474
1474
54
1474
1474
54
1474
1474
1474
54
1474
1474
1474
1474
1474
1474
1474
1474
1474
54
1474
1474
1474
1474
1474
1474
54
1474
1474
1474
1474
54
1474
1474
54
1474
1474
1474
1474
54
1474
1474
1474
1474
1474
1474
1474
1474
1474
1474
66
1474
1474
1474
1474
1474
1474
74
74
74
74
74
74
1474
1474
1474
1474
1474
1474
74
74
74
74
74
74
1474
1474
1474
1474
1474
1474
1474
1474
1474
1474
1474
1474
1474
1474
1474
1474
1474
1474
74
74
74
74
74
74
74
74
74
74
74
74
74
74
74
74
74
74
1474
74
1474
1474
1474
1474
1474
1474
1474
1474
74
74
74
74
74
74
74
74
1474
1474
1474
1474
1474
1474
1474
74
74
74
74
74
74
74
1474
1474
1474
1474
1474
1474
1474
74
74
74
74
74
74
74
1474
1474
1474
1474
74
74
74
74
1474
1474
1474
1474
74
66
54
1474
1474
1474
1474
1474
54
1474
1474
1474
54
1474
54
1474
1474
54
1474
1474
1474
54
1474
1474
54
1474
1474
1474
54
1474
1474
54
1474
1474
1474
54
1474
54
1474
1474
54
1474
1474
54
1474
1474
54
1474
1474
1474
54
1474
54
1474
1474
1474
54
1474
1474
1474
1474
1474
54
1474
1474
1474
1474
1474
54
1474
1474
1474
1474
54
1474
1474
1474
54
1474
1474
1474
1474
1474
1474
1474
1474
1474
54
1474
1474
1474
1474
54
1474
1474
1474
1474
1474
1474
54
1474
1474
1474
1474
1474
1474
1474
1474
1474
54
1474
1474
1474
1474
1474
54
1474
1474
1474
1474
54
1474
1474
1474
1474
54
1474
54
1474
1474
54
1474
1474
1474
1474
54
1474
1474
1474
54
1474
1474
1474
54
1474
1474
54
1474
1474
1474
1474
54
1474
1474
54
1474
1474
1474
1474
1474
54
1474
1474
1474
54
1474
1474
54
1474
1474
1474
54
1474
1474
54
1474
1474
1474
54
1474
1474
54
1474
1474
1474
1474
1474
1474
54
1474
1474
1474
1474
54
1474
1474
54
1474
1474
1474
1474
1474
1474
54
1474
1474
54
1474
1474
1474
54
1474
1474
1474
1474
1474
1474
1474
1474
1474
1474
1474
1474
54
1474
1474
1474
1474
1474
1474
1474
54
1474
1474
1474
1474
1474
54
1474
1474
54
1474
1474
54
1474
1474
1474
1474
1474
54
1474
1474
54
1474
1474
1474
1474
54
1474
1474
1474
1474
54
1474
1474
54
1474
1474
54
1474
1474
1474
1474
54
1474
1474
54
1474
1474
1474
54
1474
1474
54
1474
1474
54
1474
1474
54
1474
54
1474
1474
1474
54
1474
1474
1474
1474
1474
54
1474
1474
1474
54
1474
1474
1474
1474
54
1474
1474
1474
54
1474
1474
54
1474
1474
1474
1474
54
1474
1474
1474
1474
54
1474
1474
1474
54
1474
1474
54
1474
1474
1474
54
1474
1474
54
1474
1474
54
1474
1474
1474
1474
1474
54
1474
1474
1474
54
1474
1474
1474
54
1474
1474
1474
1474
1474
54
1474
1474
54
1474
1474
1474
54
1474
1474
1474
1474
1474
1474
54
1474
54
1474
1474
54
1474
1474
1474
1474
1474
54
1474
1474
1474
54
1474
1474
1474
1474
1474
1474
1474
1474
1474
1474
54
1474
1474
1474
1474
1474
54
1474
1474
1474
1474
54
1474
1474
54
1474
1474
1474
54
1474
1474
1474
1474
1474
1474
1474
54
1474
1474
1474
1474
54
1474
1474
1474
54
1474
1474
54
1474
1474
54
1474
1474
54
1474
1474
1474
54
1474
1474
54
1474
1474
1474
54
1474
1474
54
1474
1474
54
1474
1474
54
1474
1474
1474
54
1474
1474
1474
54
1474
1474
1474
1474
54
1474
1474
54
1474
1474
1474
1474
54
1474
1474
1474
1474
1474
1474
1474
1474
1474
1474
1474
1474
1474
1474
1474
54
1474
1474
1474
1474
1474
1474
1474
54
1474
1474
1474
1474
1474
54
1474
1474
1474
1474
54
1474
1474
1474
54
1474
1474
54
1474
1474
1474
54
1474
1474
54
1474
54
1474
1474
1474
1474
1474
1474
1474
1474
1474
1474
1474
1474
1474
1474
54
1474
1474
1474
1474
1474
1474
1474
1474
1474
1474
1474
1474
1474
1474
1474
1474
54
1474
1474
1474
1474
1474
1474
1474
1474
54
1474
1474
1474
1474
54
1474
1474
1474
54
1474
1474
54
1474
54
1474
1474
54
1474
1474
54
1474
1474
54
1474
1474
1474
1474
1474
54
1051
54
117
54
54
54
54
54
55
85
66
54
54
1353
54
1474
1474
54
1474
1474
1474
54
1474
54
1474
1474
54
1474
1474
1474
54
1474
1474
54
1474
54
1474
1474
1474
54
1474
1474
1474
1474
1474
54
1474
1474
1474
1474
1474
1474
1474
1474
54
1474
1474
1474
54
1474
1474
1474
54
1474
1474
1474
1474
54
1474
1474
1474
1474
1474
1474
1474
54
1474
1474
1474
1474
54
1474
1474
54
1474
1474
1474
1474
1474
1474
54
1474
1474
54
1474
1474
1474
54
1474
1474
54
1474
1474
54
1474
1474
54
1474
1474
1474
1474
54
1474
1474
1474
1474
54
1474
1474
54
1474
1474
1474
54
1474
54
1474
1474
1474
54
1474
1474
1474
54
1474
1474
1474
54
1474
1474
54
1474
54
1474
1474
54
1474
1474
54
1474
1474
1474
1474
1474
1474
54
1474
1474
1474
54
1474
1474
54
1474
1474
1474
54
1474
1474
54
1474
1474
1474
1474
54
1474
1474
1474
54
1474
1474
1474
54
1474
1474
54
1474
1474
54
1474
1474
1474
54
1474
54
1474
1474
54
1474
1474
1474
54
1474
54
1474
1474
54
1474
1474
54
1474
1474
1474
1474
54
1474
1474
54
1474
1474
1474
54
1474
117
54
1474
54
54
54
1474
1474
54
1474
1474
54
1474
1474
1474
54
1474
1474
54
1474
1474
54
1474
1474
1474
54
1474
1474
1474
1474
54
1474
1474
54
1474
1474
1474
54
1474
1474
1474
54
1474
54
1474
1474
1474
1474
54
1474
1474
1474
1474
1474
1474
54
1474
1474
1474
1474
54
1474
1474
1474
54
1474
1474
54
1474
1474
54
1474
1474
1474
54
1474
1474
1474
54
1474
1474
54
1474
1474
1474
54
1474
1474
1474
54
1474
1474
1226
54
54
54
54
1356
1474
1474
54
1474
1474
1474
54
1474
54
1474
1474
54
1474
1474
54
1474
1474
54
1474
1474
1474
54
1474
54
1474
1474
54
1474
1474
1474
54
1474
1474
1474
54
1474
1474
1474
54
1474
1474
1474
54
1474
1474
54
1474
1474
1474
54
1474
1474
1474
1474
1474
1474
54
1474
1474
54
1474
1474
1474
54
1474
1474
1474
1474
1474
54
1474
1474
54
1474
1474
54
1474
1474
1474
1474
1474
54
1474
1474
1474
1474
1474
1474
54
1474
1474
1474
54
1474
1474
54
1474
1474
1474
54
1474
1474
54
1474
1474
54
1474
1474
1474
1474
1474
54
1474
54
1474
1474
1474
54
1474
1474
1474
1474
54
1474
1474
1474
54
1474
1474
54
1474
1474
54
1474
1474
1474
54
1474
1474
1474
1474
1474
54
1474
1474
54
1474
1474
1474
1474
1474
54
1474
1474
1474
54
1474
1474
54
1474
1474
1474
1474
54
1474
1474
1474
1474
1474
1474
54
1474
1474
1474
1474
54
1474
1474
54
1474
1474
1474
54
1474
54
1474
1474
54
1474
1474
1474
54
1474
1474
1474
54
1474
1474
1474
54
1474
1474
1474
54
1474
1474
1474
1474
54
1474
1474
54
1474
1474
1474
1474
54
1474
1474
1474
54
1474
1474
54
1474
1474
54
1474
1474
54
1474
1474
1474
54
1474
1474
54
1474
1474
1474
1474
54
1474
1474
1474
54
1474
1474
54
1474
1474
1474
54
1474
1474
1474
1474
1474
1474
1474
1474
1474
1474
1474
1474
54
1474
1474
1474
1474
1474
1474
54
1474
1474
1474
1474
54
1474
1474
54
1474
1474
54
1474
1474
54
1474
1474
1474
1474
1474
1474
54
1474
1474
1474
54
1474
1474
54
1474
1474
1474
1474
54
1474
1474
1474
1474
54
1474
1474
54
1474
1474
54
1474
1474
54
1474
1474
1474
54
1474
1474
54
1474
1474
1474
54
1474
1474
1474
54
1474
1474
1474
54
1474
54
1474
1474
54
1474
1474
1474
54
1474
54
1474
1474
1474
54
1474
1474
1474
1474
54
1474
1474
54
1474
1474
1474
54
1474
1474
54
1474
1474
1474
54
1474
1474
1474
1474
54
1474
1474
1474
1474
1474
1474
1474
54
1474
1474
54
1474
1474
1474
1474
1474
1474
1474
1474
54
1474
1474
1474
1474
54
1474
1474
54
1474
1474
1474
1474
1474
1474
1474
54
1474
54
1474
1474
1474
1474
1474
1474
54
1474
1474
54
1474
1474
54
1474
1474
54
1474
1474
1474
1474
54
1474
1474
1474
1474
54
1474
1474
1474
1474
1474
54
1474
1474
54
1474
1474
54
1474
1474
54
1474
1474
1474
1474
1474
1474
1474
1474
1474
1474
1474
1474
54
1474
1474
1474
54
1474
1474
1474
1474
1474
54
1474
1474
1474
54
1474
1474
1474
1474
1474
54
1474
54
1474
1474
1474
54
1474
1474
54
1474
54
1474
1474
1474
1474
54
1474
1474
1474
1474
1474
1474
54
1474
1474
1474
1474
54
1474
1474
1474
1474
1474
54
1474
1474
1474
1474
1474
1474
54
1474
1474
1474
54
1474
1474
1474
54
1474
1474
1474
1474
54
1474
1474
1474
1474
54
1474
1474
1474
54
1474
1474
54
1474
1474
1474
1474
54
1474
1474
54
1474
1474
54
1474
1474
1474
54
1474
1474
1474
54
1474
1474
1474
54
1474
1474
1474
54
1474
1474
1474
54
1474
1474
1474
1474
1474
54
1474
1474
1474
1474
1474
54
1474
1474
1474
54
1474
1474
1474
54
1474
54
1474
1474
54
1474
1474
1474
54
1474
1474
1474
1474
1474
1474
1474
1474
1474
1474
1474
54
1474
1474
1474
1474
1474
54
1474
1474
1474
1474
1474
1474
1474
1474
1474
1474
1474
54
1474
1474
1474
1474
1474
1474
54
1474
1474
1474
54
1474
1474
1474
54
1474
1474
54
1474
1474
1474
1474
1474
54
1474
1474
1474
54
1474
1474
1474
54
1474
1474
54
1474
1474
1474
1474
54
1474
1474
1474
54
1474
1474
1474
54
1474
1474
1474
54
1474
1474
54
1474
1474
1474
54
1474
1474
54
1474
1474
54
1474
1474
54
1474
1474
1474
54
1474
1474
54
1474
1474
1474
54
1474
1474
1474
54
1474
1474
1474
54
1474
1474
54
1474
1474
1474
54
1474
1474
1474
1474
1474
1474
54
1474
1474
1474
54
1474
1474
1474
54
1474
1474
1474
54
1474
1474
1474
1474
1474
54
1474
1474
1474
1474
54
1474
1474
54
1474
1474
54
1474
1474
1474
54
1474
54
1474
1474
54
1474
1474
1474
54
1474
1474
1474
1474
1474
54
1474
1474
1474
54
1474
1474
1474
54
1474
1474
54
1474
1474
54
1474
1474
1474
1474
54
1474
1474
1474
54
1474
1474
54
1474
1474
54
1474
1474
1474
54
1474
1474
1474
54
1474
54
1474
1474
1474
1474
1474
1474
54
1474
1474
54
1474
1474
1474
54
1474
1474
1474
1474
1474
1474
54
1474
1474
1474
1474
54
1474
1474
54
1474
1474
1474
1474
54
1474
1474
1474
1474
54
1474
1474
54
1474
1474
1474
54
1474
1474
1474
1474
54
1474
1474
54
1474
1474
54
1474
1474
54
1474
1474
54
1474
1474
1474
54
1474
1474
54
1474
1474
1474
1474
54
1474
54
1474
1474
1474
54
1474
1474
1474
54
1474
1474
54
1474
1474
1474
1474
54
1474
1474
1474
54
1474
54
1474
1474
54
1474
1474
1474
54
1474
1474
54
1474
1474
1474
54
1474
1474
1474
54
1474
1474
54
1474
1474
1474
54
1474
1474
54
1474
1474
1474
1474
54
1474
1474
54
1474
1474
1474
54
1474
1474
54
1474
1474
1474
54
1474
1474
54
1474
1474
1474
54
1474
1474
54
1474
54
1474
1474
1474
54
1474
1474
1474
1474
1474
54
1474
1474
1474
1474
1474
1474
1474
1474
1474
1474
1474
1474
1474
1474
54
1474
1474
1474
1474
1474
1474
54
1474
1474
54
1474
1474
1474
54
1474
1474
54
1474
1474
54
1474
1474
1474
54
1474
1474
54
1474
1474
54
1474
1474
1474
54
1474
1474
1474
1474
54
1474
1474
1474
54
1474
1474
54
1474
1474
1474
54
1474
1474
1474
54
1474
1474
54
1474
1474
1474
54
1474
54
1474
1474
1474
1474
1474
54
1474
1474
1474
1474
54
1474
1474
54
1474
1474
54
1474
1474
1474
1474
1474
1474
54
1474
1474
1474
1474
1474
54
1474
1474
1474
54
1474
1474
1474
54
1474
1474
1474
1474
54
1474
1474
54
1474
1474
54
1474
1474
54
1474
1474
54
1474
1474
1474
54
1474
54
1474
1474
1474
1474
54
1474
1474
54
1474
1474
1474
54
1474
1474
1474
54
1474
1474
1474
54
1474
1474
1474
54
1474
1474
1474
1474
54
1474
1474
54
1474
1474
54
1474
1474
54
1474
1474
1474
1474
1474
54
1474
1474
1474
54
1474
1474
54
1474
1474
54
1474
1474
1474
54
1474
54
1474
1474
1474
54
1474
1474
54
1474
1474
54
1474
1474
54
1474
1474
1474
54
1474
1474
1474
54
1474
1474
1474
54
1474
1474
54
1474
1474
1474
1474
1474
1474
54
1474
1474
1474
54
1474
1474
1474
1474
1474
1474
54
1474
1474
1474
1474
1474
1474
1474
1474
1474
54
1474
1474
1474
1474
1474
54
1474
1474
1474
1474
1474
54
1474
1474
1474
1474
1474
54
1474
1474
1474
1474
54
1474
1474
54
1474
1474
1474
1474
1474
1474
1474
1474
1474
1474
1474
1474
54
1474
1474
1474
1474
1474
1474
1474
1474
54
1474
1474
1474
1474
1474
1474
1474
1474
1474
1474
1474
1474
54
1474
1474
1474
54
1474
1474
1474
1474
1474
1474
1474
1474
1474
1474
1474
1474
54
1474
1474
1474
54
1474
1474
1474
1474
1474
1474
1474
1474
54
1474
1474
1474
1474
1474
1474
1474
1474
1474
1474
1474
54
1474
1474
1474
1474
1474
1474
1474
54
1474
54
1474
1474
1474
1474
1474
1474
1474
54
1474
1474
1474
1474
1474
1474
54
1474
1474
1474
1474
1474
1474
1474
1474
54
1474
1474
1474
54
1474
1474
1474
1474
1474
1474
1474
54
1474
1474
1474
1474
1474
1474
1474
54
1474
1474
54
1474
1474
1474
54
1474
1474
1474
1474
1474
1474
54
1474
1474
1474
1474
1474
1474
54
1474
1474
1474
1474
1474
1474
54
1474
1474
1474
1474
54
1474
1474
1474
1474
1474
1474
54
1474
1474
54
1474
1474
1474
1474
1474
1474
1474
54
1474
1474
1474
1474
1474
54
1474
1474
1474
1474
1474
54
1474
1474
1474
1474
1474
1474
54
1474
1474
1474
1474
1474
54
1474
1474
1474
1474
1474
1474
1474
1474
54
1474
1474
1474
1474
1474
1474
1474
54
1474
1474
1474
1474
1474
1474
54
1474
1474
1474
1474
1474
54
1474
1474
1474
1474
1474
54
1474
1474
1474
1474
1474
54
1474
1474
1474
1474
1474
54
1474
1474
1474
1474
1474
1474
54
1474
1474
1474
1474
1474
54
1474
1474
1474
1474
1474
54
1474
1474
1474
1474
54
1474
1474
1474
1474
54
1474
1474
1474
1474
54
1474
1474
1474
1474
54
1474
1474
1474
1474
54
1474
1474
1474
1474
54
1474
1474
1474
1474
1474
54
1474
1474
1474
1474
1474
1474
1474
1474
1474
54
1474
1474
54
1474
1474
1474
1474
1474
54
1474
1474
1474
1474
1474
1474
1474
54
1474
1474
1474
54
1474
1474
1474
1474
1474
1474
54
1474
1474
54
1474
1474
1474
1474
1474
1474
54
1474
1474
1474
1474
1474
54
1474
1474
1474
1474
1474
1474
54
1474
1474
1474
1474
1474
54
1474
1474
1474
1474
1474
54
1474
1474
1474
1474
54
1474
1474
1474
1474
1474
54
1474
1474
1474
54
1474
1474
1474
1474
54
1474
1474
1474
1474
54
1474
1474
1474
1474
1474
54
1474
1474
1474
1474
1474
1474
1474
1474
1474
1474
1474
1474
54
1474
1474
1474
1474
1474
1474
1474
1474
54
1474
1474
1474
1474
1474
1474
54
1474
1474
1474
1474
1474
1474
1474
54
1474
1474
1474
1474
1474
1474
1474
1474
54
1474
1474
1474
1474
1474
1474
54
1474
1474
1474
1474
54
1474
1474
1474
1474
54
1474
1474
54
1474
1474
54
1474
1474
54
1474
1474
1474
1474
54
1474
1474
1474
54
1474
1474
1474
54
1474
1474
1474
54
1474
1474
1474
54
1474
1474
1474
1474
1474
54
1474
1474
54
1474
1474
1474
1474
54
1474
1474
54
1474
1474
1474
1474
1474
1474
54
1474
1474
1474
1474
54
1474
1474
1474
1474
1474
1474
1474
1474
1474
54
1474
1474
1474
1474
1474
1474
1474
1474
54
1474
1474
1474
1474
1474
1474
54
1474
1474
1474
1474
1474
1474
1474
54
1474
1474
1474
1474
1474
1474
54
1474
1474
1136
54
531
100
54
54
100
128
54
92
100
54
100
54
54
54
55
66
55
66
139
54
155
155
54
122
54
120
54
1356
1474
1474
54
1474
1474
54
1474
1474
1474
54
1474
1474
54
1474
1474
54
1474
1474
1474
54
1474
1474
1474
54
1474
1474
54
1474
1474
1474
54
1474
1474
54
1474
1474
1474
1474
1474
1474
1474
54
1474
54
1474
1474
1474
1474
1474
1474
54
1474
1474
54
1474
1474
1474
1474
1474
54
1474
1474
1474
1474
54
1474
1474
1474
54
1474
1474
1474
1474
54
1474
1474
54
1474
1474
1474
1474
1474
54
1474
1474
1474
54
1474
1474
1474
1474
1474
1474
54
1474
1474
1474
1474
1474
1474
1474
54
1474
1474
1474
1474
1474
1474
1474
54
1474
1474
1474
1474
54
1474
1474
1474
54
1474
1474
1474
54
1474
1474
1474
54
1474
1474
54
1474
1474
54
1474
1474
1474
54
1474
1474
1474
54
1474
1474
1474
54
1474
1474
1474
1474
1474
1474
1474
1474
1474
66
66
66
66
66
66
66
1474
1474
1474
1474
1474
66
66
66
66
66
1474
1474
1474
1474
66
66
66
66
1474
1474
66
66
1474
1474
1474
66
66
66
1474
1474
1474
1474
66
66
66
66
1474
1474
1474
1474
1474
1474
66
66
66
66
66
66
1474
1474
1474
66
66
66
1474
66
1474
1474
1474
1474
1474
1474
1474
66
66
66
66
66
66
66
1474
1474
1474
1474
1474
1474
66
66
66
66
66
66
1474
1474
1474
1474
66
66
66
66
1474
1474
1474
66
66
66
1474
66
1474
1474
66
66
1474
1474
1474
66
66
66
1474
1474
66
66
1474
1474
1474
54
54
54
1474
1474
54
1474
1474
1474
54
1474
54
1474
1474
54
1474
1474
1474
54
1474
54
1474
1474
54
1474
1474
1474
54
1474
54
1474
1474
54
1474
1474
1474
54
1474
1474
54
1474
1474
54
1474
1474
1474
54
1474
1474
1474
54
1474
1474
1474
54
1474
1474
54
1474
1474
54
1474
1474
1474
1474
1474
54
1474
1474
1474
1474
1474
1474
1474
54
1474
1474
1474
1474
1474
54
1474
1474
54
1474
1474
1474
1474
1474
54
1474
1474
1474
54
1474
1474
1474
54
1474
1474
54
1474
1474
1474
54
1474
1474
1474
1474
1474
1474
54
1474
1474
1474
54
1474
1474
1474
1474
54
1474
1474
54
1474
1474
1474
1474
54
1474
1474
1474
54
1474
54
1474
1474
54
1474
1474
1474
54
1474
1474
54
1474
1474
54
1474
1474
54
1474
54
1474
1474
1474
54
1474
1474
54
1474
1474
54
1474
1474
54
1474
1474
1474
54
1474
1474
54
1474
1474
54
1474
1474
54
1474
1474
1474
54
1474
1474
1474
54
1474
1474
54
1474
1474
1474
1474
54
1474
1474
1474
54
1474
1474
54
1474
1474
1474
54
1474
1474
54
1474
1474
1474
1474
1474
54
1474
54
1474
1474
1474
54
1474
1474
54
1474
1474
1474
54
1474
1474
54
1474
1474
54
1474
1474
54
1474
1474
1474
54
1474
1474
1474
54
1474
1474
54
1474
1474
54
1474
1474
1474
54
1474
54
1474
1474
54
1474
1474
1474
1474
54
1474
1474
54
1474
1474
1474
54
1474
1474
1474
54
1474
1474
1474
1474
1474
54
1474
1474
1474
1474
1474
1474
54
1474
1474
1474
1474
1474
1474
1474
54
1474
1474
1474
1474
1474
1474
1474
1474
1474
1474
54
1474
1474
1474
1474
1474
54
1474
1474
1474
54
1474
1474
1474
54
1474
1474
54
1474
54
1474
1474
1474
54
1474
1474
54
1474
54
1474
1474
1474
54
1474
1474
1474
54
1474
1474
1474
54
1474
1474
54
1474
1474
54
1474
1474
1474
54
1474
1474
1474
1474
54
1474
1474
54
1474
1474
1474
54
1474
54
1474
1474
54
1474
1474
54
1474
1474
1474
54
1474
1474
1474
54
1474
1474
1474
1474
1474
1474
1474
54
1474
1474
1474
1474
54
1474
1474
1474
54
1474
1474
54
1474
1474
1474
1474
1474
54
1474
1474
1474
54
1474
1474
54
1474
1474
1474
54
1474
1474
54
1474
1474
54
1474
1474
1474
1474
54
1474
1474
1474
54
1474
1474
54
1474
1474
54
1474
1474
54
1474
1474
54
1474
1474
1474
54
1474
54
1474
1474
1474
1474
54
1474
1474
1474
1474
1474
54
1474
1474
1474
1474
54
1474
1474
54
1474
1474
1474
1474
54
1474
1474
1474
54
1474
1474
54
1474
1474
1474
1474
1474
54
1474
1474
1474
1474
54
1474
1474
54
1474
1474
1474
1474
1474
54
1474
1474
54
1474
1474
54
1474
1474
1474
54
1474
1474
54
1474
1474
1474
54
1474
1474
1474
54
1474
1474
1474
54
1474
1474
1474
54
1474
1474
54
1474
1474
54
1474
1474
1474
54
1474
1474
54
1474
1474
1474
1474
1474
54
1474
1474
1474
54
1474
1474
1474
54
1474
54
1474
1474
1474
1474
1474
1474
54
1474
1474
54
1474
1474
1474
54
1474
1474
1474
1474
54
1474
1474
1474
1474
54
1474
1474
54
1474
1474
1474
54
1474
1474
54
1474
1474
1474
1474
1474
1474
1474
54
1474
1474
1474
1474
1474
54
1474
1474
1474
1474
1474
54
1474
54
1474
1474
1474
54
1474
1474
54
1474
54
1474
1474
1474
1474
1474
1474
54
1474
1474
54
1474
1474
1474
1474
1474
1474
54
1474
1474
1474
1474
1474
54
1474
1474
1474
1474
1474
54
1474
1474
54
1474
1474
1474
54
1474
1474
1474
1474
1474
54
1474
1474
54
1474
1474
1474
1474
1474
1474
1474
1474
54
1474
1474
1474
1474
1474
54
1474
1474
1474
1474
1474
54
1474
1474
1474
1474
1474
1474
54
1474
1474
54
1474
1474
1474
1474
54
1474
1474
1474
54
1474
1474
1474
54
1474
1474
1474
1474
1474
54
1474
1474
1474
1474
54
1474
54
1474
1474
1474
54
1474
1474
1474
1474
1474
54
1474
1474
54
1474
1474
1474
54
1474
1474
1474
1474
1474
54
1474
1474
54
1474
1474
1474
54
1474
1474
54
1474
1474
54
1474
1474
54
1474
1474
54
1474
1474
54
1474
1474
54
1474
1474
1474
1474
54
1474
1474
1474
54
1474
1474
1474
54
1474
1474
54
1474
1474
1474
54
1474
1474
1474
54
1474
1474
1474
54
1474
1474
1474
54
1474
1474
1474
54
1474
1474
1474
54
1474
1474
54
1474
1474
1474
54
1474
1474
54
1474
1474
1474
1474
54
1474
1474
1474
54
1474
1474
54
1474
54
1474
1474
54
1474
1474
54
1474
1474
1474
54
1474
1474
54
1474
54
1474
1474
1474
54
1474
1474
54
1474
54
1474
1474
1474
1474
54
1474
1474
1474
1474
54
1474
1474
1474
54
1474
1474
1474
54
1474
1474
1474
1474
1474
54
1474
1474
1474
1474
54
1474
1474
54
1474
1474
1474
54
1474
1474
1474
1474
54
1474
1474
54
1474
1474
1474
1474
54
1474
1474
54
1474
1474
1474
54
1474
1474
1474
1474
1474
54
1474
1474
1474
1474
54
1474
1474
54
1474
1474
54
1474
1474
54
1474
1474
1474
54
1474
1474
1474
1474
54
1474
1474
1474
1474
54
1474
1474
54
1474
54
1474
1474
1474
1474
1474
1474
1474
1474
1474
1474
1474
1474
54
54
1474
1474
1474
1474
1474
1474
54
1474
1474
1474
1474
54
1474
1474
54
1474
1474
1474
54
1474
1474
54
1474
1474
1474
54
1474
1474
1474
1474
1474
1474
1474
54
1474
1474
1474
1474
54
1474
1474
1474
1474
54
1474
54
1474
1474
1474
54
1474
1474
54
1474
1474
54
1474
1474
54
1474
1474
1474
54
1474
1474
1474
54
1474
1474
1474
54
1474
1474
1474
54
1474
1474
1474
1474
54
1474
1474
1474
54
1474
1474
1474
1474
1474
1474
1474
1474
1474
54
1474
1474
1474
1474
1474
1474
1474
1474
54
1474
1474
1474
1474
1474
1474
1474
1474
54
1474
1474
1474
1474
54
1474
1474
1474
1474
1474
1474
54
1474
1474
1474
54
1474
1474
1474
54
1474
1474
1474
54
1474
1474
54
1474
1474
1474
54
1474
54
1474
1474
1474
1474
54
1474
1474
54
1474
1474
54
1474
1474
54
1474
1474
1474
54
1474
1474
1474
1474
1474
1474
54
1474
1474
1474
1474
1474
1474
54
1474
1474
1474
54
1474
1474
1474
1474
1474
54
1474
1474
1474
54
1474
1474
1474
54
1474
1474
1474
1474
1474
1474
54
1474
1474
1474
1474
54
1474
1474
1474
1474
1474
54
1474
1474
54
1474
1474
1474
1474
1474
54
1474
1474
1474
54
1474
1474
54
1474
1474
1474
54
1474
54
1474
1474
1474
54
1474
1474
54
1474
54
1474
1474
1474
54
1474
1474
54
1474
1474
54
1474
1474
54
1474
1474
1474
1474
54
1474
1474
54
1474
1474
1474
54
1474
1474
54
1474
1474
1474
54
1474
54
1474
1474
1474
1474
1474
54
1474
1474
1474
1474
54
1474
54
1474
1474
1474
54
1474
1474
54
1474
1474
1474
1474
54
1474
1474
1474
54
1474
1474
54
1474
1474
1474
1474
1474
54
1474
1474
1474
54
1474
1474
1474
1474
54
1474
1474
54
1474
1474
1474
1474
54
1474
1474
1474
1474
1474
54
1474
1474
1474
54
1474
1474
1474
1474
1474
1474
1474
1474
1474
1474
1474
54
1474
1474
1474
54
1474
1474
1474
1474
1474
1474
1474
1474
1474
1474
1474
1474
54
1474
1474
1474
1474
1474
1474
54
1474
1474
1474
1474
1474
54
1474
1474
1474
1474
54
1474
1474
54
1474
1474
54
1474
54
1474
1474
1474
54
1474
1474
1474
54
1474
1474
1474
1474
1474
54
1474
1474
1474
1474
1474
54
1474
1474
1474
1474
54
1474
1474
54
1474
1474
1474
54
1474
54
1474
1474
54
1474
1474
1474
54
1474
1474
1474
1474
1474
1474
1474
1474
1474
54
1474
1474
1474
54
1474
1474
1474
54
1474
1474
54
1474
1474
1474
54
1474
1474
54
1474
1474
1474
1474
54
1474
1474
54
1474
1474
1474
54
1474
1474
1474
1474
1474
54
1474
1474
1474
1474
1474
1474
54
1474
1474
1474
1474
1474
1474
1474
1474
54
1474
1474
1474
54
1474
1474
1474
54
1474
54
1474
1474
1474
54
1474
54
1474
1474
1474
54
1474
1474
54
1474
1474
1474
1474
54
1474
1474
1474
54
1474
1474
1474
1474
1474
54
1474
1474
1474
1474
54
1474
1474
54
1474
1474
1474
54
1474
1474
1474
54
1474
1474
1474
1474
54
1474
54
1474
1474
54
1474
1474
54
1474
1474
1474
1474
54
1474
1474
1474
1474
54
1474
1474
1474
54
1474
1474
54
1474
1474
1474
54
1474
1474
1474
54
1474
1474
54
1474
1474
1474
1474
54
1474
1474
1474
1474
54
1474
1474
54
1474
1474
54
1474
1474
54
1474
1474
1474
54
1474
1474
1474
54
1474
1474
1474
54
1474
987
54
55
66
55
66
55
66
107
155
54
439
100
54
54
100
128
54
92
100
54
100
54
55
66
1353
1474
1474
1474
54
1474
1474
1474
1474
54
1474
1474
1474
54
1474
1474
1474
1474
54
1474
1474
1474
1474
1474
54
1474
1474
1474
54
1474
1474
1474
1474
1474
1474
1474
54
1474
1474
1474
1474
54
1474
1474
54
1474
1474
1474
54
1474
1474
54
1474
1474
1474
54
1474
1474
1474
54
1474
1474
54
1474
1474
1474
54
1474
1474
54
1474
1474
1474
54
1474
1474
1474
54
1474
1474
54
1474
54
1474
1474
54
1474
1474
1474
1474
1474
1474
1474
54
1474
1474
1474
1474
54
1474
1474
1474
1474
1474
1474
1474
54
1474
1474
1474
1474
1474
54
1474
1474
54
1474
1474
1474
54
1474
1474
1474
54
1474
1474
1474
54
1474
1474
1474
54
1474
1474
54
1474
54
1474
1474
1474
54
1474
1474
1474
54
1474
1474
1474
54
1474
1474
1474
54
1474
1474
1474
1474
54
1474
1474
54
1474
1474
1474
1474
54
1474
1474
1474
1474
54
1474
1474
1474
1474
1474
54
1474
1474
54
1474
1474
54
1474
1474
1474
54
1474
1474
1474
1474
1474
1474
54
1474
1474
1474
54
1474
1474
54
1474
1474
54
1474
1474
54
1474
1474
1474
54
1474
1474
54
1474
1474
54
1474
1474
54
1474
1474
1474
1474
1474
1474
54
1474
1474
1474
1474
1474
1474
54
1474
1474
1474
54
1474
1474
1474
1474
1474
54
1474
1474
54
1474
1474
1474
54
1474
54
1474
1474
54
1474
1474
1474
1474
1474
1474
1474
1474
1474
1474
54
1474
1474
1474
1474
1474
54
1474
1474
1474
1474
54
1474
1474
1474
54
1474
1474
54
1474
212
54
55
66
55
66
55
54
66
66
66
54
252
54
1474
1474
219
54
180
296
490
490
54
66
1474
1474
54
1474
398
88
54
55
388
1474
347
66
1356
54
1474
1474
54
1474
1474
1474
54
1474
1474
54
1474
1474
1474
1474
54
1474
1474
54
1474
1474
1474
54
1474
1474
54
1474
1474
1474
54
1474
1474
1474
1474
54
1474
1474
54
1474
1474
1474
1474
1474
54
1474
1474
1474
54
1474
1474
1474
1474
1474
1474
54
1474
1474
1474
1474
54
1474
1474
1474
54
1474
1474
54
1474
1474
1474
1474
54
1474
1474
1474
1474
1474
1474
1474
1474
54
1474
1474
1474
54
1474
1474
1474
54
1474
1474
54
1474
1474
1474
1474
1474
1474
1474
1474
1474
1474
1474
1474
1474
1474
1474
1474
1474
1474
1474
54
1474
1474
1474
1474
1474
1474
1474
1474
1474
54
1474
1474
1474
1474
1474
54
1474
1474
54
1474
54
1474
1474
54
1474
1474
1474
54
1474
1474
1474
1474
1474
1474
54
1474
1474
54
1474
1474
54
1474
54
1474
1474
1474
54
1474
1474
54
1474
1474
54
1474
1474
54
1474
1474
54
1474
1474
54
1474
54
1474
1474
1474
54
1474
1474
54
1474
1474
1474
1474
54
1474
1474
1474
1474
54
1474
1474
54
1474
1474
1474
54
1474
1474
54
1474
1474
1474
54
1474
1474
54
1474
1474
54
1474
1474
54
1474
1474
1474
54
1474
1474
1474
1474
1474
54
1474
1474
54
1474
1474
1474
54
1474
1474
1474
54
1474
1474
54
1474
1474
1474
1474
54
1474
1474
54
1474
1474
1474
54
1474
1474
1474
1474
1474
54
1474
1474
54
1474
1474
1474
1474
1474
54
1474
1474
1474
54
1474
1474
1474
1474
54
1474
1474
1474
1474
1474
1474
54
1474
1474
1474
1474
54
1474
1474
54
1474
54
1474
1474
1474
54
1474
54
1474
1474
1474
54
1474
1474
54
1474
1474
1474
1474
54
1474
1474
54
1474
54
1474
1474
54
1474
1474
1474
1474
54
1474
1474
54
1474
1474
54
1474
1474
1474
54
1474
1474
54
1474
1474
1474
1474
54
1474
1474
54
1474
1474
54
1474
1474
54
1474
1474
1474
54
1474
1474
54
1474
1474
54
1474
1474
54
1474
1474
54
1474
1474
1474
1474
1474
1474
1474
1474
1474
1474
54
1474
1474
1474
1474
1474
1474
54
1474
1474
1474
54
1474
1474
1474
54
1474
1474
1474
54
1474
1474
1474
1474
54
1474
1474
1474
54
1474
1474
1474
1474
1474
66
1474
1474
1474
66
66
66
1474
1474
66
66
1474
66
1474
1474
1474
66
66
66
1474
1474
1474
1474
1474
1474
1474
1474
1474
1474
1474
66
66
66
66
66
66
66
66
66
66
66
1474
1474
1474
1474
1474
66
66
66
66
66
1474
1474
1474
66
66
66
1474
1474
66
66
1474
1474
1474
66
66
66
1474
1474
1474
1474
66
66
66
66
1474
1474
66
66
1474
1474
1474
66
66
66
1474
1474
66
66
1474
1474
66
66
1474
1474
66
66
1474
1474
1474
66
66
66
1474
1474
66
66
1474
1474
1474
66
66
66
1474
1474
66
66
1474
1474
54
54
1474
1474
1474
54
1474
1474
1474
1474
54
1474
1474
54
1474
1474
1474
54
1474
1474
1474
1474
1474
1474
1474
1474
1474
1474
1474
1474
1474
54
1474
1474
1474
1474
1474
1474
1474
54
1474
1474
54
1474
1474
1474
1474
54
1474
1474
1474
54
1474
1474
54
1474
1474
1474
54
1474
1474
1474
54
1474
1474
1474
54
1474
54
1474
1474
1474
54
1474
54
1474
1474
54
1474
1474
1474
1474
1474
1474
1474
1474
1474
1474
1474
1474
54
1474
1474
1474
1474
54
1474
1474
1474
1474
1474
54
1474
1474
1474
1474
1474
1474
1474
1474
1474
54
1474
1474
1474
54
1474
1474
54
1474
1474
1474
1474
54
1474
1474
1474
54
1474
1474
1474
1474
54
1474
1474
54
1474
1474
1474
1474
54
1474
1474
54
1474
1474
1474
54
1474
54
1474
1474
1474
54
1474
1474
54
1474
54
1474
1474
1474
1474
1474
54
1474
1474
1474
54
1474
1474
1474
54
1474
54
1474
1474
1474
1474
54
1474
1474
54
1474
1474
1474
54
1474
1474
1474
1474
1474
1474
54
1474
54
1474
1474
54
1474
1474
1474
1474
54
1474
1474
1474
1474
1474
54
1474
1474
54
1474
1474
54
1474
1474
54
1474
1474
1474
54
1474
1474
54
1474
1474
1474
54
1474
1474
54
1474
1474
1474
54
1474
1474
1474
1474
1474
54
1474
1474
1474
1474
54
1474
1474
1474
54
1474
1474
54
1474
1474
54
1474
1474
1474
54
1474
1474
54
1474
1474
54
1474
1474
54
1474
54
1474
1474
1474
1474
54
1474
1474
54
1474
1474
1474
1474
54
1474
1474
1474
54
1474
1474
1474
54
1474
1474
1474
1474
54
1474
1474
54
1474
1474
54
1474
1474
1474
1474
1474
1474
54
1474
1474
1474
1474
54
1474
1474
1474
1474
1474
1474
1474
1474
1474
1474
54
1474
1474
1474
1474
1474
54
1474
1474
1474
54
1474
1474
54
1474
1474
54
1474
1474
1474
54
1474
1474
54
1474
1474
54
1474
1474
54
1474
1474
54
1474
1474
54
1474
1474
1474
1474
1474
54
1474
1474
54
1474
1474
1474
54
1474
1474
54
1474
1474
54
1474
1474
54
1474
1474
1474
54
1474
1474
1474
54
1474
1474
1474
54
1474
1474
54
1474
1474
1474
54
1474
1474
1474
1474
1474
54
1474
1474
54
1474
1474
1474
1474
54
1474
1474
54
1474
1474
54
1474
1474
1474
1474
1474
54
1474
1474
1474
1474
54
1474
1474
54
1474
54
1474
1474
1474
54
1474
1474
1474
1474
1474
1474
54
1474
1474
54
1474
1474
1474
1474
1474
54
1474
1474
1474
1474
1474
54
1474
1474
54
1474
1474
1474
54
1474
1474
54
1474
1474
1474
54
1474
1474
54
1474
1474
1474
54
1474
1474
54
1474
1474
1474
1474
1474
54
1474
1474
1474
1474
54
1474
54
1474
1474
1474
1474
1474
54
1474
1474
1474
1474
1474
1474
1474
54
1474
1474
1474
54
1474
1474
1474
54
1474
1474
54
1474
1474
1474
1474
54
1474
1474
1474
54
1474
1474
1474
54
1474
1474
1474
54
1474
1474
54
1474
1474
1474
1474
1474
54
1474
1474
1474
1474
54
1474
1474
54
1474
1474
1474
1474
1474
1474
1474
1474
54
1474
1474
1474
1474
1474
54
1474
1474
54
1474
1474
1474
1474
1474
54
1474
1474
54
1474
1474
54
1474
1474
54
1474
1474
1474
54
1474
1474
1474
1474
54
1474
1474
54
1474
1474
1474
54
1474
1474
54
1474
1474
1474
1474
1474
54
1474
1474
1474
1474
1474
54
1474
1474
1474
1474
54
1474
1474
1474
1474
1474
1474
1474
1474
1474
54
1474
1474
1474
1474
1474
54
1474
1474
54
1474
1474
1474
1474
54
1474
1474
1474
54
1474
1474
1474
1474
54
1474
1474
54
1474
54
1474
1474
1474
1474
1474
1474
1474
1474
1474
1474
1474
54
1474
1474
1474
54
1474
1474
1474
54
1474
1474
1474
1474
1474
1474
54
1474
1474
1474
1474
54
1474
1474
54
1474
1474
54
1474
1474
1474
1474
1474
54
1474
1474
54
1474
1474
1474
1474
1474
1474
54
1474
1474
1474
54
1474
1474
1474
54
1474
1474
1474
54
1474
1474
54
1474
1474
1474
54
1474
1474
54
1474
1474
1474
1474
54
1474
1474
1474
54
1474
1474
54
1474
1474
1474
54
1474
1474
1474
1474
54
1474
1474
1474
1474
54
1474
1474
1474
54
1474
1474
1474
54
1474
1474
54
1474
1474
1474
54
1474
1474
54
1474
1474
1474
54
1474
1474
54
1474
1474
1474
1474
54
1474
1474
54
1474
1474
1474
54
1474
1474
1474
1474
54
1474
1474
1474
54
1474
1474
1474
54
1474
1474
54
1474
1474
54
1474
1474
1474
1474
1474
54
1474
1474
54
1474
1474
1474
1474
1474
54
1474
1474
54
1474
1474
54
1474
1474
54
1474
1474
1474
54
1474
1474
54
1474
1474
54
1474
1474
54
1474
1474
1474
54
1474
54
1474
1474
1474
54
1474
1474
1474
54
1474
1474
1474
1474
54
1474
1474
1474
1474
54
1474
1474
1474
54
1474
1474
1474
54
1474
1474
1474
54
1474
1474
54
1474
54
1474
1474
1474
54
1474
1474
1474
1474
1474
54
1474
1474
1474
1474
54
1474
1474
1474
1474
54
1474
1474
54
1474
1474
1474
54
1474
54
1474
1474
54
1474
1474
1474
1474
1474
54
1474
1474
1474
54
1474
1474
54
1474
1474
54
1474
1474
1474
54
1474
1247
54
55
54
524
54
128
92
100
54
100
66
54
66
54
320
66
1410
54
1410
54
66
54
571
54
214
270
107
104
96
110
92
96
54
92
54
1410
54
1410
115
54
268
54
54
161
54
1474
1023
54
555
54
1474
335
54
699
54
165
279
54
96
54
55
66
1353
1474
1474
54
1474
1474
1474
1474
54
1474
1474
1474
1474
54
1474
1474
54
1474
1474
1474
54
1474
1474
54
1474
1474
1474
1474
1474
1474
54
1474
1474
54
1474
1474
1474
54
1474
1474
54
1474
1474
1474
54
1474
1474
1474
1474
1474
54
1474
1474
1474
1474
54
1474
1474
54
1474
1474
54
1474
1474
1474
54
1474
1474
54
1474
1474
1474
1474
1474
54
1474
1474
1474
1474
1474
1474
1474
1474
54
1474
1474
1474
1474
1474
1474
1474
1474
1474
54
1474
1474
1474
1474
1474
1474
1474
1474
1474
1474
1474
1474
1474
1474
1474
1474
1474
1474
54
1474
54
1474
1474
1474
1474
1474
1474
1474
54
1474
1474
1474
1474
1474
54
1474
1474
54
1474
1474
54
1474
1474
1474
54
1474
1474
1474
1474
54
1474
54
1474
1474
1474
1474
1474
54
1474
1474
54
1474
1474
1474
54
1474
1474
54
1474
1474
1474
1474
54
1474
1474
1474
1474
1474
1474
1474
1474
1474
54
1474
1474
54
1474
1474
1474
1474
54
1474
1474
1474
1474
1474
1474
54
1474
1474
1474
1474
1474
1474
1474
54
1474
1474
1474
1474
1474
54
1474
1474
1474
1474
54
1474
1474
1474
1474
54
1474
1474
1474
1474
54
1474
1474
1474
1474
1474
1474
1474
54
1474
1474
1474
1474
1474
54
1474
1474
54
1474
1474
54
1474
1474
1474
1474
54
1474
1474
54
1474
1474
54
1474
54
1474
1474
54
1474
1474
1474
1474
1474
1474
1474
1474
1474
54
1474
1474
1474
1474
1474
1474
1474
892
54
1356
1474
1474
54
1474
1474
1474
1474
1474
54
1474
1474
1474
1474
54
1474
1474
1474
54
1474
1474
1474
54
1474
1474
54
1474
1474
1474
54
1474
1474
1474
54
1474
1474
1474
1474
1474
54
1474
1474
1474
54
1474
54
1474
1474
1474
54
1474
1474
54
1474
1474
1474
1474
1474
54
1474
1474
1474
1474
54
1474
1474
54
1474
1474
54
1474
1474
1474
1474
1474
54
1474
1474
1474
1474
1474
54
1474
1474
54
1474
1474
54
1474
1474
1474
54
1474
54
1474
1474
1474
54
1474
1474
54
1474
1474
54
1474
1474
54
1474
1474
1474
54
1474
1474
1474
1474
1474
54
1474
54
1474
1474
54
1474
1474
1474
1474
1474
54
1474
1474
1474
1474
54
1474
1474
1474
1474
54
1474
1474
54
1474
1474
54
1474
1474
1474
54
1474
1474
1474
54
1474
54
1474
1474
1474
1474
1474
1474
1474
54
1474
1474
1474
54
1474
1474
54
1474
1474
1474
1474
54
1474
1474
1474
54
1474
1474
54
1474
54
1474
1474
1474
54
1474
1474
54
1474
1474
54
1474
1474
54
1474
1474
1474
54
1474
1474
54
1474
1474
1474
1474
54
1474
1474
1474
54
1474
1474
54
1474
1474
1474
54
1474
1474
54
1474
1474
1474
54
1474
1474
54
1474
1474
1474
1474
1474
1474
54
1474
1474
54
1474
1474
1474
1474
1474
1474
1474
1474
1474
1474
1474
1474
1474
1474
54
1474
1474
1474
1474
1474
1474
1474
1474
1474
1474
1474
1474
1474
1474
1474
1474
54
1474
1474
1474
1474
1474
1474
1474
1474
54
1474
54
1474
1474
54
1474
1474
1474
1474
1474
1474
54
1474
1474
1474
54
1474
1474
54
1474
1474
54
1474
1474
1474
54
1474
1474
54
1474
1474
54
1474
1474
54
1474
1474
54
1474
1474
1474
1474
1474
54
1474
54
1474
1474
1474
54
1474
1474
54
1474
54
1474
1474
1474
54
1474
1474
54
1474
1474
54
1474
1474
54
1474
54
1474
1474
1474
1474
1474
54
1474
1474
1474
1474
1474
1474
54
1474
1474
54
1474
1474
54
1474
1474
1474
54
1474
1474
54
1474
1474
1474
54
1474
1474
1474
54
1474
1474
1474
1474
1474
1474
1474
54
1474
1474
1474
54
1474
1474
1474
54
1474
1474
54
1474
1474
54
1474
1474
1474
54
1474
1474
1474
54
1474
1474
1474
54
1474
1474
54
1474
1474
1474
1474
54
1474
1474
1474
54
1474
1474
54
1474
54
1474
1474
1474
54
1474
1474
1474
1474
1474
1474
1474
1474
1474
1474
1474
1474
54
1474
1474
1474
1474
1474
1474
54
1474
1474
1474
1474
1474
1474
1474
54
1474
1474
1474
54
1474
1474
1474
54
1474
1474
54
1474
1474
54
1474
1474
1474
54
1474
54
1474
1474
1474
1474
54
1474
1474
1474
1474
54
1474
1474
1474
54
1474
54
1474
1474
54
1474
1474
54
1474
1474
54
1474
1474
54
1474
1474
1474
1474
54
1474
1474
54
1474
1474
1474
1474
54
1474
1474
1474
54
1474
1474
54
1474
1474
1474
1474
1474
54
1474
1474
1474
54
1474
1474
54
1474
1474
1474
54
1474
1474
54
1474
1474
54
1474
1474
54
1474
1474
1474
54
1474
54
1474
1474
54
1474
1474
1474
54
1474
1474
54
1474
1474
1474
54
1474
1474
54
1474
1474
1474
54
1474
1474
54
1474
54
1474
1474
1474
54
1474
1474
54
1474
1474
1474
1474
54
1474
1474
1474
1474
54
1474
1474
54
1474
1474
1474
54
1474
1474
54
1474
1474
54
1474
1474
1474
54
1474
1474
1474
54
1474
1474
54
1474
1474
54
1474
1474
54
1474
1474
1474
54
1474
1474
1474
1474
1474
1474
1474
1474
1474
1474
54
1474
1474
1474
1474
1474
1474
1474
1474
54
1474
1474
1474
1474
1474
54
1474
1474
54
1474
1474
1474
54
1474
1474
54
1474
1474
1474
1474
1474
1474
54
1474
1474
1474
1474
54
1474
1474
1474
1474
1474
1474
54
1474
1474
1474
54
1474
1474
1474
1474
1474
54
1474
1474
1474
54
1474
1474
1474
54
1474
1474
1474
1474
54
1474
1474
1474
54
1474
1474
1474
54
1474
1474
1474
54
1474
1474
1474
54
1474
1474
54
1474
1474
54
1474
1474
1474
54
1474
1474
1474
1474
1474
1474
1474
1474
1474
54
1474
1474
1474
54
1474
1474
1474
54
1474
1474
1474
1474
1474
54
1474
1474
54
1474
1474
1474
54
1474
1474
1474
1474
1474
1474
54
1474
1474
1474
54
1474
1474
1474
54
1474
1474
1474
54
1474
1474
1474
1474
1474
1474
54
1474
1474
1474
1474
54
1474
1474
54
1474
1474
1474
54
1474
1474
54
1474
1474
1474
1474
54
1474
54
1474
1474
1474
54
1474
1474
1474
54
1474
1474
54
1474
1474
54
1474
1474
1474
54
1474
54
1474
1474
54
1474
1474
1474
54
1474
54
1474
1474
1474
1474
54
1474
1474
54
1474
1474
1474
54
1474
1474
1474
1474
54
1474
1474
1474
1474
1474
1474
54
1474
1474
1474
54
1474
1474
1474
1474
1474
1474
54
1474
1474
1474
54
1474
1474
1474
1474
54
1474
1474
54
1474
54
1474
1474
1474
54
1474
1474
54
1474
54
1474
1474
1474
54
1474
1474
54
1474
1474
54
1474
1474
54
1474
1474
1474
54
1474
1474
1474
54
1474
54
1474
1474
1474
1474
1474
1474
1474
54
1474
1474
1474
1474
54
1474
1474
54
1474
1474
1474
1474
54
1474
1474
1474
54
1474
1474
1474
54
1474
54
1474
1474
1474
54
1474
1474
1474
1474
1474
1474
1474
54
1474
1474
1474
54
1474
1474
1474
1474
1474
1474
54
1474
1474
1474
54
1474
1474
1474
54
1474
1474
54
1474
1474
1474
54
1474
1474
1474
54
1474
1474
54
1474
1474
1474
1474
1474
1474
1474
1474
1474
1474
1474
1474
1474
54
1474
1474
1474
1474
54
1474
1474
1474
1474
1474
1474
1474
1474
1474
1474
1474
1474
54
1474
1474
1474
1474
1474
54
1474
1474
1474
1474
1474
54
1474
1474
1474
1474
1474
1474
1474
1474
1474
1474
1474
1474
1474
54
1474
54
1474
1474
1474
1474
1474
54
1474
1474
54
1474
1474
1474
54
1474
1474
1474
54
1474
1474
1474
54
1474
1474
1474
54
1474
54
1474
1474
1474
1474
1474
54
1474
1474
54
1474
1474
1474
1474
1474
1474
1474
1474
1474
54
1474
1474
1474
54
1474
1474
1474
1474
1474
1474
1474
54
1474
1474
1474
1474
54
1474
1474
54
1474
1474
1474
1474
54
1474
1474
1474
54
1474
1474
1474
54
1474
1474
1474
1474
1474
1474
1474
1474
1474
1474
1474
1474
1474
1474
54
1474
1474
1474
54
1474
1474
54
1474
1474
1474
54
1474
1474
1474
1474
54
1474
1474
1474
54
1474
1474
1474
1474
54
1474
1474
1474
54
1474
1474
1474
54
1474
1474
1474
54
1474
1474
1474
1474
54
1474
1474
1474
54
1474
1474
1474
1474
1474
54
1474
1474
54
1474
1474
54
1474
1474
54
1474
1474
54
1474
1474
1474
54
1474
1474
1474
1474
1474
54
1474
1474
1474
1474
1474
1474
54
1474
1474
1474
1474
54
1474
1474
1474
54
1474
54
1474
1474
1474
1474
1474
1474
54
1474
1474
1474
1474
54
1474
1474
1474
1474
54
1474
1474
1474
54
1474
1474
54
1474
1474
1474
54
1474
1474
1474
1474
1474
54
1474
1474
54
1474
1474
1474
54
1474
1474
54
1474
1474
54
1474
1474
1474
54
1474
1474
54
1474
1474
54
1474
1474
54
1474
1474
1474
1474
54
1474
1474
1474
54
1474
1474
1474
1474
1474
1474
54
1474
1474
1474
1474
1474
54
1474
1474
1474
1474
54
1474
54
1474
1474
1474
54
1474
1474
1474
54
1474
1474
1474
1474
54
1474
1474
1474
54
1474
1474
54
1474
1474
1474
54
1474
1474
1474
54
1474
1474
1474
1474
54
1474
1474
1474
54
1474
1474
54
1474
1474
54
1474
1474
1474
54
1474
1474
54
1474
1474
1474
54
1474
1474
1474
54
1474
1474
1474
54
1474
1474
1474
54
1474
1474
54
1474
1474
1474
1474
1474
1474
54
1474
1474
1474
54
1474
1474
54
1474
1474
54
1474
1474
54
1474
1474
54
1474
1474
1474
54
1474
1474
1474
54
1474
1474
54
1474
1474
54
1474
1474
54
1474
1474
54
1474
1474
54
1474
1474
1474
54
1474
1474
54
1474
1474
1474
1474
1474
54
1474
1474
1474
1474
1474
1474
1474
54
1474
1474
1474
54
1474
1474
1474
1474
1474
66
66
66
1474
66
1474
1474
66
66
1474
1474
1474
66
66
66
1474
1474
1474
66
66
66
1474
1474
1474
66
66
66
1474
1474
1474
66
66
66
1474
1474
1474
66
66
66
1474
1474
66
66
1474
1474
1474
1474
1474
66
66
66
66
66
1474
1474
1474
1474
66
66
66
66
1474
1474
66
66
1474
1474
1474
66
66
66
1474
1474
66
66
1474
1474
66
66
1474
1474
1474
66
66
66
1474
1474
66
66
1474
1474
66
66
1474
1474
1474
66
66
66
1474
1474
66
66
1474
1474
1474
1474
66
66
66
66
1474
1474
1474
1474
1474
1474
1474
1474
1474
1474
1474
1474
1474
66
66
66
66
54
54
54
1474
1474
1474
1474
1474
1474
54
1474
1474
1474
1474
1474
1474
54
1474
1474
54
1474
1474
1474
1474
1474
54
1474
1474
1474
1474
1474
54
1474
1474
54
1474
1474
54
1474
1474
54
1474
1474
54
1474
1474
54
1474
1474
54
1474
1474
54
1474
1474
54
1474
1474
1474
54
1474
54
1474
1474
54
1474
1474
1474
54
1474
1474
54
1474
54
1474
1474
1474
54
1474
1474
1474
1474
54
1474
1474
54
1474
1474
1474
54
1474
1474
54
1474
1474
1474
54
1474
1474
1474
1474
54
1474
1474
54
1474
1474
1474
1474
1474
1474
1474
1474
1474
1474
1474
1474
1474
1474
1474
1474
1474
1474
54
1474
1474
54
1474
1474
1474
1474
1474
1474
1474
1474
54
1474
1474
1474
1474
1474
54
1474
1474
1474
1474
54
1474
1474
54
1474
1474
1474
54
1474
54
1474
1474
1474
54
1474
54
1474
1474
1474
54
1474
1474
54
1474
1474
54
1474
1474
1474
54
1474
1474
1474
1474
1474
54
1474
1474
1474
1474
54
1474
1474
1474
1474
54
1474
1474
1474
54
1474
1474
1474
1474
54
1474
1474
1474
1474
54
1474
1474
54
1474
1474
54
1474
1474
1474
1474
1474
54
1474
54
1474
1474
1474
1474
54
1474
1474
1474
1474
1474
54
1474
54
1474
1474
1474
54
1474
1474
1474
54
1474
1474
1474
1474
1474
54
1474
1474
1474
1474
1474
1474
1474
1474
54
1474
1474
1474
54
1474
1474
1474
54
1474
1474
1474
54
1474
1474
54
1474
1474
1474
1474
54
1474
1474
54
1474
1474
54
1474
1474
1474
54
1474
54
1474
1474
54
1474
1474
54
1474
1474
1474
54
1474
1474
54
1474
1474
1474
54
1474
1474
1474
54
1474
54
1474
1474
54
1474
1474
1474
1474
54
1474
1474
54
1474
1474
1474
54
1474
1474
54
1474
1474
1474
54
1474
1474
1474
1474
1474
54
1474
1474
54
1474
1474
54
1474
1474
1474
54
1474
1474
1474
1474
1474
54
1474
1474
54
1455
54
66
66
54
571
54
200
105
107
104
96
700
406
135
92
54
92
54
96
54
54
1129
138
54
54
1356
1474
1474
54
1474
1474
1474
1474
1474
54
1474
1474
1474
1474
1474
54
1474
1474
1474
1474
54
1474
1474
54
1474
1474
1474
54
1474
1474
1474
54
1474
1474
1474
1474
1474
1474
54
1474
1474
54
1474
1474
54
1474
1474
1474
54
1474
1474
1474
1474
54
1474
1474
54
1474
1474
1474
1474
1474
1474
54
1474
1474
54
1474
54
1474
1474
1474
1474
1474
54
1474
1474
1474
1474
1474
54
1474
1474
1474
1474
54
1474
1474
1474
54
1474
1474
1474
54
1474
1474
1474
1474
54
1474
1474
54
1474
1474
54
1474
1474
54
1474
1474
1474
54
1474
54
1474
1474
54
1474
1474
1474
54
1474
1474
1474
1474
1474
1474
1474
1474
1474
1474
54
1474
1474
1474
1474
1474
1474
54
1474
1474
54
1474
1474
1474
54
1474
1474
1474
1474
54
1474
1474
54
1474
1474
1474
54
1474
1474
54
1474
1474
1474
1474
54
1474
1474
1474
1474
54
1474
54
1474
1474
1474
1474
54
1474
1474
1474
1474
1474
54
1474
1474
1474
54
1474
1474
1474
54
1474
1474
54
1474
1474
1474
1474
1474
1474
1474
1474
1474
54
1474
1474
1474
1474
1474
54
1474
1474
1474
54
1474
1474
54
1474
1474
1474
54
1474
1474
54
1474
1474
1474
54
1474
1474
54
1474
1474
1474
54
1474
54
1474
1474
1474
54
1474
1474
54
1474
1474
54
1474
1474
1474
1474
1474
54
1474
1474
54
1474
1474
54
1474
1474
1474
1474
1474
54
1474
1474
54
1474
1474
1474
54
1474
1474
54
1474
1474
54
1474
1474
54
1474
1474
1474
54
1474
1474
1474
54
1474
1474
1474
1474
54
1474
1474
54
1474
1474
1474
1474
54
1474
1474
54
1474
1474
1474
54
1474
1474
54
1474
1474
54
1474
1474
54
1474
1474
1474
54
1474
1474
54
1474
1474
1474
54
1474
54
1474
1474
1474
54
1474
1474
54
1474
1474
1474
54
1474
1474
1474
54
1474
1474
1474
54
1474
1474
54
1474
1474
1474
1474
1474
1474
1474
1474
1474
1474
54
1474
1474
1474
1474
1474
54
1474
1474
54
1474
1474
1474
54
1474
1474
1474
1474
1474
1474
1474
1474
1474
1474
1474
1474
1474
54
1474
1474
54
1474
1474
1474
54
1474
1474
54
1474
1474
54
1474
1474
1474
1474
1474
54
1474
1474
1474
54
1474
1474
54
1474
1474
54
1474
1474
1474
1474
54
1474
1474
54
1474
1474
1474
54
1474
1474
54
1474
1474
54
1474
1474
54
1474
54
1474
1474
54
1474
1474
1474
1474
54
1474
1474
1474
54
1474
1474
54
1474
1474
1474
54
1474
1474
1474
1474
54
1474
1474
54
1474
1474
1474
54
1474
1474
54
1474
1474
1474
54
1474
1474
54
1474
1474
1474
54
1474
1474
54
1474
1474
1474
54
1474
1474
54
1474
1474
54
1474
1474
54
1474
1474
54
1474
1474
54
1474
1474
54
1474
1474
1474
54
1474
1474
54
1474
1474
54
1474
1474
1474
1474
1474
54
1474
1474
1474
54
1474
1474
1474
1474
1474
54
1474
1474
54
1474
1474
1474
1474
54
1474
1474
1474
54
1474
1474
1474
1474
54
1474
54
1474
1474
1474
1474
1474
1474
1474
54
1474
1474
1474
1474
54
1474
1474
1474
1474
54
1474
54
1474
1474
1474
1474
1474
54
1474
1474
1474
1474
54
1474
1474
1474
54
1474
1474
54
1474
1474
1474
1474
54
1474
1474
54
1474
1474
54
1474
1474
54
1474
1474
1474
1474
54
1474
1474
54
1474
1474
1474
54
1474
1474
1474
1474
54
1474
1474
1474
54
1474
1474
1474
1474
1474
54
1474
1474
54
1474
1474
54
1474
54
1474
1474
1474
1474
1474
54
1474
1474
1474
1474
1474
54
1474
1474
1474
1474
54
1474
1474
54
1474
1474
1474
1474
54
1474
1474
54
1474
1474
1474
1474
1474
1474
1474
54
1474
54
1474
1474
1474
1474
1474
54
1474
1474
1474
1474
1474
1474
1474
54
1474
1474
1474
1474
1474
1474
54
1474
1474
1474
54
1474
1474
54
1474
1474
1474
54
1474
1474
1474
1474
54
1474
1474
54
1474
1474
54
1474
1474
54
1474
1474
1474
54
1474
1474
54
1474
1474
54
1474
1474
54
1474
1474
54
1474
1474
54
1474
54
1474
1474
54
1474
1474
1474
54
1474
1474
1474
1474
54
1474
1474
54
1474
54
1474
1474
54
1474
1474
1474
54
1474
1474
1474
1474
1474
54
1474
1474
1474
1474
54
1474
1474
1474
54
1474
1474
54
1474
1474
1474
54
1474
1474
1474
1474
1474
54
1474
1474
54
1474
1474
1474
54
1474
1474
54
1474
1474
54
1474
1474
1474
54
1474
1474
1474
54
1474
1474
54
1474
1474
54
1474
1474
54
1474
1474
1474
54
1474
54
1474
1474
1474
54
1474
1474
1474
54
1474
1474
1474
1474
1474
54
1474
54
1474
1474
54
1474
1474
54
1474
1474
1474
54
1474
54
1474
1474
1474
1474
54
1474
1474
1474
1474
54
1474
1474
1474
1474
1474
1474
1474
1474
1474
1474
1474
1474
1474
54
1474
54
1474
1474
54
1474
1474
54
1474
1474
1474
1474
54
1474
1474
1474
1474
54
1474
1474
1474
54
1474
1474
54
1474
1474
1474
54
1474
1474
54
1474
1474
1474
54
1474
1474
54
1474
1474
54
1474
1474
54
1474
1474
54
1474
1474
1474
54
1474
1474
54
1474
1474
54
1474
1474
54
1474
1474
1474
54
1474
54
1474
1474
54
1474
1474
54
1474
1474
1474
1474
1474
1474
54
1474
1474
54
1474
1474
1474
54
1474
1474
54
1474
1474
54
1474
1474
54
1474
1474
1474
54
1474
1474
54
1474
1474
1474
54
1474
1474
1474
1474
1474
54
1474
1474
1474
1474
54
1474
1474
1474
54
1474
54
1474
1474
1474
54
1474
1474
54
1474
54
1474
1474
1474
1474
1474
1474
1474
1474
54
1474
1474
1474
1474
54
1474
1474
1474
54
1474
1474
1474
54
1474
1474
1474
54
1474
54
1474
1474
1474
1474
54
1474
1474
54
1474
1474
1474
54
1474
1474
54
1474
1474
1474
54
1474
1474
1474
1474
54
1474
1474
1474
54
1474
54
1474
1474
1474
1474
1474
1474
54
1474
1474
54
1474
1474
1474
54
1474
1474
1474
1474
1474
1474
54
1474
1474
54
1474
1474
1474
1474
54
1474
1474
1474
54
1474
1474
1474
1474
1474
1474
1474
1474
1474
1474
1474
1474
54
1474
1474
54
1474
1474
1474
1474
1474
1474
1474
1474
1474
1474
1474
54
1474
1474
1474
1474
1474
54
1474
1474
54
1474
1474
1474
1474
1474
54
1474
1474
1474
54
1474
1474
54
1474
1474
1474
1474
54
1474
1474
1474
1474
54
1474
1474
54
1474
1474
54
1474
1474
1474
54
1474
1474
1474
54
1474
1474
1474
1474
54
1474
1474
1474
1474
1474
1474
1474
1474
1474
1474
54
1474
1474
1474
1474
1474
54
1474
1474
1474
54
1474
1474
54
1474
1474
54
1474
1474
1474
54
1474
1474
1474
54
1474
1474
1474
1474
1474
54
1474
1474
54
1474
1474
1474
54
1474
1474
1474
54
1474
1474
1474
54
1474
1474
1474
1474
54
1474
1474
54
1474
1474
1474
1474
54
1474
1474
1474
1474
54
1474
1474
54
1474
1474
1474
1474
54
1474
1474
1474
54
1474
1474
54
1474
54
1474
1474
1474
1474
1474
1474
54
1474
1474
1474
54
1474
1474
54
1474
1474
54
1474
1474
1474
54
1474
1474
1474
1474
1474
1474
1474
54
1474
1474
1474
1474
1474
1474
54
1474
1474
1474
1474
54
1474
1474
1474
54
1474
1474
54
1474
1474
1474
54
1474
54
1474
1474
54
1474
1474
1474
54
1474
54
1474
1474
54
1474
1474
1474
54
1474
1474
1474
54
1474
1474
54
1474
1474
1474
54
1474
54
1474
1474
54
1474
1474
1474
1474
54
1474
1474
1474
1474
54
1474
1474
54
1474
1474
1474
54
1474
1474
54
1474
54
1474
1474
54
1474
1474
1474
1474
1474
116
54
55
66
55
66
55
66
593
100
172
54
54
100
54
54
130
249
141
100
54
100
54
1353
1474
1474
54
1474
1474
54
1474
1474
54
1474
1474
1474
54
1474
1474
1474
1474
54
1474
1474
54
1474
1474
1474
1474
54
1474
1474
54
1474
1474
1474
54
1474
1474
1474
1474
1474
1474
54
1474
1474
54
1474
1474
1474
54
1474
1474
1474
1474
1474
1474
1474
54
1474
1474
1474
1474
1474
1474
1474
54
1474
1474
1474
54
1474
1474
54
1474
1474
1474
1474
54
1474
1474
1474
54
1474
54
1474
1474
1474
54
1474
1474
1474
1474
1474
1474
1474
54
1474
1474
1474
1474
54
1474
1474
54
1474
1474
1474
1474
54
1474
1474
54
1474
1474
1474
1474
1474
54
1474
1474
1474
1474
54
1474
1474
1474
1474
54
1474
1474
1474
1474
54
1474
1474
54
1474
54
1474
1474
1474
54
1474
1474
54
1474
1474
1474
1474
54
1474
1474
1474
1474
54
1474
1474
1474
1474
1474
1474
54
1474
1474
1474
1474
1474
1474
1474
1474
1474
1474
1474
1474
1474
1474
1474
1474
1474
1474
54
1474
1474
1474
1474
1474
54
1474
1474
1474
1474
1474
1474
1474
1474
54
1474
1474
1474
1474
54
1474
1474
1474
1474
54
66
1474
1474
54
1474
1474
1474
54
1474
1474
54
1474
54
1474
1474
66
1474
54
54
1474
54
571
1474
1474
54
1474
1474
1474
1474
54
1474
1474
1474
54
1474
1474
1474
1474
1474
1474
1474
1474
54
1474
1474
1474
1474
1474
1474
1474
54
1474
1474
1474
1474
54
205
54
270
1356
1474
1474
1474
1474
1474
1474
1474
1474
54
1474
55
1474
1474
54
1474
1474
54
1474
1474
1474
1474
1474
54
1474
1474
1369
54
54
1474
1474
1474
1474
1474
1474
54
1474
1474
1474
1474
54
1474
1474
54
1474
1474
1474
54
1474
1474
1474
54
1474
1474
54
1474
1474
1474
1474
1474
54
1474
1474
1474
54
1474
1474
54
1474
1474
54
1474
1474
54
1474
1474
54
1474
1474
1474
1474
1474
54
1474
1474
54
1474
1474
1474
1474
1474
1474
54
1474
1474
1474
1474
54
1474
1474
1474
54
1474
1474
1474
54
1474
1474
1474
54
1474
1474
1474
1474
54
1474
1474
54
1474
1474
1474
54
1474
1474
1474
1474
1474
1474
54
1474
1474
1474
1474
54
1474
1474
1474
1474
54
1474
1474
1474
1474
1294
54
1474
1474
1474
1474
1474
54
1474
1474
54
1474
1474
54
1474
234
54
1474
1474
54
1474
1474
1474
1294
1474
1474
1474
1474
1474
1474
1474
1474
1474
1474
1474
1474
1474
1474
54
1474
1474
1474
234
1474
1474
1474
1474
1294
1474
54
1474
1474
1474
1474
1474
54
1474
1474
1294
54
1474
1474
1474
1474
54
1474
1474
1474
54
66
1474
1474
414
54
1474
54
1474
1294
54
1474
1474
1474
1474
1474
1474
1474
1474
1474
1474
1474
1474
54
1474
1474
1474
1474
1474
1474
1474
54
1474
234
1474
1474
54
1474
1474
1474
54
1474
1474
1474
1474
1474
54
1474
54
1474
1474
1474
1474
54
1474
1474
1474
1474
54
1474
1474
54
934
1474
594
1474
1474
1474
54
1474
1474
1474
54
1474
1474
54
1474
1474
1474
54
1474
1474
54
1474
1474
54
1474
1474
54
1474
1474
1474
1474
54
1474
1474
54
1474
1474
1474
54
1474
54
1474
1474
1474
54
1474
1474
1474
1474
54
1474
1474
54
1474
1474
1474
66
66
1474
1474
66
66
1474
1474
66
74
1474
1474
1474
74
74
74
1474
1474
82
90
1474
1474
1474
90
90
90
1474
1474
90
90
1474
1474
1474
1474
1474
90
90
90
90
90
1474
1474
90
90
1474
1474
90
90
1474
1474
1474
90
90
90
1474
1474
1474
90
90
90
1474
1474
90
90
1474
1474
1474
90
90
90
1474
1474
90
90
1474
1474
1474
1474
1474
90
90
90
90
90
1474
1474
1474
90
90
90
1474
1474
90
90
1474
1474
90
90
1474
1474
1474
1474
1474
90
90
90
90
90
1474
1474
1474
1474
1474
1474
1474
1474
1474
1474
1474
1474
90
90
90
90
90
90
90
90
90
90
90
90
1474
1474
1474
1474
1474
1474
1474
90
90
90
90
90
90
90
1474
1474
1474
1474
1474
1474
1474
1474
90
90
90
90
90
90
90
90
1474
1474
1474
90
90
90
1474
1474
1474
1474
90
90
90
90
1474
1474
1474
90
90
90
1474
1474
1474
90
90
90
1474
1474
82
82
1474
74
1474
66
1474
54
1474
1474
54
1474
1474
1474
1474
54
1474
1474
54
1474
1474
54
1474
1474
1474
54
1474
54
1474
1474
1474
54
1474
1474
54
1474
1474
54
1474
1474
1474
1474
1474
54
1474
1474
1474
54
1474
1474
1474
1474
1474
1474
1474
1474
1474
1474
1474
1474
1474
1474
54
1474
1474
1474
1474
1474
1474
54
1474
1474
1474
1474
54
1474
54
1474
1474
1474
1474
1474
1474
54
1474
1474
1474
54
1474
1474
1474
1474
1474
1474
1474
1474
1474
1474
1474
54
1474
1474
1474
1474
1474
1474
1474
1474
1474
1474
1474
1474
1474
1474
54
1474
1474
1474
1474
1474
1474
54
1474
1474
1474
1474
1474
1474
54
1474
1474
1474
1474
54
1474
1474
1474
54
1474
1474
1474
1474
1474
54
1474
1474
54
1474
1474
54
1474
1474
1474
1474
54
1474
1474
1474
54
1474
1474
54
1474
1474
1474
66
1474
1474
1474
1474
66
66
66
66
1474
1474
1474
74
74
74
1474
1474
74
74
1474
74
1474
1474
1474
1474
1474
74
74
74
74
74
1474
1474
1474
74
74
74
1474
1474
1474
74
74
74
1474
1474
74
74
1474
1474
1474
74
74
74
1474
74
1474
1474
1474
74
74
74
1474
1474
74
74
1474
1474
74
74
1474
1474
1474
74
74
74
1474
1474
74
74
1474
74
1474
1474
74
74
1474
1474
1474
74
74
74
1474
82
1474
1474
82
82
1474
1474
1474
82
82
82
1474
82
1474
1474
1474
82
82
90
1474
1474
1474
1474
1474
1474
90
90
90
90
90
90
1474
1474
90
90
1474
1474
1474
90
90
90
1474
1474
1474
1474
90
90
90
90
1474
1474
1474
1474
1474
1474
90
90
90
90
90
90
1474
90
1474
1474
1474
1474
90
90
90
90
55
1474
1474
1474
1474
90
90
90
90
1474
1474
1474
90
90
90
1474
1474
90
90
1474
1474
1474
1474
1474
1474
1474
1474
1474
1474
1474
1474
1474
1474
1474
1474
1474
1474
90
90
90
90
90
90
90
90
90
90
90
90
90
90
90
82
74
74
1474
1474
1474
1474
1474
1474
1474
1474
66
66
54
54
1474
1474
1474
1474
1474
1474
1474
54
1474
1474
1474
54
1474
1474
1474
1474
1474
1474
1474
1474
1474
1474
1474
54
1474
54
1474
1474
54
1474
1474
54
1474
1474
54
1474
1474
54
1474
1474
54
1474
1474
1474
54
1474
1474
1474
1474
1474
1474
1474
1474
1474
54
1474
1474
1474
1474
54
1474
1474
1474
1474
54
1474
1474
1474
54
1474
1474
54
1474
1474
1474
1474
54
1474
1474
1474
1474
1474
54
1474
1474
54
1474
1474
1474
54
1474
54
1474
1474
1474
1474
1474
1474
54
1474
1474
1474
54
1474
1474
54
1474
1474
1474
54
1474
1474
1474
1474
1474
1474
54
1474
1474
1474
1474
1474
1474
1474
1474
54
1474
1474
1474
1474
1474
1474
1474
1474
54
1474
1474
1474
54
1474
1474
1474
1474
1474
54
1474
1474
1474
1474
54
1474
1474
54
1474
1474
54
1474
1474
54
1474
1474
54
1474
1474
54
1474
1474
1474
1474
1474
54
1474
1474
1474
54
1474
1474
54
1474
1474
1474
54
1474
1474
54
1474
1474
54
1474
1474
54
1474
1474
1474
1474
1474
1474
1474
54
1474
1474
1474
1474
54
1474
1474
1474
1474
54
1474
1474
1474
1474
54
1474
1474
1474
1474
54
66
1474
1474
1474
54
1474
1474
1474
54
1474
1474
54
1474
1474
1474
54
1474
54
1474
1474
54
1474
1474
1474
54
1474
54
1474
1474
54
1474
1474
1474
54
1474
54
1474
1474
1474
54
1474
1474
1474
1474
54
1474
1474
1474
54
1474
1474
54
1474
1474
54
1474
1474
1474
54
1474
1474
54
1474
1474
1474
54
1474
1474
1474
54
1474
1474
1474
1474
54
1474
1474
1474
54
1474
1474
1474
54
1474
1474
1474
54
1474
1474
1474
1474
54
1474
1474
1474
54
1474
1474
1474
54
1474
1474
1474
54
1474
1474
1474
54
1474
1474
1474
1474
54
1474
1474
54
1474
1474
54
1474
1474
1474
54
1474
1474
54
1474
1474
1474
54
1474
1474
54
1474
1474
54
1474
1474
1474
54
1474
54
1474
1474
54
1474
1474
1474
54
1474
1474
1474
1474
54
1474
1474
1474
54
1474
1474
1474
54
1474
1474
54
1474
1474
54
1474
1474
54
1474
1474
1474
54
1474
1474
54
1474
1474
1474
54
1474
1474
1474
54
1474
1474
54
1474
1474
1474
1474
1474
54
55
1474
1474
1474
54
1474
1474
1474
1474
54
1474
1474
1474
54
1474
1474
54
1474
1474
1474
1474
1474
1474
54
1474
1474
1474
54
1474
1474
1474
54
1474
54
1474
1474
1474
1474
54
1474
1474
54
1474
1474
1474
54
1474
1474
1474
1474
1474
54
1474
1474
1474
1474
54
1474
1474
54
1474
1474
1474
1474
54
1474
1474
54
1474
1474
54
1474
1474
54
1474
1474
54
1474
1474
1474
1474
1474
1474
1474
1474
1474
54
1474
1474
1474
1474
54
1474
1474
1474
1474
1474
1474
54
1474
1474
1474
1474
1474
1474
1474
1474
54
1474
1474
1474
1474
1474
54
1474
1474
54
1474
1474
54
1474
1474
1474
54
1474
1474
1474
1474
54
1474
1474
1474
1474
1474
1474
54
1474
1474
1474
1474
54
1474
1474
54
1474
1474
1474
54
1474
1474
54
1474
1474
1474
54
1474
54
1474
1474
1474
1474
1474
54
1474
1474
1474
54
1474
1474
1474
1474
1474
54
1474
1474
1474
54
1474
1474
1474
54
1474
1474
1474
1474
1474
1474
54
1474
1474
1474
1474
1474
1474
1474
1474
1474
1474
54
1474
1474
1474
1474
1474
1474
1474
1474
1474
54
1474
1474
1474
1474
1474
1474
54
1474
1474
1474
1474
1474
54
1474
1474
1474
1474
1474
54
1474
1474
54
1474
1474
1474
1474
54
1474
1474
54
1474
1474
54
1474
1474
1474
54
1474
1474
1474
54
1474
1474
54
1474
1474
54
1474
1474
1474
1474
1474
54
1474
1474
1474
1474
54
1474
1474
1474
54
1474
1474
1474
1474
1474
54
1474
1474
66
1474
1474
1474
1474
1474
1474
54
1474
1474
1474
1474
54
1474
1474
1474
54
1474
1474
1474
54
1474
1474
1474
54
1474
1474
54
1474
1474
1474
1474
1474
1474
1474
54
1474
1474
54
1474
1474
54
1474
1474
1474
54
1474
1474
1474
1474
54
1474
1474
54
1474
1474
54
1474
1474
1474
1474
1474
1474
1474
54
1474
1474
1474
1474
54
1474
1474
1474
1474
1474
54
1474
1474
1474
1474
1474
54
1474
1474
54
1474
1474
1474
54
1474
1474
54
1474
1474
1474
54
1474
1474
54
1474
1474
1474
54
1474
1474
1474
1474
54
1474
1474
54
1474
1474
1474
1474
54
1474
1474
1474
1474
1474
1474
54
1474
1474
1474
1474
1474
1474
1474
1474
1474
1474
1474
1474
1474
1474
1474
54
1474
1474
1474
1474
1474
1474
1474
1474
1474
1474
1474
1474
1474
1474
1474
1474
54
1474
1474
1474
1474
1474
1474
1474
1474
1474
1474
1474
1474
1474
54
1474
1474
54
1474
1474
1474
54
1474
54
1474
1474
54
1474
1474
54
1474
1474
54
1474
1474
54
1474
1474
54
1474
1474
54
1474
1474
54
1474
1474
54
1474
1474
1474
54
1474
1474
54
1474
54
1474
1474
54
1474
1474
1474
54
1474
54
1474
1474
1474
54
1474
1474
1474
54
1474
1474
1474
54
1474
1474
54
1474
1474
54
1474
1474
54
1474
1474
1474
1474
1474
54
1474
1474
1474
54
1474
1474
1474
1474
1474
54
1474
1474
1474
1474
1474
1474
1474
54
1474
1474
1474
1474
54
1474
1474
54
1474
1474
54
1474
1474
54
1474
1474
1474
54
1474
1474
54
1474
1474
1474
1474
54
1474
1474
1474
1474
54
1474
1474
54
1474
1474
1474
1474
54
1474
1474
1474
1474
54
1474
1474
54
1474
1474
1474
54
1474
54
1474
1474
54
1474
1474
1474
1474
1474
1474
1474
1474
1474
1474
1474
1474
1474
1474
1474
1474
1474
1474
54
1474
1474
1474
1474
1474
1474
1474
1474
1474
54
1474
1474
1474
1474
1474
1474
1182
54
442
100
525
54
54
100
128
54
92
100
54
100
105
92
100
54
100
54
139
54
155
155
54
107
155
54
388
1474
347
54
117
54
54
54
54
117
54
54
54
54
55
66
55
1356
1474
1474
54
1474
1474
54
1474
1474
1474
54
1474
1474
1474
1474
1474
54
1474
1474
1474
1474
1474
1474
54
1474
1474
1474
1474
1474
1474
1474
1474
1474
1474
1474
1474
1474
54
1474
1474
1474
1474
1474
1474
1474
1474
1474
1474
1474
1474
54
1474
1474
1474
1474
1474
54
1474
1474
1474
54
1474
1474
1474
1474
1474
1474
1474
1474
54
1474
1474
1474
1474
1474
54
1474
1474
1474
1474
54
1474
1474
1474
54
1474
54
1474
1474
1474
54
1474
1474
1474
54
1474
1474
1474
54
1474
1474
1474
1474
1474
54
1474
1474
1474
54
1474
1474
54
1474
1474
1474
1474
54
1474
1474
1474
54
1474
1474
1474
1474
1474
54
1474
1474
1474
1474
54
1474
54
1474
1474
54
1474
1474
1474
1474
54
1474
1474
54
1474
1474
66
1474
1474
1474
1474
1474
1474
54
1474
1474
1474
1474
1474
1474
54
1474
1474
1474
1474
1474
54
1474
1474
1474
54
1474
1474
1474
54
1474
1474
54
1474
1474
1474
54
1474
1474
1474
54
1474
1474
1474
1474
1474
1474
1474
1474
1474
54
1474
1474
1474
1474
1474
54
1474
1474
1474
1474
1474
54
1474
1474
1474
54
1474
1474
1474
1474
1474
1474
1474
1474
54
1474
1474
1474
1474
1474
1474
54
1474
1474
1474
1474
1474
54
1474
1474
1474
54
1474
1474
1474
1474
54
1474
1474
1474
1474
54
1474
1474
54
1474
1474
1474
54
1474
1474
54
1474
1474
54
1474
1474
1474
54
1474
1474
54
1474
1474
1474
1474
1474
1474
54
1474
1474
1474
1474
1474
54
1474
1474
1474
54
1474
1474
1474
1474
54
1474
1474
54
1474
1474
1474
54
1474
1474
1474
1474
1474
1474
54
1474
1474
1474
1474
54
1474
1474
1474
54
1474
1474
1474
1474
1474
1474
1474
54
1474
1474
1474
54
1474
1474
1474
54
1474
1474
1474
54
1474
1474
54
1474
1474
1474
54
1474
1474
54
1474
1474
54
1474
1474
54
1474
1474
1474
54
1474
1474
1474
1474
54
1474
1474
1474
1474
1474
1474
54
1474
1474
1474
1474
1474
54
1474
1474
1474
1474
1474
1474
1474
1474
54
1474
1474
1474
1474
1474
54
1474
1474
1474
54
1474
1474
1474
54
1474
1474
54
1474
1474
1474
1474
1474
1474
1474
1474
1474
1474
1474
1474
1474
1474
1474
1474
1474
1474
54
1474
54
1474
1474
1474
1474
1474
1474
54
1474
1474
1474
1474
1474
54
1474
1474
1474
1474
1474
1474
1474
54
1474
1474
1474
1474
1474
54
1474
1474
1474
54
1474
1474
1474
1474
1474
54
1474
1474
1474
1474
54
1474
54
1474
1474
54
1474
1474
1474
1474
1474
1474
1474
1474
1474
1474
1474
54
1474
1474
1474
1474
1474
1474
1474
1474
1474
1474
54
1474
1474
1474
1474
1474
1474
1474
1474
1474
1474
1474
1474
1474
54
1474
1474
1474
1474
1474
1474
1474
1474
1474
1474
54
1474
1474
1474
1474
1474
1474
1474
54
1474
1474
1474
1474
1474
1474
54
1474
1474
54
1474
1474
54
1474
1474
1474
54
1474
1474
54
1474
1474
1474
1474
1474
1474
1474
1474
1474
1474
1474
1474
54
1474
1474
54
1474
1474
1474
1474
1474
54
1474
1474
1474
1474
1474
1474
1474
1474
54
1474
1474
1474
1474
1474
54
1474
1474
1474
1474
54
1474
1474
1474
54
1474
1474
1474
54
1474
1474
54
1474
1474
1474
54
1474
1474
54
1474
1474
1474
1474
1474
1474
1474
1474
1474
54
1474
1474
1474
1474
1474
54
1474
1474
1474
1474
54
1474
1474
1474
1474
1474
1474
54
1474
1474
1474
1474
1474
1474
54
1474
1474
1474
54
1474
1474
1474
54
1474
54
1474
1474
1474
1474
1474
54
1474
1474
1474
54
1474
1474
1474
1474
1474
1474
1474
54
1474
1474
1474
54
1474
1474
54
1474
1474
54
1474
1474
1474
1474
1474
1474
54
1474
1474
1474
1474
54
1474
1474
1474
1474
54
1474
1474
1474
1474
54
1474
1474
54
1474
1474
54
1474
1474
1474
54
1474
1474
54
1474
1474
1474
1474
1474
1474
54
1474
1474
1474
54
1474
1474
54
1474
1474
1474
54
1474
1474
1474
54
1474
1474
1474
54
1474
1474
1474
54
1474
1474
1474
1474
54
1474
1474
54
1474
1474
1474
1474
54
1474
1474
1474
54
1474
1474
54
1474
1474
1474
54
1474
1474
1474
1474
1474
54
1474
1474
1474
1474
54
1474
1474
1474
1474
1474
66
66
66
66
66
1474
1474
1474
1474
66
66
66
66
1474
1474
66
66
1474
1474
1474
66
66
66
1474
1474
66
66
1474
1474
1474
1474
66
66
66
66
1474
1474
66
66
1474
1474
1474
66
66
74
1474
1474
74
74
1474
1474
1474
74
82
82
1474
1474
1474
1474
82
82
82
82
1474
1474
82
82
1474
1474
1474
82
82
82
1474
1474
82
82
1474
82
1474
1474
1474
1474
1474
1474
1474
1474
82
82
90
90
90
90
90
90
1474
1474
90
90
1474
1474
1474
1474
1474
1474
90
90
90
90
90
90
1474
1474
1474
1474
1474
90
90
82
82
82
1474
1474
1474
1474
1474
82
82
82
82
82
1474
1474
1474
1474
82
82
82
82
1474
1474
1474
82
82
82
1474
1474
82
82
1474
1474
1474
1474
74
74
74
66
1474
1474
1474
1474
66
66
66
66
1474
1474
1474
1474
66
66
66
66
1474
1474
1474
1474
1474
66
66
54
54
1474
1474
54
1474
1474
1474
1474
54
1474
1474
54
1474
54
1474
1474
1474
1474
1474
1474
1474
1474
54
1474
1474
1474
1474
1474
1474
1474
1474
54
1474
1474
1474
1474
54
1474
1474
1474
1474
1474
1474
1474
54
1474
1474
1474
1474
1474
54
1474
1474
1474
1474
54
1474
1474
1474
54
1474
1474
1474
54
1474
1474
1474
54
1474
1474
1474
1474
1474
54
1474
1474
1474
54
1474
1474
1474
1474
1474
1474
54
1474
1474
1474
1474
1474
1474
54
1474
54
1474
1474
1474
1474
54
1474
1474
1474
54
1474
1474
1474
1474
1474
54
1474
1474
1474
1474
54
1474
1474
1474
54
1474
1474
1474
54
1474
1474
1474
1474
54
1474
1474
1474
1474
54
1474
1474
1474
54
1474
1474
1474
54
1474
1474
1474
54
1474
1474
54
1474
1474
1474
54
1474
1474
54
1474
1474
1474
54
1474
1474
54
1474
1474
1474
54
1474
1474
54
1474
1474
1474
54
1474
1474
1474
1474
54
1474
1474
1474
54
1474
1474
1474
54
1474
1474
54
1474
1474
1474
54
1474
1474
1474
1474
1474
1474
54
1474
1474
1474
1474
1474
54
1474
1474
54
1474
54
1474
1474
1474
1474
1474
1474
54
1474
1474
1474
1474
54
1474
1474
1474
1474
1474
1474
1474
1474
1474
1474
1474
1474
1474
54
1474
1474
1474
1474
1474
1474
1474
1474
1474
1474
1474
1474
1474
1474
1474
1474
1474
1474
1474
54
1474
1474
1474
54
1474
1474
1474
1474
1474
1474
1474
54
1474
1474
1474
54
1474
54
1474
1474
54
1474
1474
1474
1474
54
1474
1474
1474
1474
54
1474
1474
54
1474
1474
54
1474
1474
54
1474
1474
54
1474
1474
54
1474
1474
54
1474
1474
1474
54
1474
54
1474
1474
54
1474
1474
54
1474
1474
54
1474
1474
1474
1474
54
1474
1474
54
1474
1474
1474
54
1474
1474
54
1474
1474
1474
1474
54
1474
1474
54
1474
1474
54
1474
1474
54
1474
1474
1474
54
1474
1474
1474
1474
54
1474
1474
54
1474
1474
1474
1474
1474
54
1474
1474
1474
1474
1474
1474
54
1474
1474
1474
1474
54
1474
1474
54
1474
1474
54
1474
1474
54
1474
1474
1474
1474
1474
54
1474
1474
1474
1474
54
1474
1474
1474
1474
54
1474
1474
54
1474
1474
1474
1474
54
1474
1474
54
1474
1474
54
1474
1474
1474
1474
1474
54
1474
1474
1474
1474
54
1474
1474
54
1474
1474
1474
54
1474
1474
54
1474
1474
1474
54
1474
1474
1474
1474
1474
54
1474
1474
1474
1474
54
1474
1474
54
1474
1474
1474
54
1474
1474
54
1474
1474
1474
1474
54
1474
1474
1474
54
1474
1474
54
1474
1474
1474
1474
1474
54
1474
1474
1474
1474
54
1474
1474
54
1474
1474
1474
54
1474
1474
54
1474
1474
1474
1474
54
1474
1474
1474
54
1474
1474
54
1474
1474
1474
54
1474
1474
54
1474
1474
54
1474
1474
1474
54
1474
1474
54
1474
1474
1474
54
1474
1474
54
1474
1474
1474
54
1474
1474
1474
1474
1474
1474
54
1474
1474
1474
1474
1474
1474
1474
1474
54
1474
1474
1474
1474
1474
54
1474
1474
54
1474
1474
1474
1474
1474
54
1474
1474
1474
1474
54
1474
1474
1474
54
1474
1474
1474
54
1474
1474
1474
54
1474
1474
54
1474
1474
1474
54
1474
1474
1474
54
1474
1474
54
1474
1474
54
1474
1474
1474
54
1474
1474
54
1474
1474
1474
1474
1474
54
1474
1474
1474
1474
1474
1474
1474
1474
1474
54
1474
1474
1474
1474
1474
1474
54
1474
1474
1474
1474
1474
54
1474
1474
1474
1474
1474
1474
54
1474
1474
1474
1474
1474
1474
54
1474
1474
1474
1474
1474
54
1474
1474
1474
1474
1474
1474
54
1474
1474
1474
1474
1474
54
1474
1474
1474
54
1474
1474
54
1474
1474
1474
54
1474
1474
54
1474
1474
1474
54
1474
1474
54
1474
1474
54
1474
1474
1474
54
1474
1474
1474
54
1474
1474
1474
54
1474
1474
1474
54
1474
1474
54
1474
1474
1474
54
1474
1474
1474
1474
54
1474
1474
54
1474
1474
54
1474
1474
1474
54
1474
1474
54
1474
1474
1474
1474
1474
1474
54
1474
1474
1474
54
1474
1474
1474
54
1474
1474
54
1474
1474
1474
54
1474
1474
54
1474
1474
1474
54
1474
1474
54
1474
1474
1474
54
1474
1474
54
1474
1474
908
54
55
66
55
66
117
54
54
54
587
54
251
54
55
66
1353
1474
1474
54
1474
1474
54
1474
1474
54
1474
1474
54
1474
1474
1474
1474
54
1474
1474
1474
54
1474
1474
1474
54
1474
1474
1474
1474
54
1474
1474
1474
1474
1474
1474
1474
1474
54
1474
1474
1474
54
1474
1474
1474
1474
1474
1474
1474
1474
54
1474
1474
1474
54
1474
1474
54
1474
1474
54
1474
1474
54
1474
1474
54
1474
1474
1474
1474
54
1474
1474
54
1474
1474
1474
1474
54
1474
1474
1474
1474
54
1474
1474
1474
54
1474
1474
1474
1474
54
1474
1474
54
1474
1474
1474
1474
54
1474
1474
54
1474
1474
1474
54
1474
1474
54
1474
1474
1474
1474
54
1474
1474
1474
1474
54
1474
1474
1474
1474
1474
54
1474
1474
54
1474
1474
1474
54
1474
1474
1474
1474
1474
54
1474
1474
54
1474
1474
1474
1474
1474
54
1474
1474
1474
1474
54
1474
1474
1474
54
1474
54
1474
1474
54
1474
1474
1474
1474
54
1474
1474
54
1474
1474
1474
54
1474
1474
1474
1474
54
1474
1474
1474
1474
1474
54
1474
1474
1474
1474
1474
1474
54
1474
1474
1474
1474
54
1474
1474
54
1474
1474
54
1474
1474
1474
54
1474
1474
54
1474
1474
54
1474
1474
1474
54
1474
1474
54
1474
1474
1474
1474
54
1474
1474
1474
54
1474
1474
1474
1474
54
1474
1474
1474
1474
1474
1474
1474
54
1474
1474
1474
1474
54
1474
1474
54
1474
1474
54
1474
1474
54
1474
1474
54
1474
1474
1474
54
1474
1474
1474
1474
1474
1474
1474
1474
54
1474
1474
1474
54
1474
1474
1474
54
1474
1474
54
1474
1474
1474
54
1474
1474
153
54
1356
1474
1474
54
1474
1474
1474
54
1474
1474
54
1474
54
1474
1474
1474
1474
54
1474
1474
1474
1474
1474
1474
54
1474
1474
1474
1474
54
1474
1474
1474
54
1474
1474
54
1474
54
1474
1474
1474
54
1474
54
1474
1474
54
1474
1474
54
1474
1474
54
1474
1474
1474
54
1474
1474
54
1474
1474
54
1474
1474
54
1474
1474
54
1474
54
1474
1474
54
1474
1474
1474
1474
1474
1474
54
1474
1474
1474
54
1474
1474
54
1474
1474
1474
1474
1474
54
1474
1474
1474
1474
54
1474
1474
1474
54
1474
54
1474
1474
54
1474
1474
1474
1474
1474
54
1474
1474
1474
54
1474
1474
1474
1474
54
1474
1474
1474
54
1474
1474
1474
1474
1474
1474
54
1474
1474
1474
54
1474
1474
1474
54
1474
1474
1474
1474
1474
54
1474
1474
54
1474
1474
1474
54
1474
1474
54
1474
54
1474
1474
1474
54
1474
1474
54
1474
1474
54
1474
1474
54
1474
1474
1474
54
1474
1474
1474
1474
54
1474
1474
1474
1474
1474
54
1474
1474
1474
1474
1474
1474
1474
54
1474
1474
54
1474
1474
1474
1474
1474
54
1474
1474
1474
1474
1474
54
1474
1474
1474
1474
54
1474
1474
1474
1474
1474
54
1474
1474
1474
1474
1474
1474
1474
54
1474
1474
1474
1474
1474
1474
1474
1474
1474
54
1474
1474
1474
1474
1474
1474
54
1474
54
1474
1474
1474
54
1474
1474
1474
1474
1474
54
1474
1474
1474
54
1474
1474
54
1474
1474
54
1474
1474
1474
54
1474
1474
54
1474
1474
1474
1474
54
1474
1474
1474
54
1474
1474
54
1474
1474
1474
1474
54
1474
1474
1474
1474
54
1474
1474
1474
1474
54
1474
1474
1474
54
1474
1474
54
1474
1474
54
1474
1474
1474
1474
1474
1474
1474
54
1474
1474
1474
1474
54
1474
54
1474
1474
1474
1474
54
1474
1474
54
1474
1474
54
1474
1474
54
1474
1474
1474
1474
54
1474
1474
54
1474
1474
1474
54
1474
1474
54
1474
1474
1474
54
1474
1474
1474
1474
54
1474
1474
1474
1474
1474
1474
1474
54
1474
1474
1474
1474
1474
54
1474
1474
1474
1474
1474
54
1474
1474
1474
1474
1474
54
1474
1474
1474
1474
1474
54
1474
1474
1474
1474
1474
1474
1474
1474
1474
1474
1474
1474
1474
54
1474
1474
1474
1474
1474
1474
54
1474
1474
1474
1474
54
1474
1474
1474
54
1474
1474
1474
1474
1474
54
1474
1474
1474
54
1474
1474
1474
54
1474
1474
1474
1474
54
1474
1474
1474
1474
1474
1474
1474
1474
54
1474
1474
1474
1474
1474
54
1474
1474
1474
1474
54
1474
1474
54
1474
1474
1474
54
1474
1474
54
1474
1474
1474
1474
54
1474
1474
1474
1474
54
1474
1474
1474
1474
54
1474
1474
1474
54
1474
54
1474
1474
1474
54
1474
1474
1474
54
1474
1474
54
1474
1474
1474
1474
54
1474
1474
1474
54
1474
1474
1474
54
1474
1474
1474
54
1474
1474
54
1474
1474
54
1474
1474
1474
54
1474
1474
1474
54
1474
1474
54
1474
1474
1474
54
1474
1474
1474
1474
54
1474
1474
54
1474
1474
1474
1474
1474
1474
54
1474
1474
1474
1474
1474
54
1474
1474
1474
1474
1474
1474
1474
1474
1474
1474
1474
54
1474
1474
1474
1474
54
1474
1474
1474
1474
1474
1474
1474
1474
1474
1474
1474
1474
1474
54
1474
1474
1474
1474
1474
1474
1474
54
1474
1474
1474
1474
54
1474
1474
1474
1474
54
1474
1474
1474
1474
54
1474
1474
1474
54
1474
1474
1474
54
1474
1474
1474
54
1474
1474
54
1474
1474
1474
1474
1474
54
1474
1474
1474
1474
1474
1474
1474
54
1474
54
1474
1474
1474
54
1474
1474
1474
1474
1474
1474
1474
54
1474
1474
1474
1474
54
1474
1474
54
1474
1474
1474
1474
1474
54
1474
1474
54
1474
1474
54
1474
1474
54
1474
1474
54
1474
1474
1474
54
1474
1474
1474
54
1474
54
1474
1474
1474
1474
1474
1474
1474
54
1474
1474
1474
54
1474
1474
54
1474
1474
54
1474
1474
54
1474
1474
54
1474
1474
1474
1474
54
1474
1474
1474
1474
54
1474
1474
1474
1474
1474
1474
54
1474
1474
1474
1474
1474
54
1474
1474
54
1474
1474
1474
1474
54
1474
1474
54
1474
1474
54
1474
1474
54
1474
1474
1474
54
1474
1474
1474
54
1474
54
1474
1474
1474
1474
1474
54
1474
1474
1474
1474
1474
1474
54
1474
1474
54
1474
1474
54
1474
1474
54
1474
1474
54
1474
1474
54
1474
1474
1474
54
1474
1474
1474
1474
54
1474
1474
54
1474
1474
1474
1474
1474
54
1474
1474
1474
1474
1474
54
1474
1474
54
1474
1474
1474
1474
1474
1474
54
1474
1474
1474
54
1474
1474
54
1474
1474
54
1474
1474
54
1474
54
1474
1474
1474
1474
54
1474
1474
1474
1474
1474
54
1474
1474
1474
54
1474
1474
1474
54
1474
54
1474
1474
1474
1474
54
1474
1474
54
1474
1474
54
1474
1474
1474
1474
1474
1474
1474
1474
1474
1474
1474
1474
54
1474
1474
54
1474
1474
1474
54
1474
1474
1474
1474
1474
1474
54
1474
54
1474
1474
1474
1474
54
1474
1474
1474
1474
1474
54
1474
1474
1474
1474
54
1474
1474
1474
1474
54
1474
1474
54
1474
54
1474
1474
54
1474
1474
1474
1474
1474
54
1474
1474
54
1474
1474
1474
54
1474
1474
54
1474
1474
1474
1474
54
1474
1474
54
1474
1474
54
1474
1474
54
1474
1474
1474
54
1474
54
1474
1474
1474
1474
54
1474
1474
1474
1474
1474
1474
54
1474
1474
1474
1474
1474
1474
1474
1474
1474
1474
54
1474
1474
1474
1474
1474
54
1474
1474
1474
1474
54
1474
54
1474
1474
54
1474
1474
1474
1474
54
1474
1474
1474
54
1474
54
1474
1474
54
1474
1474
1474
54
1474
1474
1474
1474
1474
54
1474
1474
54
1474
1474
1474
1474
1474
1474
54
1474
1474
54
1474
1474
1474
54
1474
1474
54
1474
1474
54
1474
1474
1474
1474
1474
54
1474
1474
1474
1474
1474
1474
54
1474
1474
1474
1474
1474
54
1474
1474
1474
1474
54
1474
1474
1474
1474
54
1474
1474
1474
54
1474
1474
1474
1474
54
1474
1474
1474
1474
1474
1474
1474
54
1474
1474
1474
1474
54
1474
1474
1474
1474
1474
1474
54
1474
1474
1474
54
1474
1474
1474
1474
1474
1474
1474
54
1474
1474
1474
1474
1474
1474
1474
1474
1474
1474
1474
1474
1474
1474
1474
1474
1474
1474
1474
54
1474
1474
1474
1474
1474
1474
54
1474
1474
1474
1474
1474
1474
1474
1474
1474
1474
1474
1474
1474
1474
1474
54
1474
54
1474
1474
1474
1474
1474
1474
1474
1474
1474
1474
54
1474
1474
1474
1474
1474
1474
1474
1474
1474
1474
1474
1474
54
1474
1474
1474
1474
1474
54
1474
1474
1474
1474
1474
1474
1474
1474
1474
1474
54
1474
1474
1474
1474
1474
1474
54
1474
1474
1474
1474
1474
54
1474
1474
1474
1474
1474
1474
54
1474
1474
1474
1474
1474
1474
1474
1474
1474
1474
1474
1474
54
1474
1474
54
1474
1474
1474
1474
1474
1474
1474
1474
1474
1474
1474
54
1474
1474
1474
1474
1474
1474
54
1474
1474
54
1474
1474
1474
1474
1474
1474
54
1474
54
1474
1474
1474
1474
54
1474
1474
1474
1474
1474
1474
54
1474
1474
1474
54
1474
1474
1474
1474
1474
1474
54
1474
1474
1474
1474
1474
1474
1474
1474
54
1474
1474
1474
1351
54
55
54
66
55
66
66
54
571
54
1474
1474
72
54
180
296
1474
189
54
296
54
55
54
165
279
54
96
54
54
54
54
1356
54
1474
1474
54
1474
1474
1474
1474
54
1474
1474
54
1474
1474
54
1474
1474
1474
1474
1474
1474
1474
1474
1474
1474
54
1474
1474
1474
1474
1474
1474
54
1474
1474
1474
1474
1474
1474
54
1474
1474
1474
1474
1474
54
1474
1474
1474
1474
1474
1474
54
1474
1474
1474
1474
1474
54
1474
1474
1474
1474
1474
54
1474
1474
1474
1474
54
1474
1474
1474
1474
54
1474
1474
1474
1474
1474
54
1474
1474
1474
1474
1474
54
1474
1474
1474
1474
54
1474
1474
1474
1474
54
1474
54
1474
1474
1474
1474
1474
1474
1474
54
1474
1474
1474
54
1474
1474
1474
1474
1474
1474
1474
1474
1474
54
1474
1474
1474
1474
1474
1474
1474
1474
1474
1474
54
1474
54
1474
1474
1474
1474
1474
54
1474
54
1474
1474
1474
1474
1474
1474
1474
1474
1474
1474
1474
1474
54
1474
1474
54
1474
1474
1474
1474
1474
1474
1474
1474
1474
1474
1474
1474
54
1474
1474
1474
1474
1474
1474
1474
1474
1474
54
1474
1474
1474
1474
1474
1474
54
1474
1474
1474
1474
1474
54
1474
1474
1474
1474
1474
1474
1474
1474
1474
54
1474
1474
1474
1474
1474
1474
1474
1474
1474
1474
1474
1474
1474
1474
1474
1474
1474
1474
54
1474
1474
1474
54
1474
1474
1474
1474
1474
1474
54
1474
1474
1474
1474
1474
54
1474
1474
1474
1474
1474
1474
54
1474
1474
1474
54
1474
1474
54
1474
1474
54
1474
1474
1474
1474
54
1474
1474
54
1474
1474
1474
1474
1474
1474
54
1474
1474
1474
1474
1474
1474
1474
54
1474
1474
1474
1474
1474
1474
1474
1474
1474
54
1474
1474
1474
1474
1474
1474
1474
1474
54
1474
1474
1474
1474
1474
1474
54
1474
1474
1474
1474
1474
54
1474
1474
1474
1474
54
1474
1474
1474
1474
54
1474
1474
1474
54
1474
1474
1474
54
1474
1474
1474
1474
54
1474
1474
1474
54
1474
1474
1474
54
1474
1474
1474
1474
54
1474
1474
1474
1474
1474
1474
1474
1474
54
1474
1474
1474
1474
1474
1474
1474
54
1474
1474
1474
1474
1474
54
1474
1474
1474
1474
1474
1474
54
1474
1474
1474
1474
1474
1474
1474
54
1474
1474
1474
1474
1474
1474
1474
54
1474
1474
1474
1474
1474
1474
54
1474
1474
1474
1474
1474
54
1474
1474
1474
1474
54
1474
1474
1474
1474
1474
1474
1474
1474
54
1474
1474
1474
1474
1474
1474
1474
54
1474
1474
1474
1474
1474
54
1474
1474
1474
1474
1474
54
1474
1474
1474
1474
1474
1474
54
1474
1474
1474
54
1474
1474
1474
1474
1474
1474
54
1474
1474
1474
1474
1474
54
1474
1474
1474
1474
1474
54
1474
1474
1474
1474
54
1474
1474
1474
1474
54
1474
1474
1474
54
1474
1474
1474
1474
1474
1474
54
1474
1474
1474
1474
1474
1474
1474
1474
1474
54
1474
1474
1474
1474
1474
1474
1474
1474
1474
1474
1474
1474
54
1474
1474
54
1474
1474
1474
1474
1474
1474
1474
54
1474
1474
1474
54
1474
1474
1474
1474
1474
1474
54
1474
1474
54
1474
1474
1474
1474
1474
1474
1474
54
1474
1474
1474
1474
1474
1474
54
1474
1474
1474
1474
1474
54
1474
1474
1474
1474
54
1474
1474
1474
54
1474
54
1474
1474
1474
1474
1474
1474
1474
1474
1474
1474
1474
1474
54
1474
1474
1474
1474
1474
1474
54
1474
1474
1474
1474
1474
1474
1474
54
1474
1474
1474
1474
54
1474
1474
1474
1474
54
1474
1474
1474
1474
1474
1474
1474
1474
54
1474
1474
1474
1474
1474
1474
54
1474
1474
1474
1474
1474
54
1474
1474
1474
1474
1474
1474
54
1474
1474
1474
1474
1474
1474
54
1474
1474
1474
1474
1474
1474
1474
1474
1474
1474
1474
1474
1474
54
1474
1474
1474
1474
54
1474
1474
1474
1474
1474
54
1474
1474
1474
1474
54
1474
1474
1474
1474
1474
1474
1474
1474
1474
1474
1474
1474
1474
1474
1474
1474
1474
1474
1474
1474
1474
54
1474
1474
1474
1474
54
1474
1474
1474
1474
1474
1474
54
1474
1474
1474
1474
1474
1474
1474
1474
1474
54
1474
1474
1474
1474
1474
1474
1474
1474
1474
54
1474
54
1474
1474
54
1474
1474
1474
54
1474
1474
54
1474
54
1474
1474
1474
54
1474
1474
54
1474
1474
1474
54
1474
1474
54
1474
1474
1474
1474
54
1474
1474
54
1474
1474
54
1474
1474
1474
1474
54
1474
1474
1474
1474
54
1474
1474
1474
1474
1474
54
1474
1474
1474
1474
54
1474
1474
1474
54
1474
1474
1474
1474
54
1474
1474
1474
1474
54
1474
1474
1474
1474
1474
54
1474
1474
1474
54
1474
1474
1474
1474
54
1474
1474
1474
1474
54
1474
1474
1474
1474
1474
54
1474
1474
1474
1474
54
1474
1474
1474
54
1474
1474
1474
1474
1474
1474
54
1474
1474
1474
1474
1474
1474
1474
54
1474
1474
1474
1474
1474
1474
54
1474
1474
1474
1474
54
1474
1474
1474
1474
1474
1474
1474
1474
1474
54
1474
1474
1474
1474
1474
1474
54
1474
1474
1474
1474
1474
1474
54
1474
1474
1474
1474
1474
54
1474
1474
1474
1474
1474
54
1474
1474
1474
1474
1474
54
1474
1474
1474
1474
1474
54
1474
1474
1474
1474
1474
54
1474
1474
1474
1474
54
1474
1474
1474
1474
1474
54
1474
1474
1474
1474
54
1474
1474
1474
1474
1474
54
1474
1474
1474
1474
1474
54
1474
1474
1474
54
1474
1474
1474
1474
54
1474
1474
1474
1474
54
1474
1474
1474
1474
54
1474
1474
1474
1474
1474
54
1474
1474
1474
54
1474
1474
1474
1474
54
1474
1474
1474
1474
1474
54
1474
1474
1474
1474
1474
54
1474
1474
1474
1474
1474
54
1474
1474
1474
1474
1474
54
1474
1474
1474
1474
54
1474
1474
1474
1474
1474
54
1474
1474
1474
1474
1474
54
1474
1474
1474
1474
1474
54
1474
1474
1474
1474
66
66
66
66
1474
1474
1474
1474
66
66
66
66
1474
1474
1474
66
66
66
1474
1474
1474
1474
66
66
66
66
1474
1474
1474
1474
74
74
74
74
1474
1474
1474
1474
1474
74
74
74
74
74
1474
1474
1474
1474
74
74
74
74
1474
1474
1474
1474
1474
74
74
74
74
74
1474
74
1474
1474
1474
1474
74
74
74
74
1474
1474
1474
1474
1474
74
74
74
74
74
1474
1474
1474
1474
1474
74
74
74
74
74
1474
1474
1474
1474
1474
74
74
74
74
74
1474
1474
1474
1474
1474
74
74
74
74
74
1474
1474
1474
1474
1474
74
74
74
74
74
1474
1474
1474
1474
1474
1474
74
74
66
66
66
66
1474
1474
1474
1474
1474
66
66
66
66
66
1474
1474
1474
1474
1474
54
54
54
1474
1474
1474
1474
54
1474
1474
1474
1474
1474
54
1474
1474
1474
1474
1474
54
1474
1474
1474
1474
1474
54
1474
54
1474
1474
1474
54
1474
1474
1474
1474
1474
1474
1474
1474
54
1474
1474
1474
1474
1474
1474
54
1474
1474
54
1474
1474
1474
1474
1474
1474
54
1474
1474
1474
1474
1474
1474
1474
1474
1474
1474
1474
1474
54
1474
1474
1474
1474
1474
1474
1474
1474
1474
54
1474
1474
1474
1474
1474
1474
1474
54
1474
54
1474
1474
1474
1474
1474
1474
1474
1474
1474
1474
54
1474
1474
54
1474
1474
54
1474
1474
54
1474
1474
54
1474
1474
54
1474
1474
54
1474
1474
54
1474
1474
1474
54
1474
1474
54
1474
1474
1474
54
1474
1474
1474
54
1474
1474
1474
54
1474
1474
1474
54
1474
1474
1474
54
1474
1474
1474
1474
54
1474
1474
54
1474
1474
54
1474
1474
1474
1474
1474
1474
54
1474
1474
1474
1474
1474
1474
54
1474
1474
1474
1474
1474
54
1474
1474
1474
1474
1474
1474
1474
54
1474
1474
54
1474
1474
1474
1474
54
1474
1474
1474
1474
1474
54
1474
1474
1474
1474
1474
54
1474
1474
1474
1474
1474
54
1474
1474
1474
1474
1474
54
1474
1474
1474
1474
1474
54
1474
1474
1474
1474
1474
54
1474
1474
1474
1474
1474
54
1474
1474
1474
1474
1474
54
1474
1474
1474
1474
54
1474
1474
1474
1474
1474
1474
1474
1474
1474
1474
54
1474
1474
1474
1474
592
54
526
100
54
100
128
54
92
100
54
100
54
66
66
54
257
54
1474
1474
1424
54
345
107
104
96
348
110
96
54
92
54
92
54
54
54
388
1474
347
54
54
1353
1474
1474
54
1474
1474
1474
54
1474
1474
1474
1474
1474
54
1474
1474
1474
1474
1474
54
1474
1474
54
1474
1474
54
1474
1474
1474
1474
1474
1474
1474
54
1474
1474
1474
1474
1474
54
1474
1474
1474
1474
54
1474
1474
1474
54
1474
1474
1474
54
1474
1474
54
1474
1474
1474
54
1474
1474
54
1474
1474
1474
54
1474
1474
54
1474
1474
1474
54
1474
1474
54
1474
1474
1474
54
1474
1474
54
1474
1474
1474
1474
1474
1474
54
1474
1474
1474
1474
54
1474
1474
1474
54
1474
1474
1474
54
1474
1474
1474
1474
54
1474
54
1474
1474
1474
54
1474
1474
1474
1474
1474
54
1474
1474
1474
1474
54
1474
1474
54
1474
1474
1474
54
1474
1474
54
1474
1474
1474
54
1474
1474
54
1474
1474
1474
1474
1474
54
1474
1474
54
1474
54
1474
1474
1474
1474
1474
1474
1474
54
1474
1474
54
1474
1474
54
1474
1474
54
1474
1474
1474
54
1474
1474
1474
1474
54
1474
1474
1474
1474
1474
54
1474
1474
1474
54
1474
1474
1474
54
1474
1474
54
1474
54
1474
1474
1474
54
846
54
1356
54
1474
1474
54
1474
1474
54
1474
1474
54
1474
1474
1474
54
1474
1474
54
1474
1474
1474
54
1474
1474
1474
1474
1474
54
1474
1474
1474
1474
1474
54
1474
1474
54
1474
1474
1474
54
1474
1474
1474
1474
1474
54
1474
1474
54
1474
1474
1474
1474
54
1474
1474
1474
54
1474
1474
1474
1474
1474
54
1474
1474
1474
54
1474
1474
1474
1474
54
1474
54
1474
1474
54
1474
1474
1474
1474
1474
1474
1474
1474
1474
54
1474
1474
1474
1474
54
1474
1474
54
1474
1474
54
1474
1474
1474
1474
1474
1474
1474
1474
1474
54
1474
1474
1474
1474
54
1474
1474
1474
1474
54
1474
1474
1474
54
1474
54
1474
1474
1474
54
1474
1474
54
1474
1474
1474
54
1474
1474
1474
1474
1474
1474
54
1474
1474
1474
1474
1474
54
1474
1474
1474
54
1474
1474
1474
1474
1474
54
1474
1474
54
1474
1474
54
1474
1474
1474
1474
1474
54
1474
1474
1474
54
1474
1474
1474
54
1474
1474
54
1474
1474
1474
54
1474
1474
1474
1474
1474
1474
54
1474
54
1474
1474
1474
1474
54
1474
1474
1474
1474
54
1474
1474
1474
1474
54
1474
1474
1474
54
1474
1474
1474
54
1474
1474
54
1474
1474
1474
54
1474
54
1474
1474
54
1474
1474
1474
54
1474
54
1474
1474
1474
1474
1474
54
1474
1474
1474
54
1474
1474
54
1474
1474
1474
54
1474
1474
54
1474
54
1474
1474
1474
54
1474
1474
1474
1474
1474
54
1474
1474
1474
54
1474
1474
54
1474
1474
54
1474
1474
54
1474
1474
1474
1474
54
1474
1474
1474
1474
1474
1474
1474
54
1474
1474
1474
1474
54
1474
1474
54
1474
1474
1474
1474
1474
54
1474
1474
54
1474
1474
1474
1474
1474
1474
1474
1474
54
1474
1474
1474
1474
54
1474
1474
1474
1474
54
1474
1474
1474
54
1474
1474
54
1474
1474
54
1474
1474
1474
1474
54
1474
1474
54
1474
1474
1474
54
1474
54
1474
1474
1474
54
1474
1474
54
1474
1474
1474
1474
54
1474
1474
1474
1474
54
1474
1474
1474
1474
1474
1474
54
1474
1474
54
1474
1474
54
1474
1474
1474
54
1474
1474
1474
54
1474
1474
1474
54
1474
1474
1474
1474
1474
1474
54
1474
1474
1474
54
1474
1474
54
1474
1474
1474
1474
54
1474
1474
1474
1474
54
1474
1474
54
1474
1474
1474
54
1474
1474
1474
1474
1474
1474
54
1474
1474
54
1474
1474
1474
54
1474
54
1474
1474
1474
54
1474
1474
54
1474
54
1474
1474
1474
1474
54
1474
1474
1474
54
1474
1474
54
1474
1474
1474
54
1474
1474
54
1474
1474
54
1474
1474
1474
1474
1474
1474
1474
1474
1474
1474
1474
1474
54
1474
1474
1474
1474
54
1474
1474
1474
1474
1474
1474
1474
1474
54
1474
1474
1474
1474
54
1474
1474
1474
1474
54
1474
1474
54
1474
1474
1474
1474
54
1474
1474
1474
54
1474
1474
54
1474
1474
1474
54
1474
1474
54
1474
1474
1474
54
1474
54
1474
1474
54
1474
1474
1474
1474
54
1474
1474
1474
1474
54
1474
1474
1474
1474
54
1474
1474
1474
1474
1474
54
1474
1474
1474
1474
54
1474
1474
1474
54
1474
1474
54
1474
1474
1474
54
1474
54
1474
1474
1474
1474
54
1474
1474
1474
54
1474
1474
54
1474
1474
1474
54
1474
1474
1474
1474
54
1474
1474
1474
1474
1474
54
1474
1474
1474
1474
54
1474
54
1474
1474
54
1474
1474
54
1474
1474
54
1474
1474
1474
54
1474
1474
1474
1474
1474
1474
54
1474
54
1474
1474
1474
1474
1474
1474
1474
1474
1474
1474
1474
1474
1474
1474
1474
1474
1474
1474
54
1474
1474
1474
1474
1474
1474
1474
1474
54
1474
1474
1474
1474
1474
1474
1474
1474
1474
54
1474
1474
1474
54
1474
1474
1474
1474
1474
1474
1474
1474
1474
1474
54
1474
1474
1474
1474
1474
54
1474
54
1474
1474
1474
54
1474
1474
54
1474
1474
1474
1474
1474
1474
54
1474
54
1474
1474
1474
1474
1474
1474
1474
54
1474
1474
1474
54
1474
1474
1474
1474
1474
1474
1474
1474
1474
54
1474
1474
1474
1474
1474
1474
54
1474
1474
54
1474
319
54
55
66
55
66
443
54
128
92
100
54
100
54
54
66
55
54
54
66
54
252
66
54
1474
1474
219
54
180
296
1060
55
66
54
773
54
100
54
85
54
54
54
54
107
155
54
55
66
325
100
54
54
100
128
54
92
100
54
100
54
55
66
55
66
139
54
155
155
54
526
100
54
54
100
128
54
92
100
54
100
54
55
66
55
66
55
66
54
54
55
54
122
54
120
54
388
1474
347
165
280
54
96
54
54
55
66
54
54
440
100
54
54
100
128
54
92
100
54
100
54
85
54
55
66
54
54
55
66
55
66
507
54
128
92
100
54
100
54
54
107
54
155
54
55
66
55
66
55
66
55
66
55
66
117
54
54
54
54
54
139
54
155
55
155
66
54
117
54
54
54
54
117
54
54
54
54
54
66
66
54
251
54
54
54
1474
1474
110
1296
54
180
54
105
1474
1474
1474
1474
54
1474
456
54
54
305
100
172
54
54
100
54
54
55
130
242
54
225
100
54
100
54
66
513
54
54
54
55
54
440
100
508
54
54
100
128
54
92
100
54
100
105
92
100
54
100
54
55
66
54
165
54
279
54
96
54
66
66
54
571
388
1474
347
54
1474
1474
72
54
180
54
296
977
296
117
54
54
54
54
54
55
66
55
55
66
66
54
107
155
54
55
66
117
54
54
54
54
117
54
54
54
54
507
100
54
100
128
54
92
100
54
100
54
55
66
430
517
218
100
54
54
54
54
100
128
92
100
54
100
105
92
100
54
100
134
54
1474
1474
179
100
54
100
54
54
436
128
92
100
54
100
54
55
66
55
66
85
54
54
449
494
54
54
128
92
100
54
100
139
105
92
100
54
100
54
54
54
54
54
54
54
54
155
155
54
